/*--------------------------------*- C++ -*----------------------------------*\
| =========                 |                                                 |
| \\      /  F ield         | OpenFOAM: The Open Source CFD Toolbox           |
|  \\    /   O peration     | Version:  2206                                  |
|   \\  /    A nd           | Website:  www.openfoam.com                      |
|    \\/     M anipulation  |                                                 |
\*---------------------------------------------------------------------------*/
FoamFile
{
    version     2.0;
    format      ascii;
    arch        "LSB;label=32;scalar=64";
    note        "nPoints:3184  nCells:1396  nFaces:5779  nInternalFaces:2597";
    class       labelList;
    location    "constant/polyMesh";
    object      neighbour;
}
// * * * * * * * * * * * * * * * * * * * * * * * * * * * * * * * * * * * * * //


2597
(
1
14
56
2
15
3
16
4
17
5
18
6
19
7
20
8
21
9
22
10
23
11
24
12
25
13
26
27
122
15
28
57
16
29
17
30
18
31
19
32
20
33
21
34
22
35
23
36
24
37
25
38
26
39
27
40
41
136
29
42
58
30
43
31
44
32
45
33
46
34
47
35
48
36
49
37
50
38
51
39
52
40
53
41
54
55
150
43
1010
44
45
46
47
48
49
50
51
52
53
54
55
955
57
59
58
60
61
1010
60
62
61
63
64
1008
63
65
64
66
67
1006
66
69
67
70
71
1004
69
72
70
73
71
74
75
1002
73
76
74
77
75
78
79
1000
77
80
78
81
79
82
83
998
81
85
82
86
83
87
88
996
85
89
86
90
87
91
88
92
93
994
90
94
91
95
92
96
93
97
98
992
95
100
96
101
97
102
98
103
104
990
100
105
101
106
102
107
103
108
104
109
110
988
106
112
107
113
108
114
109
115
110
116
117
986
112
1298
113
1312
114
1326
115
1340
116
1354
117
1368
984
1382
119
132
120
133
121
134
135
164
123
136
124
137
125
138
126
139
127
140
128
141
129
142
130
143
131
144
132
145
133
146
134
147
135
148
149
178
137
150
138
151
139
152
140
153
141
154
142
155
143
156
144
157
145
158
146
159
147
160
148
161
149
162
163
192
151
955
152
956
153
957
154
958
155
959
156
960
157
961
158
962
159
963
160
964
161
965
162
966
163
967
206
968
165
178
166
179
167
180
168
181
169
182
170
183
171
184
172
185
173
186
174
187
175
188
176
189
177
190
191
275
179
192
180
193
181
194
182
195
183
196
184
197
185
198
186
199
187
200
188
201
189
202
190
203
191
204
205
274
193
206
194
207
195
208
196
209
197
210
198
211
199
212
200
213
201
214
202
215
203
216
204
217
205
218
219
273
207
939
208
940
209
941
210
942
211
943
212
944
213
945
214
946
215
947
216
948
217
949
218
950
219
952
272
954
221
224
318
911
222
225
304
223
226
290
227
276
225
228
913
226
229
227
230
231
229
232
915
230
233
231
234
235
233
236
917
234
237
235
238
239
237
240
919
238
241
239
242
243
241
244
921
242
245
243
246
247
245
248
923
246
249
247
250
251
249
252
925
250
253
251
254
255
253
256
927
254
257
255
258
259
257
260
929
258
261
259
262
263
261
264
931
262
265
263
266
267
265
268
933
266
269
267
270
271
269
272
935
270
273
271
274
275
273
937
274
275
277
290
278
291
279
292
280
293
281
294
282
295
283
296
284
297
285
298
286
299
287
300
288
301
289
302
303
708
291
304
292
305
293
306
294
307
295
308
296
309
297
310
298
311
299
312
300
313
301
314
302
315
303
316
317
707
305
318
306
319
307
320
308
321
309
322
310
323
311
324
312
325
313
326
314
327
315
328
316
329
317
330
331
706
319
910
320
908
321
906
322
904
323
902
324
900
325
898
326
896
327
894
328
892
329
890
330
888
331
886
705
884
334
334
336
337
336
339
337
340
341
339
827
340
841
341
855
869
343
356
344
357
345
358
346
359
347
360
361
628
349
362
704
350
363
351
364
352
365
353
366
354
367
355
368
356
369
357
370
358
371
359
372
360
373
361
374
375
614
363
376
703
364
377
365
378
366
379
367
380
368
381
369
382
370
383
371
384
372
385
373
386
374
387
375
388
389
600
377
390
702
378
391
379
392
380
393
381
394
382
395
383
396
384
397
385
398
386
399
387
400
388
401
389
402
403
586
391
404
701
392
405
393
406
394
407
395
408
396
409
397
410
398
411
399
412
400
413
401
414
402
415
403
416
417
572
405
418
700
406
419
407
420
408
421
409
422
410
423
411
424
412
425
413
426
414
427
415
428
416
429
417
430
431
558
419
432
699
420
433
421
434
422
435
423
436
424
437
425
438
426
439
427
440
428
441
429
442
430
443
431
444
445
544
433
446
698
434
447
435
448
436
449
437
450
438
451
439
452
440
453
441
454
442
455
443
456
444
457
445
458
459
530
447
460
697
448
461
449
462
450
463
451
464
452
465
453
466
454
467
455
468
456
469
457
470
458
471
459
472
473
516
461
474
696
462
475
463
476
464
477
465
478
466
479
467
480
468
481
469
482
470
483
471
484
472
485
473
486
487
502
475
695
476
477
478
479
480
481
482
483
484
485
486
487
488
489
502
490
503
491
504
492
505
493
506
494
507
495
508
496
509
497
510
498
511
499
512
500
513
501
514
515
1176
503
516
504
517
505
518
506
519
507
520
508
521
509
522
510
523
511
524
512
525
513
526
514
527
515
528
529
1162
517
530
518
531
519
532
520
533
521
534
522
535
523
536
524
537
525
538
526
539
527
540
528
541
529
542
543
1148
531
544
532
545
533
546
534
547
535
548
536
549
537
550
538
551
539
552
540
553
541
554
542
555
543
556
557
1134
545
558
546
559
547
560
548
561
549
562
550
563
551
564
552
565
553
566
554
567
555
568
556
569
557
570
571
1120
559
572
560
573
561
574
562
575
563
576
564
577
565
578
566
579
567
580
568
581
569
582
570
583
571
584
585
1106
573
586
574
587
575
588
576
589
577
590
578
591
579
592
580
593
581
594
582
595
583
596
584
597
585
598
599
1092
587
600
588
601
589
602
590
603
591
604
592
605
593
606
594
607
595
608
596
609
597
610
598
611
599
612
613
1078
601
614
602
615
603
616
604
617
605
618
606
619
607
620
608
621
609
622
610
623
611
624
612
625
613
626
627
1064
615
628
616
629
617
630
618
631
619
632
620
633
621
634
622
635
623
636
624
637
625
638
626
639
627
640
641
1050
629
630
631
632
633
634
642
635
643
636
644
637
645
638
646
639
647
640
648
641
649
650
1036
643
644
645
646
647
648
649
650
1022
652
653
654
654
657
655
658
656
659
660
658
663
659
664
660
665
661
666
662
667
668
664
670
665
671
666
672
667
673
668
674
669
675
676
671
678
672
679
673
680
674
681
675
682
676
683
677
684
685
679
686
680
687
681
688
682
689
683
690
684
691
685
692
693
687
695
688
696
689
697
690
698
691
699
692
700
693
701
694
702
703
696
697
698
699
700
701
702
703
704
706
711
870
707
712
708
713
709
714
710
715
716
712
719
871
713
720
714
721
715
722
716
723
717
724
718
725
726
720
728
872
721
729
722
730
723
731
724
732
725
733
726
734
727
735
736
729
738
873
730
739
731
740
732
741
733
742
734
743
735
744
736
745
737
746
747
739
749
874
740
750
741
751
742
752
743
753
744
754
745
755
746
756
747
757
748
758
759
750
761
875
751
762
752
763
753
764
754
765
755
766
756
767
757
768
758
769
759
770
760
771
772
762
774
876
763
775
764
776
765
777
766
778
767
779
768
780
769
781
770
782
771
783
772
784
773
785
786
775
787
877
776
788
777
789
778
790
779
791
780
792
781
793
782
794
783
795
784
796
785
797
786
798
799
788
800
878
789
801
790
802
791
803
792
804
793
805
794
806
795
807
796
808
797
809
798
810
799
811
812
801
814
879
802
815
803
816
804
817
805
818
806
819
807
820
808
821
809
822
810
823
811
824
812
825
813
826
827
815
828
880
816
829
817
830
818
831
819
832
820
833
821
834
822
835
823
836
824
837
825
838
826
839
827
840
841
829
842
881
830
843
831
844
832
845
833
846
834
847
835
848
836
849
837
850
838
851
839
852
840
853
841
854
855
843
856
882
844
857
845
858
846
859
847
860
848
861
849
862
850
863
851
864
852
865
853
866
854
867
855
868
869
857
858
859
860
861
862
863
864
865
866
867
868
869
871
884
872
873
874
875
876
877
878
879
880
881
882
884
885
886
886
887
888
888
889
890
890
891
892
892
893
894
894
895
896
896
897
898
898
899
900
900
901
902
902
903
904
904
905
906
906
907
908
908
909
910
910
912
911
912
913
914
914
915
916
916
917
918
918
919
920
920
921
922
922
923
924
924
925
926
926
927
928
928
929
930
930
931
932
932
933
934
934
935
936
936
937
938
938
954
953
940
968
941
942
943
944
945
946
947
948
949
950
952
952
953
954
954
956
969
957
970
958
971
959
972
960
973
961
974
962
975
963
976
964
977
965
978
966
979
967
980
968
981
982
970
971
972
973
974
975
976
977
978
979
980
981
982
984
985
986
1383
986
987
988
988
989
990
990
991
992
992
993
994
994
995
996
996
997
998
998
999
1000
1000
1001
1002
1002
1003
1004
1004
1005
1006
1006
1007
1008
1008
1009
1010
1010
1012
1025
1013
1026
1014
1027
1015
1028
1016
1029
1017
1030
1018
1031
1019
1032
1020
1033
1021
1034
1035
1202
1023
1036
1024
1037
1025
1038
1026
1039
1027
1040
1028
1041
1029
1042
1030
1043
1031
1044
1032
1045
1033
1046
1034
1047
1035
1048
1049
1201
1037
1050
1038
1051
1039
1052
1040
1053
1041
1054
1042
1055
1043
1056
1044
1057
1045
1058
1046
1059
1047
1060
1048
1061
1049
1062
1063
1200
1051
1064
1052
1065
1053
1066
1054
1067
1055
1068
1056
1069
1057
1070
1058
1071
1059
1072
1060
1073
1061
1074
1062
1075
1063
1076
1077
1199
1065
1078
1066
1079
1067
1080
1068
1081
1069
1082
1070
1083
1071
1084
1072
1085
1073
1086
1074
1087
1075
1088
1076
1089
1077
1090
1091
1198
1079
1092
1080
1093
1081
1094
1082
1095
1083
1096
1084
1097
1085
1098
1086
1099
1087
1100
1088
1101
1089
1102
1090
1103
1091
1104
1105
1197
1093
1106
1094
1107
1095
1108
1096
1109
1097
1110
1098
1111
1099
1112
1100
1113
1101
1114
1102
1115
1103
1116
1104
1117
1105
1118
1119
1196
1107
1120
1108
1121
1109
1122
1110
1123
1111
1124
1112
1125
1113
1126
1114
1127
1115
1128
1116
1129
1117
1130
1118
1131
1119
1132
1133
1195
1121
1134
1122
1135
1123
1136
1124
1137
1125
1138
1126
1139
1127
1140
1128
1141
1129
1142
1130
1143
1131
1144
1132
1145
1133
1146
1147
1194
1135
1148
1136
1149
1137
1150
1138
1151
1139
1152
1140
1153
1141
1154
1142
1155
1143
1156
1144
1157
1145
1158
1146
1159
1147
1160
1161
1193
1149
1162
1150
1163
1151
1164
1152
1165
1153
1166
1154
1167
1155
1168
1156
1169
1157
1170
1158
1171
1159
1172
1160
1173
1161
1174
1175
1192
1163
1176
1164
1177
1165
1178
1166
1179
1167
1180
1168
1181
1169
1182
1170
1183
1171
1184
1172
1185
1173
1186
1174
1187
1175
1188
1189
1191
1177
1178
1179
1180
1181
1182
1183
1184
1185
1186
1187
1188
1189
1190
1191
1203
1192
1204
1193
1205
1194
1206
1195
1207
1196
1208
1197
1209
1198
1210
1199
1211
1200
1212
1201
1213
1202
1214
1215
1204
1216
1205
1217
1206
1218
1207
1219
1208
1220
1209
1221
1210
1222
1211
1223
1212
1224
1213
1225
1214
1226
1215
1227
1228
1217
1229
1218
1230
1219
1231
1220
1232
1221
1233
1222
1234
1223
1235
1224
1236
1225
1237
1226
1238
1227
1239
1228
1240
1241
1230
1243
1231
1244
1232
1245
1233
1246
1234
1247
1235
1248
1236
1249
1237
1250
1238
1251
1239
1252
1240
1253
1241
1254
1242
1255
1256
1244
1257
1245
1258
1246
1259
1247
1260
1248
1261
1249
1262
1250
1263
1251
1264
1252
1265
1253
1266
1254
1267
1255
1268
1256
1269
1270
1258
1271
1259
1272
1260
1273
1261
1274
1262
1275
1263
1276
1264
1277
1265
1278
1266
1279
1267
1280
1268
1281
1269
1282
1270
1283
1284
1272
1285
1273
1286
1274
1287
1275
1288
1276
1289
1277
1290
1278
1291
1279
1292
1280
1293
1281
1294
1282
1295
1283
1296
1284
1297
1298
1286
1299
1287
1300
1288
1301
1289
1302
1290
1303
1291
1304
1292
1305
1293
1306
1294
1307
1295
1308
1296
1309
1297
1310
1298
1311
1312
1300
1313
1301
1314
1302
1315
1303
1316
1304
1317
1305
1318
1306
1319
1307
1320
1308
1321
1309
1322
1310
1323
1311
1324
1312
1325
1326
1314
1327
1315
1328
1316
1329
1317
1330
1318
1331
1319
1332
1320
1333
1321
1334
1322
1335
1323
1336
1324
1337
1325
1338
1326
1339
1340
1328
1341
1329
1342
1330
1343
1331
1344
1332
1345
1333
1346
1334
1347
1335
1348
1336
1349
1337
1350
1338
1351
1339
1352
1340
1353
1354
1342
1355
1343
1356
1344
1357
1345
1358
1346
1359
1347
1360
1348
1361
1349
1362
1350
1363
1351
1364
1352
1365
1353
1366
1354
1367
1368
1356
1369
1357
1370
1358
1371
1359
1372
1360
1373
1361
1374
1362
1375
1363
1376
1364
1377
1365
1378
1366
1379
1367
1380
1368
1381
1382
1370
1371
1395
1372
1394
1373
1393
1374
1392
1375
1391
1376
1390
1377
1389
1378
1388
1379
1387
1380
1386
1381
1385
1382
1384
1383
1384
1385
1386
1387
1388
1389
1390
1391
1392
1393
1394
1395
)


// ************************************************************************* //
