/*--------------------------------*- C++ -*----------------------------------*\
| =========                 |                                                 |
| \\      /  F ield         | OpenFOAM: The Open Source CFD Toolbox           |
|  \\    /   O peration     | Version:  2206                                  |
|   \\  /    A nd           | Website:  www.openfoam.com                      |
|    \\/     M anipulation  |                                                 |
\*---------------------------------------------------------------------------*/
FoamFile
{
    version     2.0;
    format      ascii;
    arch        "LSB;label=32;scalar=64";
    class       vectorField;
    location    "constant/polyMesh";
    object      points;
}
// * * * * * * * * * * * * * * * * * * * * * * * * * * * * * * * * * * * * * //


3184
(
(1.5 0.2 0)
(1.5 -0.02 0)
(1.5 -0.04 0)
(1.5 -0.08 0)
(1.5 -0.1 0)
(1.5 -0.12 0)
(1.5 -0.28 0)
(2.2 5 0)
(2.5 5 0)
(1.5 -5 0)
(2.5 -5 0)
(2.35 5 0)
(2.42 5 0)
(2.27 5 0)
(1.5 -0.02 1)
(1.5 -0.04 1)
(1.5 0.2 1)
(1.5 -0.08 1)
(1.5 -0.1 1)
(1.5 -0.12 1)
(1.5 -0.28 1)
(1.5 -5 1)
(2.2 5 1)
(2.27 5 1)
(2.35 5 1)
(2.5 -5 1)
(2.42 5 1)
(2.5 5 1)
(1.5 0.1842857143 0)
(1.5 0.1685714286 0)
(1.5 0.1528571429 0)
(1.5 0.1371428571 0)
(1.5 0.1214285714 0)
(1.5 0.1057142857 0)
(1.5 0.09 0)
(1.5 0.07428571429 0)
(1.5 0.05857142857 0)
(1.5 0.04285714286 0)
(1.5 0.02714285714 0)
(1.5 0.01142857143 0)
(1.5 -0.004285714286 0)
(2.392857143 0.2 0)
(3.285714286 0.2 0)
(1.5 -0.03857142857 0)
(1.5 -0.03714285714 0)
(1.5 -0.03571428571 0)
(1.5 -0.03428571429 0)
(1.5 -0.03285714286 0)
(1.5 -0.03142857143 0)
(1.5 -0.03 0)
(1.5 -0.02857142857 0)
(1.5 -0.02714285714 0)
(1.5 -0.02571428571 0)
(1.5 -0.02428571429 0)
(1.5 -0.02285714286 0)
(1.5 -0.02142857143 0)
(2.392857143 -0.04071428571 0)
(3.285714286 -0.04142857143 0)
(1.5 -0.04285714286 0)
(1.5 -0.04571428571 0)
(1.5 -0.04857142857 0)
(1.5 -0.05142857143 0)
(1.5 -0.05428571429 0)
(1.5 -0.05714285714 0)
(1.5 -0.06 0)
(1.5 -0.06285714286 0)
(1.5 -0.06571428571 0)
(1.5 -0.06857142857 0)
(1.5 -0.07142857143 0)
(1.5 -0.07428571429 0)
(1.5 -0.07714285714 0)
(1.422857143 -0.1028571429 0)
(1.442142857 -0.1021428571 0)
(1.461428571 -0.1014285714 0)
(1.480714286 -0.1007142857 0)
(1.422857143 -0.1185714286 0)
(1.442142857 -0.1189285714 0)
(1.461428571 -0.1192857143 0)
(1.480714286 -0.1196428571 0)
(1.42 -0.08 0)
(1.44 -0.08 0)
(1.46 -0.08 0)
(1.48 -0.08 0)
(1.5 -0.08142857143 0)
(1.5 -0.08285714286 0)
(1.5 -0.08428571429 0)
(1.5 -0.08571428571 0)
(1.5 -0.08714285714 0)
(1.5 -0.08857142857 0)
(1.5 -0.09 0)
(1.5 -0.09142857143 0)
(1.5 -0.09285714286 0)
(1.5 -0.09428571429 0)
(1.5 -0.09571428571 0)
(1.5 -0.09714285714 0)
(1.5 -0.09857142857 0)
(1.5 -0.1185714286 0)
(1.5 -0.1171428571 0)
(1.5 -0.1157142857 0)
(1.5 -0.1142857143 0)
(1.5 -0.1128571429 0)
(1.5 -0.1114285714 0)
(1.5 -0.11 0)
(1.5 -0.1085714286 0)
(1.5 -0.1071428571 0)
(1.5 -0.1057142857 0)
(1.5 -0.1042857143 0)
(1.5 -0.1028571429 0)
(1.5 -0.1014285714 0)
(2.392857143 -0.1257142857 0)
(3.285714286 -0.1314285714 0)
(1.392857143 -0.2628571429 0)
(1.410714286 -0.2657142857 0)
(1.428571429 -0.2685714286 0)
(1.446428571 -0.2714285714 0)
(1.464285714 -0.2742857143 0)
(1.482142857 -0.2771428571 0)
(2.392857143 -0.28 0)
(3.285714286 -0.28 0)
(1.414285714 1.628571429 0)
(1.492857143 1.965714286 0)
(1.571428571 2.302857143 0)
(1.65 2.64 0)
(1.728571429 2.977142857 0)
(1.807142857 3.314285714 0)
(1.885714286 3.651428571 0)
(1.964285714 3.988571429 0)
(2.042857143 4.325714286 0)
(2.121428571 4.662857143 0)
(1.571428571 0.5428571429 0)
(1.642857143 0.8857142857 0)
(1.714285714 1.228571429 0)
(1.785714286 1.571428571 0)
(1.857142857 1.914285714 0)
(1.928571429 2.257142857 0)
(2 2.6 0)
(2.071428571 2.942857143 0)
(2.142857143 3.285714286 0)
(2.214285714 3.628571429 0)
(2.285714286 3.971428571 0)
(2.357142857 4.314285714 0)
(2.428571429 4.657142857 0)
(1.462857143 5 0)
(1.555 5 0)
(1.647142857 5 0)
(1.739285714 5 0)
(1.831428571 5 0)
(1.923571429 5 0)
(2.015714286 5 0)
(2.107857143 5 0)
(1.410714286 -3.3 0)
(1.428571429 -3.64 0)
(1.446428571 -3.98 0)
(1.464285714 -4.32 0)
(1.482142857 -4.66 0)
(1.571428571 -0.6171428571 0)
(1.642857143 -0.9542857143 0)
(1.714285714 -1.291428571 0)
(1.785714286 -1.628571429 0)
(1.857142857 -1.965714286 0)
(1.928571429 -2.302857143 0)
(2 -2.64 0)
(2.071428571 -2.977142857 0)
(2.142857143 -3.314285714 0)
(2.214285714 -3.651428571 0)
(2.285714286 -3.988571429 0)
(2.357142857 -4.325714286 0)
(2.428571429 -4.662857143 0)
(1.434285714 -5 0)
(1.450714286 -5 0)
(1.467142857 -5 0)
(1.483571429 -5 0)
(1.571428571 -5 0)
(1.642857143 -5 0)
(1.714285714 -5 0)
(1.785714286 -5 0)
(1.857142857 -5 0)
(1.928571429 -5 0)
(2 -5 0)
(2.071428571 -5 0)
(2.142857143 -5 0)
(2.214285714 -5 0)
(2.285714286 -5 0)
(2.357142857 -5 0)
(2.428571429 -5 0)
(1.5 -0.1314285714 0)
(1.5 -0.1428571429 0)
(1.5 -0.1542857143 0)
(1.5 -0.1657142857 0)
(1.5 -0.1771428571 0)
(1.5 -0.1885714286 0)
(1.5 -0.2 0)
(1.5 -0.2114285714 0)
(1.5 -0.2228571429 0)
(1.5 -0.2342857143 0)
(1.5 -0.2457142857 0)
(1.5 -0.2571428571 0)
(1.5 -0.2685714286 0)
(1.422857143 -0.03785714286 0)
(1.448571429 -0.03857142857 0)
(1.474285714 -0.03928571429 0)
(1.45 0.9114285714 0)
(1.525 1.252142857 0)
(1.6 1.592857143 0)
(1.675 1.933571429 0)
(1.75 2.274285714 0)
(1.825 2.615 0)
(1.9 2.955714286 0)
(1.975 3.296428571 0)
(2.05 3.637142857 0)
(2.125 3.977857143 0)
(2.2 4.318571429 0)
(2.275 4.659285714 0)
(1.422857143 -0.01571428571 0)
(1.448571429 -0.01714285714 0)
(1.474285714 -0.01857142857 0)
(2.343571429 4.658571429 0)
(2.267142857 4.317142857 0)
(2.190714286 3.975714286 0)
(2.114285714 3.634285714 0)
(2.037857143 3.292857143 0)
(1.961428571 2.951428571 0)
(1.885 2.61 0)
(1.808571429 2.268571429 0)
(1.732142857 1.927142857 0)
(1.655714286 1.585714286 0)
(1.579285714 1.244285714 0)
(1.502857143 0.9028571429 0)
(1.426428571 0.5614285714 0)
(1.382142857 0.2157142857 0)
(1.392857143 0.2142857143 0)
(1.403571429 0.2128571429 0)
(1.414285714 0.2114285714 0)
(1.425 0.21 0)
(1.435714286 0.2085714286 0)
(1.446428571 0.2071428571 0)
(1.457142857 0.2057142857 0)
(1.467857143 0.2042857143 0)
(1.478571429 0.2028571429 0)
(1.489285714 0.2014285714 0)
(2.355 5 0)
(2.36 5 0)
(2.365 5 0)
(2.37 5 0)
(2.375 5 0)
(2.38 5 0)
(2.385 5 0)
(2.39 5 0)
(2.395 5 0)
(2.4 5 0)
(2.405 5 0)
(2.41 5 0)
(2.415 5 0)
(2.425714286 5 0)
(2.431428571 5 0)
(2.437142857 5 0)
(2.442857143 5 0)
(2.448571429 5 0)
(2.454285714 5 0)
(2.46 5 0)
(2.465714286 5 0)
(2.471428571 5 0)
(2.477142857 5 0)
(2.482857143 5 0)
(2.488571429 5 0)
(2.494285714 5 0)
(3.285714286 -0.08571428571 0)
(2.392857143 -0.08285714286 0)
(2.392857143 -0.1042857143 0)
(3.285714286 -0.1085714286 0)
(3.285714286 -0.01 0)
(2.392857143 -0.015 0)
(2.192857143 4.660714286 0)
(2.115714286 4.321428571 0)
(2.038571429 3.982142857 0)
(1.961428571 3.642857143 0)
(1.884285714 3.303571429 0)
(1.807142857 2.964285714 0)
(1.73 2.625 0)
(1.652857143 2.285714286 0)
(1.575714286 1.946428571 0)
(1.498571429 1.607142857 0)
(1.421428571 1.267857143 0)
(2.205 5 0)
(2.21 5 0)
(2.215 5 0)
(2.22 5 0)
(2.225 5 0)
(2.23 5 0)
(2.235 5 0)
(2.24 5 0)
(2.245 5 0)
(2.25 5 0)
(2.255 5 0)
(2.26 5 0)
(2.265 5 0)
(2.275714286 5 0)
(2.281428571 5 0)
(2.287142857 5 0)
(2.292857143 5 0)
(2.298571429 5 0)
(2.304285714 5 0)
(2.31 5 0)
(2.315714286 5 0)
(2.321428571 5 0)
(2.327142857 5 0)
(2.332857143 5 0)
(2.338571429 5 0)
(2.344285714 5 0)
(1.422857143 -0.01571428571 1)
(1.448571429 -0.01714285714 1)
(1.474285714 -0.01857142857 1)
(1.5 -0.02142857143 1)
(1.5 -0.02285714286 1)
(1.5 -0.02428571429 1)
(1.5 -0.02571428571 1)
(1.5 -0.02714285714 1)
(1.5 -0.02857142857 1)
(1.5 -0.03 1)
(1.5 -0.03142857143 1)
(1.5 -0.03285714286 1)
(1.5 -0.03428571429 1)
(1.5 -0.03571428571 1)
(1.5 -0.03714285714 1)
(1.5 -0.03857142857 1)
(1.474285714 -0.03928571429 1)
(1.448571429 -0.03857142857 1)
(1.422857143 -0.03785714286 1)
(3.285714286 -0.01 1)
(2.392857143 -0.015 1)
(2.392857143 -0.04071428571 1)
(3.285714286 -0.04142857143 1)
(1.382142857 0.2157142857 1)
(1.392857143 0.2142857143 1)
(1.403571429 0.2128571429 1)
(1.414285714 0.2114285714 1)
(1.425 0.21 1)
(1.435714286 0.2085714286 1)
(1.446428571 0.2071428571 1)
(1.457142857 0.2057142857 1)
(1.467857143 0.2042857143 1)
(1.478571429 0.2028571429 1)
(1.489285714 0.2014285714 1)
(1.5 0.1842857143 1)
(1.5 0.1685714286 1)
(1.5 0.1528571429 1)
(1.5 0.1371428571 1)
(1.5 0.1214285714 1)
(1.5 0.1057142857 1)
(1.5 0.09 1)
(1.5 0.07428571429 1)
(1.5 0.05857142857 1)
(1.5 0.04285714286 1)
(1.5 0.02714285714 1)
(1.5 0.01142857143 1)
(1.5 -0.004285714286 1)
(1.5 -0.04285714286 1)
(1.5 -0.04571428571 1)
(1.5 -0.04857142857 1)
(1.5 -0.05142857143 1)
(1.5 -0.05428571429 1)
(1.5 -0.05714285714 1)
(1.5 -0.06 1)
(1.5 -0.06285714286 1)
(1.5 -0.06571428571 1)
(1.5 -0.06857142857 1)
(1.5 -0.07142857143 1)
(1.5 -0.07428571429 1)
(1.5 -0.07714285714 1)
(1.48 -0.08 1)
(1.46 -0.08 1)
(1.44 -0.08 1)
(1.42 -0.08 1)
(1.5 -0.08142857143 1)
(1.5 -0.08285714286 1)
(1.5 -0.08428571429 1)
(1.5 -0.08571428571 1)
(1.5 -0.08714285714 1)
(1.5 -0.08857142857 1)
(1.5 -0.09 1)
(1.5 -0.09142857143 1)
(1.5 -0.09285714286 1)
(1.5 -0.09428571429 1)
(1.5 -0.09571428571 1)
(1.5 -0.09714285714 1)
(1.5 -0.09857142857 1)
(1.480714286 -0.1007142857 1)
(1.461428571 -0.1014285714 1)
(1.442142857 -0.1021428571 1)
(1.422857143 -0.1028571429 1)
(1.5 -0.1185714286 1)
(1.5 -0.1171428571 1)
(1.5 -0.1157142857 1)
(1.5 -0.1142857143 1)
(1.5 -0.1128571429 1)
(1.5 -0.1114285714 1)
(1.5 -0.11 1)
(1.5 -0.1085714286 1)
(1.5 -0.1071428571 1)
(1.5 -0.1057142857 1)
(1.5 -0.1042857143 1)
(1.5 -0.1028571429 1)
(1.5 -0.1014285714 1)
(1.422857143 -0.1185714286 1)
(1.442142857 -0.1189285714 1)
(1.461428571 -0.1192857143 1)
(1.480714286 -0.1196428571 1)
(1.5 -0.1314285714 1)
(1.5 -0.1428571429 1)
(1.5 -0.1542857143 1)
(1.5 -0.1657142857 1)
(1.5 -0.1771428571 1)
(1.5 -0.1885714286 1)
(1.5 -0.2 1)
(1.5 -0.2114285714 1)
(1.5 -0.2228571429 1)
(1.5 -0.2342857143 1)
(1.5 -0.2457142857 1)
(1.5 -0.2571428571 1)
(1.5 -0.2685714286 1)
(1.482142857 -0.2771428571 1)
(1.464285714 -0.2742857143 1)
(1.446428571 -0.2714285714 1)
(1.428571429 -0.2685714286 1)
(1.410714286 -0.2657142857 1)
(1.392857143 -0.2628571429 1)
(1.410714286 -3.3 1)
(1.428571429 -3.64 1)
(1.446428571 -3.98 1)
(1.464285714 -4.32 1)
(1.482142857 -4.66 1)
(1.483571429 -5 1)
(1.467142857 -5 1)
(1.450714286 -5 1)
(1.434285714 -5 1)
(1.414285714 1.628571429 1)
(1.492857143 1.965714286 1)
(1.571428571 2.302857143 1)
(1.65 2.64 1)
(1.728571429 2.977142857 1)
(1.807142857 3.314285714 1)
(1.885714286 3.651428571 1)
(1.964285714 3.988571429 1)
(2.042857143 4.325714286 1)
(2.121428571 4.662857143 1)
(2.205 5 1)
(2.21 5 1)
(2.215 5 1)
(2.22 5 1)
(2.225 5 1)
(2.23 5 1)
(2.235 5 1)
(2.24 5 1)
(2.245 5 1)
(2.25 5 1)
(2.255 5 1)
(2.26 5 1)
(2.265 5 1)
(2.192857143 4.660714286 1)
(2.115714286 4.321428571 1)
(2.038571429 3.982142857 1)
(1.961428571 3.642857143 1)
(1.884285714 3.303571429 1)
(1.807142857 2.964285714 1)
(1.73 2.625 1)
(1.652857143 2.285714286 1)
(1.575714286 1.946428571 1)
(1.498571429 1.607142857 1)
(1.421428571 1.267857143 1)
(1.45 0.9114285714 1)
(1.525 1.252142857 1)
(1.6 1.592857143 1)
(1.675 1.933571429 1)
(1.75 2.274285714 1)
(1.825 2.615 1)
(1.9 2.955714286 1)
(1.975 3.296428571 1)
(2.05 3.637142857 1)
(2.125 3.977857143 1)
(2.2 4.318571429 1)
(2.275 4.659285714 1)
(2.344285714 5 1)
(2.338571429 5 1)
(2.332857143 5 1)
(2.327142857 5 1)
(2.321428571 5 1)
(2.315714286 5 1)
(2.31 5 1)
(2.304285714 5 1)
(2.298571429 5 1)
(2.292857143 5 1)
(2.287142857 5 1)
(2.281428571 5 1)
(2.275714286 5 1)
(1.462857143 5 1)
(1.555 5 1)
(1.647142857 5 1)
(1.739285714 5 1)
(1.831428571 5 1)
(1.923571429 5 1)
(2.015714286 5 1)
(2.107857143 5 1)
(1.571428571 -0.6171428571 1)
(1.642857143 -0.9542857143 1)
(1.714285714 -1.291428571 1)
(1.785714286 -1.628571429 1)
(1.857142857 -1.965714286 1)
(1.928571429 -2.302857143 1)
(2 -2.64 1)
(2.071428571 -2.977142857 1)
(2.142857143 -3.314285714 1)
(2.214285714 -3.651428571 1)
(2.285714286 -3.988571429 1)
(2.357142857 -4.325714286 1)
(2.428571429 -4.662857143 1)
(2.428571429 -5 1)
(2.357142857 -5 1)
(2.285714286 -5 1)
(2.214285714 -5 1)
(2.142857143 -5 1)
(2.071428571 -5 1)
(2 -5 1)
(1.928571429 -5 1)
(1.857142857 -5 1)
(1.785714286 -5 1)
(1.714285714 -5 1)
(1.642857143 -5 1)
(1.571428571 -5 1)
(2.392857143 -0.28 1)
(3.285714286 -0.28 1)
(3.285714286 -0.1314285714 1)
(2.392857143 -0.1257142857 1)
(2.392857143 -0.1042857143 1)
(3.285714286 -0.1085714286 1)
(2.392857143 -0.08285714286 1)
(3.285714286 -0.08571428571 1)
(2.392857143 0.2 1)
(3.285714286 0.2 1)
(2.355 5 1)
(2.36 5 1)
(2.365 5 1)
(2.37 5 1)
(2.375 5 1)
(2.38 5 1)
(2.385 5 1)
(2.39 5 1)
(2.395 5 1)
(2.4 5 1)
(2.405 5 1)
(2.41 5 1)
(2.415 5 1)
(2.343571429 4.658571429 1)
(2.267142857 4.317142857 1)
(2.190714286 3.975714286 1)
(2.114285714 3.634285714 1)
(2.037857143 3.292857143 1)
(1.961428571 2.951428571 1)
(1.885 2.61 1)
(1.808571429 2.268571429 1)
(1.732142857 1.927142857 1)
(1.655714286 1.585714286 1)
(1.579285714 1.244285714 1)
(1.502857143 0.9028571429 1)
(1.426428571 0.5614285714 1)
(2.425714286 5 1)
(2.431428571 5 1)
(2.437142857 5 1)
(2.442857143 5 1)
(2.448571429 5 1)
(2.454285714 5 1)
(2.46 5 1)
(2.465714286 5 1)
(2.471428571 5 1)
(2.477142857 5 1)
(2.482857143 5 1)
(2.488571429 5 1)
(2.494285714 5 1)
(2.428571429 4.657142857 1)
(2.357142857 4.314285714 1)
(2.285714286 3.971428571 1)
(2.214285714 3.628571429 1)
(2.142857143 3.285714286 1)
(2.071428571 2.942857143 1)
(2 2.6 1)
(1.928571429 2.257142857 1)
(1.857142857 1.914285714 1)
(1.785714286 1.571428571 1)
(1.714285714 1.228571429 1)
(1.642857143 0.8857142857 1)
(1.571428571 0.5428571429 1)
(1.422857143 -0.01729591837 0)
(1.422857143 -0.01887755102 0)
(1.422857143 -0.02045918367 0)
(1.422857143 -0.02204081633 0)
(1.422857143 -0.02362244898 0)
(1.422857143 -0.02520408163 0)
(1.422857143 -0.02678571429 0)
(1.422857143 -0.02836734694 0)
(1.422857143 -0.02994897959 0)
(1.422857143 -0.03153061224 0)
(1.422857143 -0.0331122449 0)
(1.422857143 -0.03469387755 0)
(1.422857143 -0.0362755102 0)
(1.448571429 -0.01867346939 0)
(1.448571429 -0.02020408163 0)
(1.448571429 -0.02173469388 0)
(1.448571429 -0.02326530612 0)
(1.448571429 -0.02479591837 0)
(1.448571429 -0.02632653061 0)
(1.448571429 -0.02785714286 0)
(1.448571429 -0.0293877551 0)
(1.448571429 -0.03091836735 0)
(1.448571429 -0.03244897959 0)
(1.448571429 -0.03397959184 0)
(1.448571429 -0.03551020408 0)
(1.448571429 -0.03704081633 0)
(1.474285714 -0.02005102041 0)
(1.474285714 -0.02153061224 0)
(1.474285714 -0.02301020408 0)
(1.474285714 -0.02448979592 0)
(1.474285714 -0.02596938776 0)
(1.474285714 -0.02744897959 0)
(1.474285714 -0.02892857143 0)
(1.474285714 -0.03040816327 0)
(1.474285714 -0.0318877551 0)
(1.474285714 -0.03336734694 0)
(1.474285714 -0.03484693878 0)
(1.474285714 -0.03632653061 0)
(1.474285714 -0.03780612245 0)
(2.392857143 -0.01683673469 0)
(2.392857143 -0.01867346939 0)
(2.392857143 -0.02051020408 0)
(2.392857143 -0.02234693878 0)
(2.392857143 -0.02418367347 0)
(2.392857143 -0.02602040816 0)
(2.392857143 -0.02785714286 0)
(2.392857143 -0.02969387755 0)
(2.392857143 -0.03153061224 0)
(2.392857143 -0.03336734694 0)
(2.392857143 -0.03520408163 0)
(2.392857143 -0.03704081633 0)
(2.392857143 -0.03887755102 0)
(1.426071429 3.147091962e-14 0)
(1.450714286 -0.001428571429 0)
(1.475357143 -0.002857142857 0)
(1.429285714 0.01571428571 0)
(1.452857143 0.01428571429 0)
(1.476428571 0.01285714286 0)
(1.4325 0.03142857143 0)
(1.455 0.03 0)
(1.4775 0.02857142857 0)
(1.414285714 0.04857142857 0)
(1.435714286 0.04714285714 0)
(1.457142857 0.04571428571 0)
(1.478571429 0.04428571429 0)
(1.418571429 0.06428571429 0)
(1.438928571 0.06285714286 0)
(1.459285714 0.06142857143 0)
(1.479642857 0.06 0)
(1.422857143 0.08 0)
(1.442142857 0.07857142857 0)
(1.461428571 0.07714285714 0)
(1.480714286 0.07571428571 0)
(1.427142857 0.09571428571 0)
(1.445357143 0.09428571429 0)
(1.463571429 0.09285714286 0)
(1.481785714 0.09142857143 0)
(1.414285714 0.1128571429 0)
(1.431428571 0.1114285714 0)
(1.448571429 0.11 0)
(1.465714286 0.1085714286 0)
(1.482857143 0.1071428571 0)
(1.419642857 0.1285714286 0)
(1.435714286 0.1271428571 0)
(1.451785714 0.1257142857 0)
(1.467857143 0.1242857143 0)
(1.483928571 0.1228571429 0)
(1.425 0.1442857143 0)
(1.44 0.1428571429 0)
(1.455 0.1414285714 0)
(1.47 0.14 0)
(1.485 0.1385714286 0)
(1.416428571 0.1614285714 0)
(1.430357143 0.16 0)
(1.444285714 0.1585714286 0)
(1.458214286 0.1571428571 0)
(1.472142857 0.1557142857 0)
(1.486071429 0.1542857143 0)
(1.422857143 0.1771428571 0)
(1.435714286 0.1757142857 0)
(1.448571429 0.1742857143 0)
(1.461428571 0.1728571429 0)
(1.474285714 0.1714285714 0)
(1.487142857 0.17 0)
(1.4175 0.1942857143 0)
(1.429285714 0.1928571429 0)
(1.441071429 0.1914285714 0)
(1.452857143 0.19 0)
(1.464642857 0.1885714286 0)
(1.476428571 0.1871428571 0)
(1.488214286 0.1857142857 0)
(1.413469388 -0.06775510204 0)
(1.415102041 -0.07081632653 0)
(1.416734694 -0.07387755102 0)
(1.418367347 -0.07693877551 0)
(1.424081633 -0.04086734694 0)
(1.425306122 -0.04387755102 0)
(1.426530612 -0.0468877551 0)
(1.427755102 -0.04989795918 0)
(1.428979592 -0.05290816327 0)
(1.430204082 -0.05591836735 0)
(1.431428571 -0.05892857143 0)
(1.432653061 -0.06193877551 0)
(1.433877551 -0.06494897959 0)
(1.435102041 -0.06795918367 0)
(1.436326531 -0.07096938776 0)
(1.43755102 -0.07397959184 0)
(1.43877551 -0.07698979592 0)
(1.449387755 -0.04153061224 0)
(1.450204082 -0.04448979592 0)
(1.451020408 -0.04744897959 0)
(1.451836735 -0.05040816327 0)
(1.452653061 -0.05336734694 0)
(1.453469388 -0.05632653061 0)
(1.454285714 -0.05928571429 0)
(1.455102041 -0.06224489796 0)
(1.455918367 -0.06520408163 0)
(1.456734694 -0.06816326531 0)
(1.45755102 -0.07112244898 0)
(1.458367347 -0.07408163265 0)
(1.459183673 -0.07704081633 0)
(1.474693878 -0.04219387755 0)
(1.475102041 -0.04510204082 0)
(1.475510204 -0.04801020408 0)
(1.475918367 -0.05091836735 0)
(1.476326531 -0.05382653061 0)
(1.476734694 -0.05673469388 0)
(1.477142857 -0.05964285714 0)
(1.47755102 -0.06255102041 0)
(1.477959184 -0.06545918367 0)
(1.478367347 -0.06836734694 0)
(1.47877551 -0.0712755102 0)
(1.479183673 -0.07418367347 0)
(1.479591837 -0.07709183673 0)
(1.420204082 -0.08163265306 0)
(1.420408163 -0.08326530612 0)
(1.420612245 -0.08489795918 0)
(1.420816327 -0.08653061224 0)
(1.421020408 -0.08816326531 0)
(1.42122449 -0.08979591837 0)
(1.421428571 -0.09142857143 0)
(1.421632653 -0.09306122449 0)
(1.421836735 -0.09469387755 0)
(1.422040816 -0.09632653061 0)
(1.422244898 -0.09795918367 0)
(1.42244898 -0.09959183673 0)
(1.422653061 -0.1012244898 0)
(1.440153061 -0.08158163265 0)
(1.440306122 -0.08316326531 0)
(1.440459184 -0.08474489796 0)
(1.440612245 -0.08632653061 0)
(1.440765306 -0.08790816327 0)
(1.440918367 -0.08948979592 0)
(1.441071429 -0.09107142857 0)
(1.44122449 -0.09265306122 0)
(1.441377551 -0.09423469388 0)
(1.441530612 -0.09581632653 0)
(1.441683673 -0.09739795918 0)
(1.441836735 -0.09897959184 0)
(1.441989796 -0.1005612245 0)
(1.460102041 -0.08153061224 0)
(1.460204082 -0.08306122449 0)
(1.460306122 -0.08459183673 0)
(1.460408163 -0.08612244898 0)
(1.460510204 -0.08765306122 0)
(1.460612245 -0.08918367347 0)
(1.460714286 -0.09071428571 0)
(1.460816327 -0.09224489796 0)
(1.460918367 -0.0937755102 0)
(1.461020408 -0.09530612245 0)
(1.461122449 -0.09683673469 0)
(1.46122449 -0.09836734694 0)
(1.461326531 -0.09989795918 0)
(1.48005102 -0.08147959184 0)
(1.480102041 -0.08295918367 0)
(1.480153061 -0.08443877551 0)
(1.480204082 -0.08591836735 0)
(1.480255102 -0.08739795918 0)
(1.480306122 -0.08887755102 0)
(1.480357143 -0.09035714286 0)
(1.480408163 -0.09183673469 0)
(1.480459184 -0.09331632653 0)
(1.480510204 -0.09479591837 0)
(1.480561224 -0.0962755102 0)
(1.480612245 -0.09775510204 0)
(1.480663265 -0.09923469388 0)
(1.480714286 -0.1182908163 0)
(1.461428571 -0.1180102041 0)
(1.442142857 -0.1177295918 0)
(1.422857143 -0.1174489796 0)
(1.480714286 -0.1169387755 0)
(1.461428571 -0.1167346939 0)
(1.442142857 -0.1165306122 0)
(1.422857143 -0.1163265306 0)
(1.480714286 -0.1155867347 0)
(1.461428571 -0.1154591837 0)
(1.442142857 -0.1153316327 0)
(1.422857143 -0.1152040816 0)
(1.480714286 -0.1142346939 0)
(1.461428571 -0.1141836735 0)
(1.442142857 -0.1141326531 0)
(1.422857143 -0.1140816327 0)
(1.480714286 -0.1128826531 0)
(1.461428571 -0.1129081633 0)
(1.442142857 -0.1129336735 0)
(1.422857143 -0.1129591837 0)
(1.480714286 -0.1115306122 0)
(1.461428571 -0.1116326531 0)
(1.442142857 -0.1117346939 0)
(1.422857143 -0.1118367347 0)
(1.480714286 -0.1101785714 0)
(1.461428571 -0.1103571429 0)
(1.442142857 -0.1105357143 0)
(1.422857143 -0.1107142857 0)
(1.480714286 -0.1088265306 0)
(1.461428571 -0.1090816327 0)
(1.442142857 -0.1093367347 0)
(1.422857143 -0.1095918367 0)
(1.480714286 -0.1074744898 0)
(1.461428571 -0.1078061224 0)
(1.442142857 -0.1081377551 0)
(1.422857143 -0.1084693878 0)
(1.480714286 -0.106122449 0)
(1.461428571 -0.1065306122 0)
(1.442142857 -0.1069387755 0)
(1.422857143 -0.1073469388 0)
(1.480714286 -0.1047704082 0)
(1.461428571 -0.105255102 0)
(1.442142857 -0.1057397959 0)
(1.422857143 -0.1062244898 0)
(1.480714286 -0.1034183673 0)
(1.461428571 -0.1039795918 0)
(1.442142857 -0.1045408163 0)
(1.422857143 -0.1051020408 0)
(1.480714286 -0.1020663265 0)
(1.461428571 -0.1027040816 0)
(1.442142857 -0.1033418367 0)
(1.422857143 -0.1039795918 0)
(1.423265306 -0.1292857143 0)
(1.423673469 -0.14 0)
(1.424081633 -0.1507142857 0)
(1.424489796 -0.1614285714 0)
(1.424897959 -0.1721428571 0)
(1.425306122 -0.1828571429 0)
(1.425714286 -0.1935714286 0)
(1.426122449 -0.2042857143 0)
(1.426530612 -0.215 0)
(1.426938776 -0.2257142857 0)
(1.427346939 -0.2364285714 0)
(1.427755102 -0.2471428571 0)
(1.428163265 -0.2578571429 0)
(1.44244898 -0.1298214286 0)
(1.442755102 -0.1407142857 0)
(1.443061224 -0.1516071429 0)
(1.443367347 -0.1625 0)
(1.443673469 -0.1733928571 0)
(1.443979592 -0.1842857143 0)
(1.444285714 -0.1951785714 0)
(1.444591837 -0.2060714286 0)
(1.444897959 -0.2169642857 0)
(1.445204082 -0.2278571429 0)
(1.445510204 -0.23875 0)
(1.445816327 -0.2496428571 0)
(1.446122449 -0.2605357143 0)
(1.461632653 -0.1303571429 0)
(1.461836735 -0.1414285714 0)
(1.462040816 -0.1525 0)
(1.462244898 -0.1635714286 0)
(1.46244898 -0.1746428571 0)
(1.462653061 -0.1857142857 0)
(1.462857143 -0.1967857143 0)
(1.463061224 -0.2078571429 0)
(1.463265306 -0.2189285714 0)
(1.463469388 -0.23 0)
(1.463673469 -0.2410714286 0)
(1.463877551 -0.2521428571 0)
(1.464081633 -0.2632142857 0)
(1.480816327 -0.1308928571 0)
(1.480918367 -0.1421428571 0)
(1.481020408 -0.1533928571 0)
(1.481122449 -0.1646428571 0)
(1.48122449 -0.1758928571 0)
(1.481326531 -0.1871428571 0)
(1.481428571 -0.1983928571 0)
(1.481530612 -0.2096428571 0)
(1.481632653 -0.2208928571 0)
(1.481734694 -0.2321428571 0)
(1.481836735 -0.2433928571 0)
(1.481938776 -0.2546428571 0)
(1.482040816 -0.2658928571 0)
(1.420102041 -4.66 0)
(1.420510204 -4.32 0)
(1.435612245 -4.66 0)
(1.419081633 -3.98 0)
(1.435102041 -4.32 0)
(1.451122449 -4.66 0)
(1.415816327 -3.64 0)
(1.432755102 -3.98 0)
(1.449693878 -4.32 0)
(1.466632653 -4.66 0)
(1.384693878 1.277959184 0)
(1.390816327 1.27627551 0)
(1.396938776 1.274591837 0)
(1.403061224 1.272908163 0)
(1.409183673 1.27122449 0)
(1.415306122 1.269540816 0)
(1.420306122 1.627040816 0)
(1.426326531 1.625510204 0)
(1.432346939 1.623979592 0)
(1.438367347 1.62244898 0)
(1.444387755 1.620918367 0)
(1.450408163 1.619387755 0)
(1.456428571 1.617857143 0)
(1.46244898 1.616326531 0)
(1.468469388 1.614795918 0)
(1.474489796 1.613265306 0)
(1.480510204 1.611734694 0)
(1.486530612 1.610204082 0)
(1.49255102 1.608673469 0)
(1.49877551 1.964336735 0)
(1.504693878 1.962959184 0)
(1.510612245 1.961581633 0)
(1.516530612 1.960204082 0)
(1.52244898 1.958826531 0)
(1.528367347 1.95744898 0)
(1.534285714 1.956071429 0)
(1.540204082 1.954693878 0)
(1.546122449 1.953316327 0)
(1.552040816 1.951938776 0)
(1.557959184 1.950561224 0)
(1.563877551 1.949183673 0)
(1.569795918 1.947806122 0)
(1.577244898 2.301632653 0)
(1.583061224 2.300408163 0)
(1.588877551 2.299183673 0)
(1.594693878 2.297959184 0)
(1.600510204 2.296734694 0)
(1.606326531 2.295510204 0)
(1.612142857 2.294285714 0)
(1.617959184 2.293061224 0)
(1.62377551 2.291836735 0)
(1.629591837 2.290612245 0)
(1.635408163 2.289387755 0)
(1.64122449 2.288163265 0)
(1.647040816 2.286938776 0)
(1.655714286 2.638928571 0)
(1.661428571 2.637857143 0)
(1.667142857 2.636785714 0)
(1.672857143 2.635714286 0)
(1.678571429 2.634642857 0)
(1.684285714 2.633571429 0)
(1.69 2.6325 0)
(1.695714286 2.631428571 0)
(1.701428571 2.630357143 0)
(1.707142857 2.629285714 0)
(1.712857143 2.628214286 0)
(1.718571429 2.627142857 0)
(1.724285714 2.626071429 0)
(1.734183673 2.97622449 0)
(1.739795918 2.975306122 0)
(1.745408163 2.974387755 0)
(1.751020408 2.973469388 0)
(1.756632653 2.97255102 0)
(1.762244898 2.971632653 0)
(1.767857143 2.970714286 0)
(1.773469388 2.969795918 0)
(1.779081633 2.968877551 0)
(1.784693878 2.967959184 0)
(1.790306122 2.967040816 0)
(1.795918367 2.966122449 0)
(1.801530612 2.965204082 0)
(1.812653061 3.313520408 0)
(1.818163265 3.312755102 0)
(1.823673469 3.311989796 0)
(1.829183673 3.31122449 0)
(1.834693878 3.310459184 0)
(1.840204082 3.309693878 0)
(1.845714286 3.308928571 0)
(1.85122449 3.308163265 0)
(1.856734694 3.307397959 0)
(1.862244898 3.306632653 0)
(1.867755102 3.305867347 0)
(1.873265306 3.305102041 0)
(1.87877551 3.304336735 0)
(1.891122449 3.650816327 0)
(1.896530612 3.650204082 0)
(1.901938776 3.649591837 0)
(1.907346939 3.648979592 0)
(1.912755102 3.648367347 0)
(1.918163265 3.647755102 0)
(1.923571429 3.647142857 0)
(1.928979592 3.646530612 0)
(1.934387755 3.645918367 0)
(1.939795918 3.645306122 0)
(1.945204082 3.644693878 0)
(1.950612245 3.644081633 0)
(1.956020408 3.643469388 0)
(1.969591837 3.988112245 0)
(1.974897959 3.987653061 0)
(1.980204082 3.987193878 0)
(1.985510204 3.986734694 0)
(1.990816327 3.98627551 0)
(1.996122449 3.985816327 0)
(2.001428571 3.985357143 0)
(2.006734694 3.984897959 0)
(2.012040816 3.984438776 0)
(2.017346939 3.983979592 0)
(2.022653061 3.983520408 0)
(2.027959184 3.983061224 0)
(2.033265306 3.982602041 0)
(2.048061224 4.325408163 0)
(2.053265306 4.325102041 0)
(2.058469388 4.324795918 0)
(2.063673469 4.324489796 0)
(2.068877551 4.324183673 0)
(2.074081633 4.323877551 0)
(2.079285714 4.323571429 0)
(2.084489796 4.323265306 0)
(2.089693878 4.322959184 0)
(2.094897959 4.322653061 0)
(2.100102041 4.322346939 0)
(2.105306122 4.322040816 0)
(2.110510204 4.321734694 0)
(2.126530612 4.662704082 0)
(2.131632653 4.66255102 0)
(2.136734694 4.662397959 0)
(2.141836735 4.662244898 0)
(2.146938776 4.662091837 0)
(2.152040816 4.661938776 0)
(2.157142857 4.661785714 0)
(2.162244898 4.661632653 0)
(2.167346939 4.661479592 0)
(2.17244898 4.661326531 0)
(2.17755102 4.661173469 0)
(2.182653061 4.661020408 0)
(2.187755102 4.660867347 0)
(2.19872449 4.660612245 0)
(2.204591837 4.660510204 0)
(2.210459184 4.660408163 0)
(2.216326531 4.660306122 0)
(2.222193878 4.660204082 0)
(2.228061224 4.660102041 0)
(2.233928571 4.66 0)
(2.239795918 4.659897959 0)
(2.245663265 4.659795918 0)
(2.251530612 4.659693878 0)
(2.257397959 4.659591837 0)
(2.263265306 4.659489796 0)
(2.269132653 4.659387755 0)
(2.121734694 4.32122449 0)
(2.127755102 4.321020408 0)
(2.13377551 4.320816327 0)
(2.139795918 4.320612245 0)
(2.145816327 4.320408163 0)
(2.151836735 4.320204082 0)
(2.157857143 4.32 0)
(2.163877551 4.319795918 0)
(2.169897959 4.319591837 0)
(2.175918367 4.319387755 0)
(2.181938776 4.319183673 0)
(2.187959184 4.318979592 0)
(2.193979592 4.31877551 0)
(2.044744898 3.981836735 0)
(2.050918367 3.981530612 0)
(2.057091837 3.98122449 0)
(2.063265306 3.980918367 0)
(2.069438776 3.980612245 0)
(2.075612245 3.980306122 0)
(2.081785714 3.98 0)
(2.087959184 3.979693878 0)
(2.094132653 3.979387755 0)
(2.100306122 3.979081633 0)
(2.106479592 3.97877551 0)
(2.112653061 3.978469388 0)
(2.118826531 3.978163265 0)
(1.967755102 3.64244898 0)
(1.974081633 3.642040816 0)
(1.980408163 3.641632653 0)
(1.986734694 3.64122449 0)
(1.993061224 3.640816327 0)
(1.999387755 3.640408163 0)
(2.005714286 3.64 0)
(2.012040816 3.639591837 0)
(2.018367347 3.639183673 0)
(2.024693878 3.63877551 0)
(2.031020408 3.638367347 0)
(2.037346939 3.637959184 0)
(2.043673469 3.63755102 0)
(1.890765306 3.303061224 0)
(1.897244898 3.30255102 0)
(1.90372449 3.302040816 0)
(1.910204082 3.301530612 0)
(1.916683673 3.301020408 0)
(1.923163265 3.300510204 0)
(1.929642857 3.3 0)
(1.936122449 3.299489796 0)
(1.942602041 3.298979592 0)
(1.949081633 3.298469388 0)
(1.955561224 3.297959184 0)
(1.962040816 3.29744898 0)
(1.968520408 3.296938776 0)
(1.81377551 2.963673469 0)
(1.820408163 2.963061224 0)
(1.827040816 2.96244898 0)
(1.833673469 2.961836735 0)
(1.840306122 2.96122449 0)
(1.846938776 2.960612245 0)
(1.853571429 2.96 0)
(1.860204082 2.959387755 0)
(1.866836735 2.95877551 0)
(1.873469388 2.958163265 0)
(1.880102041 2.95755102 0)
(1.886734694 2.956938776 0)
(1.893367347 2.956326531 0)
(1.736785714 2.624285714 0)
(1.743571429 2.623571429 0)
(1.750357143 2.622857143 0)
(1.757142857 2.622142857 0)
(1.763928571 2.621428571 0)
(1.770714286 2.620714286 0)
(1.7775 2.62 0)
(1.784285714 2.619285714 0)
(1.791071429 2.618571429 0)
(1.797857143 2.617857143 0)
(1.804642857 2.617142857 0)
(1.811428571 2.616428571 0)
(1.818214286 2.615714286 0)
(1.659795918 2.284897959 0)
(1.666734694 2.284081633 0)
(1.673673469 2.283265306 0)
(1.680612245 2.28244898 0)
(1.68755102 2.281632653 0)
(1.694489796 2.280816327 0)
(1.701428571 2.28 0)
(1.708367347 2.279183673 0)
(1.715306122 2.278367347 0)
(1.722244898 2.27755102 0)
(1.729183673 2.276734694 0)
(1.736122449 2.275918367 0)
(1.743061224 2.275102041 0)
(1.582806122 1.945510204 0)
(1.589897959 1.944591837 0)
(1.596989796 1.943673469 0)
(1.604081633 1.942755102 0)
(1.611173469 1.941836735 0)
(1.618265306 1.940918367 0)
(1.625357143 1.94 0)
(1.63244898 1.939081633 0)
(1.639540816 1.938163265 0)
(1.646632653 1.937244898 0)
(1.65372449 1.936326531 0)
(1.660816327 1.935408163 0)
(1.667908163 1.934489796 0)
(1.505816327 1.606122449 0)
(1.513061224 1.605102041 0)
(1.520306122 1.604081633 0)
(1.52755102 1.603061224 0)
(1.534795918 1.602040816 0)
(1.542040816 1.601020408 0)
(1.549285714 1.6 0)
(1.556530612 1.598979592 0)
(1.56377551 1.597959184 0)
(1.571020408 1.596938776 0)
(1.578265306 1.595918367 0)
(1.585510204 1.594897959 0)
(1.592755102 1.593877551 0)
(1.428826531 1.266734694 0)
(1.43622449 1.265612245 0)
(1.443622449 1.264489796 0)
(1.451020408 1.263367347 0)
(1.458418367 1.262244898 0)
(1.465816327 1.261122449 0)
(1.473214286 1.26 0)
(1.480612245 1.258877551 0)
(1.488010204 1.257755102 0)
(1.495408163 1.256632653 0)
(1.502806122 1.255510204 0)
(1.510204082 1.254387755 0)
(1.517602041 1.253265306 0)
(1.382040816 0.9224489796 0)
(1.389591837 0.9212244898 0)
(1.397142857 0.92 0)
(1.404693878 0.9187755102 0)
(1.412244898 0.9175510204 0)
(1.419795918 0.9163265306 0)
(1.427346939 0.9151020408 0)
(1.434897959 0.913877551 0)
(1.44244898 0.9126530612 0)
(1.429183673 4.664489796 0)
(1.395510204 4.328979592 0)
(1.515714286 4.664285714 0)
(1.476428571 4.328571429 0)
(1.437142857 3.992857143 0)
(1.397857143 3.657142857 0)
(1.602244898 4.664081633 0)
(1.557346939 4.328163265 0)
(1.51244898 3.992244898 0)
(1.46755102 3.656326531 0)
(1.422653061 3.320408163 0)
(1.377755102 2.984489796 0)
(1.68877551 4.663877551 0)
(1.638265306 4.327755102 0)
(1.587755102 3.991632653 0)
(1.537244898 3.655510204 0)
(1.486734694 3.319387755 0)
(1.43622449 2.983265306 0)
(1.385714286 2.647142857 0)
(1.775306122 4.663673469 0)
(1.719183673 4.327346939 0)
(1.663061224 3.991020408 0)
(1.606938776 3.654693878 0)
(1.550816327 3.318367347 0)
(1.494693878 2.982040816 0)
(1.438571429 2.645714286 0)
(1.38244898 2.309387755 0)
(1.861836735 4.663469388 0)
(1.800102041 4.326938776 0)
(1.738367347 3.990408163 0)
(1.676632653 3.653877551 0)
(1.614897959 3.317346939 0)
(1.553163265 2.980816327 0)
(1.491428571 2.644285714 0)
(1.429693878 2.307755102 0)
(1.948367347 4.663265306 0)
(1.881020408 4.326530612 0)
(1.813673469 3.989795918 0)
(1.746326531 3.653061224 0)
(1.678979592 3.316326531 0)
(1.611632653 2.979591837 0)
(1.544285714 2.642857143 0)
(1.476938776 2.306122449 0)
(1.409591837 1.969387755 0)
(2.034897959 4.663061224 0)
(1.961938776 4.326122449 0)
(1.888979592 3.989183673 0)
(1.816020408 3.652244898 0)
(1.743061224 3.315306122 0)
(1.670102041 2.978367347 0)
(1.597142857 2.641428571 0)
(1.524183673 2.304489796 0)
(1.45122449 1.96755102 0)
(1.378265306 1.630612245 0)
(1.549744898 -0.6144897959 0)
(1.528061224 -0.6118367347 0)
(1.506377551 -0.6091836735 0)
(1.484693878 -0.6065306122 0)
(1.463010204 -0.603877551 0)
(1.441326531 -0.6012244898 0)
(1.419642857 -0.5985714286 0)
(1.397959184 -0.5959183673 0)
(1.617346939 -0.9518367347 0)
(1.591836735 -0.9493877551 0)
(1.566326531 -0.9469387755 0)
(1.540816327 -0.9444897959 0)
(1.515306122 -0.9420408163 0)
(1.489795918 -0.9395918367 0)
(1.464285714 -0.9371428571 0)
(1.43877551 -0.9346938775 0)
(1.413265306 -0.932244898 0)
(1.68494898 -1.289183673 0)
(1.655612245 -1.286938776 0)
(1.62627551 -1.284693878 0)
(1.596938776 -1.28244898 0)
(1.567602041 -1.280204082 0)
(1.538265306 -1.277959184 0)
(1.508928571 -1.275714286 0)
(1.479591837 -1.273469388 0)
(1.450255102 -1.27122449 0)
(1.420918367 -1.268979592 0)
(1.75255102 -1.626530612 0)
(1.719387755 -1.624489796 0)
(1.68622449 -1.62244898 0)
(1.653061224 -1.620408163 0)
(1.619897959 -1.618367347 0)
(1.586734694 -1.616326531 0)
(1.553571429 -1.614285714 0)
(1.520408163 -1.612244898 0)
(1.487244898 -1.610204082 0)
(1.454081633 -1.608163265 0)
(1.420918367 -1.606122449 0)
(1.820153061 -1.963877551 0)
(1.783163265 -1.962040816 0)
(1.746173469 -1.960204082 0)
(1.709183673 -1.958367347 0)
(1.672193878 -1.956530612 0)
(1.635204082 -1.954693878 0)
(1.598214286 -1.952857143 0)
(1.56122449 -1.951020408 0)
(1.524234694 -1.949183673 0)
(1.487244898 -1.947346939 0)
(1.450255102 -1.945510204 0)
(1.413265306 -1.943673469 0)
(1.887755102 -2.30122449 0)
(1.846938776 -2.299591837 0)
(1.806122449 -2.297959184 0)
(1.765306122 -2.296326531 0)
(1.724489796 -2.294693878 0)
(1.683673469 -2.293061224 0)
(1.642857143 -2.291428571 0)
(1.602040816 -2.289795918 0)
(1.56122449 -2.288163265 0)
(1.520408163 -2.286530612 0)
(1.479591837 -2.284897959 0)
(1.43877551 -2.283265306 0)
(1.397959184 -2.281632653 0)
(1.955357143 -2.638571429 0)
(1.910714286 -2.637142857 0)
(1.866071429 -2.635714286 0)
(1.821428571 -2.634285714 0)
(1.776785714 -2.632857143 0)
(1.732142857 -2.631428571 0)
(1.6875 -2.63 0)
(1.642857143 -2.628571429 0)
(1.598214286 -2.627142857 0)
(1.553571429 -2.625714286 0)
(1.508928571 -2.624285714 0)
(1.464285714 -2.622857143 0)
(1.419642857 -2.621428571 0)
(2.022959184 -2.975918367 0)
(1.974489796 -2.974693878 0)
(1.926020408 -2.973469388 0)
(1.87755102 -2.972244898 0)
(1.829081633 -2.971020408 0)
(1.780612245 -2.969795918 0)
(1.732142857 -2.968571429 0)
(1.683673469 -2.967346939 0)
(1.635204082 -2.966122449 0)
(1.586734694 -2.964897959 0)
(1.538265306 -2.963673469 0)
(1.489795918 -2.96244898 0)
(1.441326531 -2.96122449 0)
(2.090561224 -3.313265306 0)
(2.038265306 -3.312244898 0)
(1.985969388 -3.31122449 0)
(1.933673469 -3.310204082 0)
(1.881377551 -3.309183673 0)
(1.829081633 -3.308163265 0)
(1.776785714 -3.307142857 0)
(1.724489796 -3.306122449 0)
(1.672193878 -3.305102041 0)
(1.619897959 -3.304081633 0)
(1.567602041 -3.303061224 0)
(1.515306122 -3.302040816 0)
(1.463010204 -3.301020408 0)
(2.158163265 -3.650612245 0)
(2.102040816 -3.649795918 0)
(2.045918367 -3.648979592 0)
(1.989795918 -3.648163265 0)
(1.933673469 -3.647346939 0)
(1.87755102 -3.646530612 0)
(1.821428571 -3.645714286 0)
(1.765306122 -3.644897959 0)
(1.709183673 -3.644081633 0)
(1.653061224 -3.643265306 0)
(1.596938776 -3.64244898 0)
(1.540816327 -3.641632653 0)
(1.484693878 -3.640816327 0)
(2.225765306 -3.987959184 0)
(2.165816327 -3.987346939 0)
(2.105867347 -3.986734694 0)
(2.045918367 -3.986122449 0)
(1.985969388 -3.985510204 0)
(1.926020408 -3.984897959 0)
(1.866071429 -3.984285714 0)
(1.806122449 -3.983673469 0)
(1.746173469 -3.983061224 0)
(1.68622449 -3.98244898 0)
(1.62627551 -3.981836735 0)
(1.566326531 -3.98122449 0)
(1.506377551 -3.980612245 0)
(2.293367347 -4.325306122 0)
(2.229591837 -4.324897959 0)
(2.165816327 -4.324489796 0)
(2.102040816 -4.324081633 0)
(2.038265306 -4.323673469 0)
(1.974489796 -4.323265306 0)
(1.910714286 -4.322857143 0)
(1.846938776 -4.32244898 0)
(1.783163265 -4.322040816 0)
(1.719387755 -4.321632653 0)
(1.655612245 -4.32122449 0)
(1.591836735 -4.320816327 0)
(1.528061224 -4.320408163 0)
(2.360969388 -4.662653061 0)
(2.293367347 -4.66244898 0)
(2.225765306 -4.662244898 0)
(2.158163265 -4.662040816 0)
(2.090561224 -4.661836735 0)
(2.022959184 -4.661632653 0)
(1.955357143 -4.661428571 0)
(1.887755102 -4.66122449 0)
(1.820153061 -4.661020408 0)
(1.75255102 -4.660816327 0)
(1.68494898 -4.660612245 0)
(1.617346939 -4.660408163 0)
(1.549744898 -4.660204082 0)
(2.459183673 -0.6171428571 0)
(2.525510204 -0.9542857143 0)
(2.591836735 -1.291428571 0)
(2.658163265 -1.628571429 0)
(2.724489796 -1.965714286 0)
(2.790816327 -2.302857143 0)
(2.857142857 -2.64 0)
(2.923469388 -2.977142857 0)
(2.989795918 -3.314285714 0)
(3.056122449 -3.651428571 0)
(3.12244898 -3.988571429 0)
(3.18877551 -4.325714286 0)
(3.255102041 -4.662857143 0)
(3.285714286 -0.2693877551 0)
(2.392857143 -0.2689795918 0)
(3.285714286 -0.2587755102 0)
(2.392857143 -0.2579591837 0)
(3.285714286 -0.2481632653 0)
(2.392857143 -0.2469387755 0)
(3.285714286 -0.2375510204 0)
(2.392857143 -0.2359183673 0)
(3.285714286 -0.2269387755 0)
(2.392857143 -0.2248979592 0)
(3.285714286 -0.2163265306 0)
(2.392857143 -0.213877551 0)
(3.285714286 -0.2057142857 0)
(2.392857143 -0.2028571429 0)
(3.285714286 -0.1951020408 0)
(2.392857143 -0.1918367347 0)
(3.285714286 -0.1844897959 0)
(2.392857143 -0.1808163265 0)
(3.285714286 -0.173877551 0)
(2.392857143 -0.1697959184 0)
(3.285714286 -0.1632653061 0)
(2.392857143 -0.1587755102 0)
(3.285714286 -0.1526530612 0)
(2.392857143 -0.147755102 0)
(3.285714286 -0.1420408163 0)
(2.392857143 -0.1367346939 0)
(2.392857143 -0.1241836735 0)
(3.285714286 -0.1297959184 0)
(2.392857143 -0.1226530612 0)
(3.285714286 -0.1281632653 0)
(2.392857143 -0.121122449 0)
(3.285714286 -0.1265306122 0)
(2.392857143 -0.1195918367 0)
(3.285714286 -0.1248979592 0)
(2.392857143 -0.1180612245 0)
(3.285714286 -0.1232653061 0)
(2.392857143 -0.1165306122 0)
(3.285714286 -0.1216326531 0)
(2.392857143 -0.115 0)
(3.285714286 -0.12 0)
(2.392857143 -0.1134693878 0)
(3.285714286 -0.1183673469 0)
(2.392857143 -0.1119387755 0)
(3.285714286 -0.1167346939 0)
(2.392857143 -0.1104081633 0)
(3.285714286 -0.1151020408 0)
(2.392857143 -0.108877551 0)
(3.285714286 -0.1134693878 0)
(2.392857143 -0.1073469388 0)
(3.285714286 -0.1118367347 0)
(2.392857143 -0.1058163265 0)
(3.285714286 -0.1102040816 0)
(2.392857143 -0.0843877551 0)
(2.392857143 -0.08591836735 0)
(2.392857143 -0.08744897959 0)
(2.392857143 -0.08897959184 0)
(2.392857143 -0.09051020408 0)
(2.392857143 -0.09204081633 0)
(2.392857143 -0.09357142857 0)
(2.392857143 -0.09510204082 0)
(2.392857143 -0.09663265306 0)
(2.392857143 -0.09816326531 0)
(2.392857143 -0.09969387755 0)
(3.285714286 -0.1053061224 0)
(2.392857143 -0.1012244898 0)
(3.285714286 -0.1069387755 0)
(2.392857143 -0.102755102 0)
(2.392857143 -0.0437244898 0)
(2.392857143 -0.04673469388 0)
(2.392857143 -0.04974489796 0)
(2.392857143 -0.05275510204 0)
(2.392857143 -0.05576530612 0)
(2.392857143 -0.0587755102 0)
(2.392857143 -0.06178571429 0)
(2.392857143 -0.06479591837 0)
(2.392857143 -0.06780612245 0)
(2.392857143 -0.07081632653 0)
(2.392857143 -0.07382653061 0)
(2.392857143 -0.07683673469 0)
(2.392857143 -0.07984693878 0)
(3.285714286 -0.04459183673 0)
(3.285714286 -0.04775510204 0)
(3.285714286 -0.05091836735 0)
(3.285714286 -0.05408163265 0)
(3.285714286 -0.05724489796 0)
(3.285714286 -0.06040816327 0)
(3.285714286 -0.06357142857 0)
(3.285714286 -0.06673469388 0)
(3.285714286 -0.06989795918 0)
(3.285714286 -0.07306122449 0)
(3.285714286 -0.0762244898 0)
(3.285714286 -0.0793877551 0)
(3.285714286 -0.08255102041 0)
(3.285714286 0.185 0)
(2.392857143 0.1846428571 0)
(3.285714286 0.17 0)
(2.392857143 0.1692857143 0)
(3.285714286 0.155 0)
(2.392857143 0.1539285714 0)
(3.285714286 0.14 0)
(2.392857143 0.1385714286 0)
(3.285714286 0.125 0)
(2.392857143 0.1232142857 0)
(3.285714286 0.11 0)
(2.392857143 0.1078571429 0)
(3.285714286 0.095 0)
(2.392857143 0.0925 0)
(3.285714286 0.08 0)
(2.392857143 0.07714285714 0)
(3.285714286 0.065 0)
(2.392857143 0.06178571429 0)
(3.285714286 0.05 0)
(2.392857143 0.04642857143 0)
(3.285714286 0.035 0)
(2.392857143 0.03107142857 0)
(3.285714286 0.02 0)
(2.392857143 0.01571428571 0)
(3.285714286 0.005 0)
(2.392857143 0.0003571428572 0)
(1.386020408 0.5687244898 0)
(1.389693878 0.5680612245 0)
(1.393367347 0.5673979592 0)
(1.397040816 0.5667346939 0)
(1.400714286 0.5660714286 0)
(1.404387755 0.5654081633 0)
(1.408061224 0.564744898 0)
(1.411734694 0.5640816327 0)
(1.415408163 0.5634183673 0)
(1.419081633 0.562755102 0)
(1.422755102 0.5620918367 0)
(1.45377551 0.9108163265 0)
(1.45755102 0.9102040816 0)
(1.461326531 0.9095918367 0)
(1.465102041 0.9089795918 0)
(1.468877551 0.9083673469 0)
(1.472653061 0.907755102 0)
(1.476428571 0.9071428571 0)
(1.480204082 0.9065306122 0)
(1.483979592 0.9059183673 0)
(1.487755102 0.9053061225 0)
(1.491530612 0.9046938776 0)
(1.495306122 0.9040816327 0)
(1.499081633 0.9034693878 0)
(1.528877551 1.251581633 0)
(1.532755102 1.251020408 0)
(1.536632653 1.250459184 0)
(1.540510204 1.249897959 0)
(1.544387755 1.249336735 0)
(1.548265306 1.24877551 0)
(1.552142857 1.248214286 0)
(1.556020408 1.247653061 0)
(1.559897959 1.247091837 0)
(1.56377551 1.246530612 0)
(1.567653061 1.245969388 0)
(1.571530612 1.245408163 0)
(1.575408163 1.244846939 0)
(1.603979592 1.592346939 0)
(1.607959184 1.591836735 0)
(1.611938776 1.591326531 0)
(1.615918367 1.590816327 0)
(1.619897959 1.590306122 0)
(1.623877551 1.589795918 0)
(1.627857143 1.589285714 0)
(1.631836735 1.58877551 0)
(1.635816327 1.588265306 0)
(1.639795918 1.587755102 0)
(1.64377551 1.587244898 0)
(1.647755102 1.586734694 0)
(1.651734694 1.58622449 0)
(1.679081633 1.933112245 0)
(1.683163265 1.932653061 0)
(1.687244898 1.932193878 0)
(1.691326531 1.931734694 0)
(1.695408163 1.93127551 0)
(1.699489796 1.930816327 0)
(1.703571429 1.930357143 0)
(1.707653061 1.929897959 0)
(1.711734694 1.929438776 0)
(1.715816327 1.928979592 0)
(1.719897959 1.928520408 0)
(1.723979592 1.928061224 0)
(1.728061224 1.927602041 0)
(1.754183673 2.273877551 0)
(1.758367347 2.273469388 0)
(1.76255102 2.273061224 0)
(1.766734694 2.272653061 0)
(1.770918367 2.272244898 0)
(1.775102041 2.271836735 0)
(1.779285714 2.271428571 0)
(1.783469388 2.271020408 0)
(1.787653061 2.270612245 0)
(1.791836735 2.270204082 0)
(1.796020408 2.269795918 0)
(1.800204082 2.269387755 0)
(1.804387755 2.268979592 0)
(1.829285714 2.614642857 0)
(1.833571429 2.614285714 0)
(1.837857143 2.613928571 0)
(1.842142857 2.613571429 0)
(1.846428571 2.613214286 0)
(1.850714286 2.612857143 0)
(1.855 2.6125 0)
(1.859285714 2.612142857 0)
(1.863571429 2.611785714 0)
(1.867857143 2.611428571 0)
(1.872142857 2.611071429 0)
(1.876428571 2.610714286 0)
(1.880714286 2.610357143 0)
(1.904387755 2.955408163 0)
(1.90877551 2.955102041 0)
(1.913163265 2.954795918 0)
(1.91755102 2.954489796 0)
(1.921938776 2.954183673 0)
(1.926326531 2.953877551 0)
(1.930714286 2.953571429 0)
(1.935102041 2.953265306 0)
(1.939489796 2.952959184 0)
(1.943877551 2.952653061 0)
(1.948265306 2.952346939 0)
(1.952653061 2.952040816 0)
(1.957040816 2.951734694 0)
(1.979489796 3.296173469 0)
(1.983979592 3.295918367 0)
(1.988469388 3.295663265 0)
(1.992959184 3.295408163 0)
(1.99744898 3.295153061 0)
(2.001938776 3.294897959 0)
(2.006428571 3.294642857 0)
(2.010918367 3.294387755 0)
(2.015408163 3.294132653 0)
(2.019897959 3.293877551 0)
(2.024387755 3.293622449 0)
(2.028877551 3.293367347 0)
(2.033367347 3.293112245 0)
(2.054591837 3.636938776 0)
(2.059183673 3.636734694 0)
(2.06377551 3.636530612 0)
(2.068367347 3.636326531 0)
(2.072959184 3.636122449 0)
(2.07755102 3.635918367 0)
(2.082142857 3.635714286 0)
(2.086734694 3.635510204 0)
(2.091326531 3.635306122 0)
(2.095918367 3.635102041 0)
(2.100510204 3.634897959 0)
(2.105102041 3.634693878 0)
(2.109693878 3.634489796 0)
(2.129693878 3.977704082 0)
(2.134387755 3.97755102 0)
(2.139081633 3.977397959 0)
(2.14377551 3.977244898 0)
(2.148469388 3.977091837 0)
(2.153163265 3.976938776 0)
(2.157857143 3.976785714 0)
(2.16255102 3.976632653 0)
(2.167244898 3.976479592 0)
(2.171938776 3.976326531 0)
(2.176632653 3.976173469 0)
(2.181326531 3.976020408 0)
(2.186020408 3.975867347 0)
(2.204795918 4.318469388 0)
(2.209591837 4.318367347 0)
(2.214387755 4.318265306 0)
(2.219183673 4.318163265 0)
(2.223979592 4.318061224 0)
(2.22877551 4.317959184 0)
(2.233571429 4.317857143 0)
(2.238367347 4.317755102 0)
(2.243163265 4.317653061 0)
(2.247959184 4.31755102 0)
(2.252755102 4.31744898 0)
(2.25755102 4.317346939 0)
(2.262346939 4.317244898 0)
(2.279897959 4.659234694 0)
(2.284795918 4.659183673 0)
(2.289693878 4.659132653 0)
(2.294591837 4.659081633 0)
(2.299489796 4.659030612 0)
(2.304387755 4.658979592 0)
(2.309285714 4.658928571 0)
(2.314183673 4.658877551 0)
(2.319081633 4.658826531 0)
(2.323979592 4.65877551 0)
(2.328877551 4.65872449 0)
(2.33377551 4.658673469 0)
(2.338673469 4.658622449 0)
(2.349642857 4.658469388 0)
(2.273571429 4.316938776 0)
(2.1975 3.975408163 0)
(2.121428571 3.633877551 0)
(2.045357143 3.292346939 0)
(1.969285714 2.950816327 0)
(1.893214286 2.609285714 0)
(1.817142857 2.267755102 0)
(1.741071429 1.92622449 0)
(1.665 1.584693878 0)
(1.588928571 1.243163265 0)
(1.512857143 0.9016326531 0)
(1.436785714 0.5601020408 0)
(2.355714286 4.658367347 0)
(2.28 4.316734694 0)
(2.204285714 3.975102041 0)
(2.128571429 3.633469388 0)
(2.052857143 3.291836735 0)
(1.977142857 2.950204082 0)
(1.901428571 2.608571429 0)
(1.825714286 2.266938776 0)
(1.75 1.925306122 0)
(1.674285714 1.583673469 0)
(1.598571429 1.242040816 0)
(1.522857143 0.9004081633 0)
(1.447142857 0.5587755102 0)
(2.361785714 4.658265306 0)
(2.286428571 4.316530612 0)
(2.211071429 3.974795918 0)
(2.135714286 3.633061224 0)
(2.060357143 3.291326531 0)
(1.985 2.949591837 0)
(1.909642857 2.607857143 0)
(1.834285714 2.266122449 0)
(1.758928571 1.924387755 0)
(1.683571429 1.582653061 0)
(1.608214286 1.240918367 0)
(1.532857143 0.8991836735 0)
(1.4575 0.5574489796 0)
(2.367857143 4.658163265 0)
(2.292857143 4.316326531 0)
(2.217857143 3.974489796 0)
(2.142857143 3.632653061 0)
(2.067857143 3.290816327 0)
(1.992857143 2.948979592 0)
(1.917857143 2.607142857 0)
(1.842857143 2.265306122 0)
(1.767857143 1.923469388 0)
(1.692857143 1.581632653 0)
(1.617857143 1.239795918 0)
(1.542857143 0.8979591837 0)
(1.467857143 0.556122449 0)
(2.373928571 4.658061224 0)
(2.299285714 4.316122449 0)
(2.224642857 3.974183673 0)
(2.15 3.632244898 0)
(2.075357143 3.290306122 0)
(2.000714286 2.948367347 0)
(1.926071429 2.606428571 0)
(1.851428571 2.264489796 0)
(1.776785714 1.92255102 0)
(1.702142857 1.580612245 0)
(1.6275 1.238673469 0)
(1.552857143 0.8967346939 0)
(1.478214286 0.5547959184 0)
(2.38 4.657959184 0)
(2.305714286 4.315918367 0)
(2.231428571 3.973877551 0)
(2.157142857 3.631836735 0)
(2.082857143 3.289795918 0)
(2.008571429 2.947755102 0)
(1.934285714 2.605714286 0)
(1.86 2.263673469 0)
(1.785714286 1.921632653 0)
(1.711428571 1.579591837 0)
(1.637142857 1.23755102 0)
(1.562857143 0.8955102041 0)
(1.488571429 0.5534693878 0)
(2.386071429 4.657857143 0)
(2.312142857 4.315714286 0)
(2.238214286 3.973571429 0)
(2.164285714 3.631428571 0)
(2.090357143 3.289285714 0)
(2.016428571 2.947142857 0)
(1.9425 2.605 0)
(1.868571429 2.262857143 0)
(1.794642857 1.920714286 0)
(1.720714286 1.578571429 0)
(1.646785714 1.236428571 0)
(1.572857143 0.8942857143 0)
(1.498928571 0.5521428571 0)
(2.392142857 4.657755102 0)
(2.318571429 4.315510204 0)
(2.245 3.973265306 0)
(2.171428571 3.631020408 0)
(2.097857143 3.28877551 0)
(2.024285714 2.946530612 0)
(1.950714286 2.604285714 0)
(1.877142857 2.262040816 0)
(1.803571429 1.919795918 0)
(1.73 1.57755102 0)
(1.656428571 1.235306122 0)
(1.582857143 0.8930612245 0)
(1.509285714 0.5508163265 0)
(2.398214286 4.657653061 0)
(2.325 4.315306122 0)
(2.251785714 3.972959184 0)
(2.178571429 3.630612245 0)
(2.105357143 3.288265306 0)
(2.032142857 2.945918367 0)
(1.958928571 2.603571429 0)
(1.885714286 2.26122449 0)
(1.8125 1.918877551 0)
(1.739285714 1.576530612 0)
(1.666071429 1.234183673 0)
(1.592857143 0.8918367347 0)
(1.519642857 0.5494897959 0)
(2.404285714 4.65755102 0)
(2.331428571 4.315102041 0)
(2.258571429 3.972653061 0)
(2.185714286 3.630204082 0)
(2.112857143 3.287755102 0)
(2.04 2.945306122 0)
(1.967142857 2.602857143 0)
(1.894285714 2.260408163 0)
(1.821428571 1.917959184 0)
(1.748571429 1.575510204 0)
(1.675714286 1.233061224 0)
(1.602857143 0.8906122449 0)
(1.53 0.5481632653 0)
(2.410357143 4.65744898 0)
(2.337857143 4.314897959 0)
(2.265357143 3.972346939 0)
(2.192857143 3.629795918 0)
(2.120357143 3.287244898 0)
(2.047857143 2.944693878 0)
(1.975357143 2.602142857 0)
(1.902857143 2.259591837 0)
(1.830357143 1.917040816 0)
(1.757857143 1.574489796 0)
(1.685357143 1.231938776 0)
(1.612857143 0.8893877551 0)
(1.540357143 0.5468367347 0)
(2.416428571 4.657346939 0)
(2.344285714 4.314693878 0)
(2.272142857 3.972040816 0)
(2.2 3.629387755 0)
(2.127857143 3.286734694 0)
(2.055714286 2.944081633 0)
(1.983571429 2.601428571 0)
(1.911428571 2.25877551 0)
(1.839285714 1.916122449 0)
(1.767142857 1.573469388 0)
(1.695 1.230816327 0)
(1.622857143 0.8881632653 0)
(1.550714286 0.5455102041 0)
(2.4225 4.657244898 0)
(2.350714286 4.314489796 0)
(2.278928571 3.971734694 0)
(2.207142857 3.628979592 0)
(2.135357143 3.28622449 0)
(2.063571429 2.943469388 0)
(1.991785714 2.600714286 0)
(1.92 2.257959184 0)
(1.848214286 1.915204082 0)
(1.776428571 1.57244898 0)
(1.704642857 1.229693878 0)
(1.632857143 0.8869387755 0)
(1.561071429 0.5441836735 0)
(2.459183673 0.5428571429 0)
(2.525510204 0.8857142857 0)
(2.591836735 1.228571429 0)
(2.658163265 1.571428571 0)
(2.724489796 1.914285714 0)
(2.790816327 2.257142857 0)
(2.857142857 2.6 0)
(2.923469388 2.942857143 0)
(2.989795918 3.285714286 0)
(3.056122449 3.628571429 0)
(3.12244898 3.971428571 0)
(3.18877551 4.314285714 0)
(3.255102041 4.657142857 0)
(1.422857143 -0.01729591837 1)
(1.422857143 -0.01887755102 1)
(1.422857143 -0.02045918367 1)
(1.422857143 -0.02204081633 1)
(1.422857143 -0.02362244898 1)
(1.422857143 -0.02520408163 1)
(1.422857143 -0.02678571429 1)
(1.422857143 -0.02836734694 1)
(1.422857143 -0.02994897959 1)
(1.422857143 -0.03153061224 1)
(1.422857143 -0.0331122449 1)
(1.422857143 -0.03469387755 1)
(1.422857143 -0.0362755102 1)
(1.448571429 -0.01867346939 1)
(1.448571429 -0.02020408163 1)
(1.448571429 -0.02173469388 1)
(1.448571429 -0.02326530612 1)
(1.448571429 -0.02479591837 1)
(1.448571429 -0.02632653061 1)
(1.448571429 -0.02785714286 1)
(1.448571429 -0.0293877551 1)
(1.448571429 -0.03091836735 1)
(1.448571429 -0.03244897959 1)
(1.448571429 -0.03397959184 1)
(1.448571429 -0.03551020408 1)
(1.448571429 -0.03704081633 1)
(1.474285714 -0.02005102041 1)
(1.474285714 -0.02153061224 1)
(1.474285714 -0.02301020408 1)
(1.474285714 -0.02448979592 1)
(1.474285714 -0.02596938776 1)
(1.474285714 -0.02744897959 1)
(1.474285714 -0.02892857143 1)
(1.474285714 -0.03040816327 1)
(1.474285714 -0.0318877551 1)
(1.474285714 -0.03336734694 1)
(1.474285714 -0.03484693878 1)
(1.474285714 -0.03632653061 1)
(1.474285714 -0.03780612245 1)
(2.392857143 -0.01683673469 1)
(2.392857143 -0.01867346939 1)
(2.392857143 -0.02051020408 1)
(2.392857143 -0.02234693878 1)
(2.392857143 -0.02418367347 1)
(2.392857143 -0.02602040816 1)
(2.392857143 -0.02785714286 1)
(2.392857143 -0.02969387755 1)
(2.392857143 -0.03153061224 1)
(2.392857143 -0.03336734694 1)
(2.392857143 -0.03520408163 1)
(2.392857143 -0.03704081633 1)
(2.392857143 -0.03887755102 1)
(1.426071429 3.147091962e-14 1)
(1.450714286 -0.001428571429 1)
(1.475357143 -0.002857142857 1)
(1.429285714 0.01571428571 1)
(1.452857143 0.01428571429 1)
(1.476428571 0.01285714286 1)
(1.4325 0.03142857143 1)
(1.455 0.03 1)
(1.4775 0.02857142857 1)
(1.414285714 0.04857142857 1)
(1.435714286 0.04714285714 1)
(1.457142857 0.04571428571 1)
(1.478571429 0.04428571429 1)
(1.418571429 0.06428571429 1)
(1.438928571 0.06285714286 1)
(1.459285714 0.06142857143 1)
(1.479642857 0.06 1)
(1.422857143 0.08 1)
(1.442142857 0.07857142857 1)
(1.461428571 0.07714285714 1)
(1.480714286 0.07571428571 1)
(1.427142857 0.09571428571 1)
(1.445357143 0.09428571429 1)
(1.463571429 0.09285714286 1)
(1.481785714 0.09142857143 1)
(1.414285714 0.1128571429 1)
(1.431428571 0.1114285714 1)
(1.448571429 0.11 1)
(1.465714286 0.1085714286 1)
(1.482857143 0.1071428571 1)
(1.419642857 0.1285714286 1)
(1.435714286 0.1271428571 1)
(1.451785714 0.1257142857 1)
(1.467857143 0.1242857143 1)
(1.483928571 0.1228571429 1)
(1.425 0.1442857143 1)
(1.44 0.1428571429 1)
(1.455 0.1414285714 1)
(1.47 0.14 1)
(1.485 0.1385714286 1)
(1.416428571 0.1614285714 1)
(1.430357143 0.16 1)
(1.444285714 0.1585714286 1)
(1.458214286 0.1571428571 1)
(1.472142857 0.1557142857 1)
(1.486071429 0.1542857143 1)
(1.422857143 0.1771428571 1)
(1.435714286 0.1757142857 1)
(1.448571429 0.1742857143 1)
(1.461428571 0.1728571429 1)
(1.474285714 0.1714285714 1)
(1.487142857 0.17 1)
(1.4175 0.1942857143 1)
(1.429285714 0.1928571429 1)
(1.441071429 0.1914285714 1)
(1.452857143 0.19 1)
(1.464642857 0.1885714286 1)
(1.476428571 0.1871428571 1)
(1.488214286 0.1857142857 1)
(1.413469388 -0.06775510204 1)
(1.415102041 -0.07081632653 1)
(1.416734694 -0.07387755102 1)
(1.418367347 -0.07693877551 1)
(1.424081633 -0.04086734694 1)
(1.425306122 -0.04387755102 1)
(1.426530612 -0.0468877551 1)
(1.427755102 -0.04989795918 1)
(1.428979592 -0.05290816327 1)
(1.430204082 -0.05591836735 1)
(1.431428571 -0.05892857143 1)
(1.432653061 -0.06193877551 1)
(1.433877551 -0.06494897959 1)
(1.435102041 -0.06795918367 1)
(1.436326531 -0.07096938776 1)
(1.43755102 -0.07397959184 1)
(1.43877551 -0.07698979592 1)
(1.449387755 -0.04153061224 1)
(1.450204082 -0.04448979592 1)
(1.451020408 -0.04744897959 1)
(1.451836735 -0.05040816327 1)
(1.452653061 -0.05336734694 1)
(1.453469388 -0.05632653061 1)
(1.454285714 -0.05928571429 1)
(1.455102041 -0.06224489796 1)
(1.455918367 -0.06520408163 1)
(1.456734694 -0.06816326531 1)
(1.45755102 -0.07112244898 1)
(1.458367347 -0.07408163265 1)
(1.459183673 -0.07704081633 1)
(1.474693878 -0.04219387755 1)
(1.475102041 -0.04510204082 1)
(1.475510204 -0.04801020408 1)
(1.475918367 -0.05091836735 1)
(1.476326531 -0.05382653061 1)
(1.476734694 -0.05673469388 1)
(1.477142857 -0.05964285714 1)
(1.47755102 -0.06255102041 1)
(1.477959184 -0.06545918367 1)
(1.478367347 -0.06836734694 1)
(1.47877551 -0.0712755102 1)
(1.479183673 -0.07418367347 1)
(1.479591837 -0.07709183673 1)
(1.420204082 -0.08163265306 1)
(1.420408163 -0.08326530612 1)
(1.420612245 -0.08489795918 1)
(1.420816327 -0.08653061224 1)
(1.421020408 -0.08816326531 1)
(1.42122449 -0.08979591837 1)
(1.421428571 -0.09142857143 1)
(1.421632653 -0.09306122449 1)
(1.421836735 -0.09469387755 1)
(1.422040816 -0.09632653061 1)
(1.422244898 -0.09795918367 1)
(1.42244898 -0.09959183673 1)
(1.422653061 -0.1012244898 1)
(1.440153061 -0.08158163265 1)
(1.440306122 -0.08316326531 1)
(1.440459184 -0.08474489796 1)
(1.440612245 -0.08632653061 1)
(1.440765306 -0.08790816327 1)
(1.440918367 -0.08948979592 1)
(1.441071429 -0.09107142857 1)
(1.44122449 -0.09265306122 1)
(1.441377551 -0.09423469388 1)
(1.441530612 -0.09581632653 1)
(1.441683673 -0.09739795918 1)
(1.441836735 -0.09897959184 1)
(1.441989796 -0.1005612245 1)
(1.460102041 -0.08153061224 1)
(1.460204082 -0.08306122449 1)
(1.460306122 -0.08459183673 1)
(1.460408163 -0.08612244898 1)
(1.460510204 -0.08765306122 1)
(1.460612245 -0.08918367347 1)
(1.460714286 -0.09071428571 1)
(1.460816327 -0.09224489796 1)
(1.460918367 -0.0937755102 1)
(1.461020408 -0.09530612245 1)
(1.461122449 -0.09683673469 1)
(1.46122449 -0.09836734694 1)
(1.461326531 -0.09989795918 1)
(1.48005102 -0.08147959184 1)
(1.480102041 -0.08295918367 1)
(1.480153061 -0.08443877551 1)
(1.480204082 -0.08591836735 1)
(1.480255102 -0.08739795918 1)
(1.480306122 -0.08887755102 1)
(1.480357143 -0.09035714286 1)
(1.480408163 -0.09183673469 1)
(1.480459184 -0.09331632653 1)
(1.480510204 -0.09479591837 1)
(1.480561224 -0.0962755102 1)
(1.480612245 -0.09775510204 1)
(1.480663265 -0.09923469388 1)
(1.480714286 -0.1182908163 1)
(1.461428571 -0.1180102041 1)
(1.442142857 -0.1177295918 1)
(1.422857143 -0.1174489796 1)
(1.480714286 -0.1169387755 1)
(1.461428571 -0.1167346939 1)
(1.442142857 -0.1165306122 1)
(1.422857143 -0.1163265306 1)
(1.480714286 -0.1155867347 1)
(1.461428571 -0.1154591837 1)
(1.442142857 -0.1153316327 1)
(1.422857143 -0.1152040816 1)
(1.480714286 -0.1142346939 1)
(1.461428571 -0.1141836735 1)
(1.442142857 -0.1141326531 1)
(1.422857143 -0.1140816327 1)
(1.480714286 -0.1128826531 1)
(1.461428571 -0.1129081633 1)
(1.442142857 -0.1129336735 1)
(1.422857143 -0.1129591837 1)
(1.480714286 -0.1115306122 1)
(1.461428571 -0.1116326531 1)
(1.442142857 -0.1117346939 1)
(1.422857143 -0.1118367347 1)
(1.480714286 -0.1101785714 1)
(1.461428571 -0.1103571429 1)
(1.442142857 -0.1105357143 1)
(1.422857143 -0.1107142857 1)
(1.480714286 -0.1088265306 1)
(1.461428571 -0.1090816327 1)
(1.442142857 -0.1093367347 1)
(1.422857143 -0.1095918367 1)
(1.480714286 -0.1074744898 1)
(1.461428571 -0.1078061224 1)
(1.442142857 -0.1081377551 1)
(1.422857143 -0.1084693878 1)
(1.480714286 -0.106122449 1)
(1.461428571 -0.1065306122 1)
(1.442142857 -0.1069387755 1)
(1.422857143 -0.1073469388 1)
(1.480714286 -0.1047704082 1)
(1.461428571 -0.105255102 1)
(1.442142857 -0.1057397959 1)
(1.422857143 -0.1062244898 1)
(1.480714286 -0.1034183673 1)
(1.461428571 -0.1039795918 1)
(1.442142857 -0.1045408163 1)
(1.422857143 -0.1051020408 1)
(1.480714286 -0.1020663265 1)
(1.461428571 -0.1027040816 1)
(1.442142857 -0.1033418367 1)
(1.422857143 -0.1039795918 1)
(1.423265306 -0.1292857143 1)
(1.423673469 -0.14 1)
(1.424081633 -0.1507142857 1)
(1.424489796 -0.1614285714 1)
(1.424897959 -0.1721428571 1)
(1.425306122 -0.1828571429 1)
(1.425714286 -0.1935714286 1)
(1.426122449 -0.2042857143 1)
(1.426530612 -0.215 1)
(1.426938776 -0.2257142857 1)
(1.427346939 -0.2364285714 1)
(1.427755102 -0.2471428571 1)
(1.428163265 -0.2578571429 1)
(1.44244898 -0.1298214286 1)
(1.442755102 -0.1407142857 1)
(1.443061224 -0.1516071429 1)
(1.443367347 -0.1625 1)
(1.443673469 -0.1733928571 1)
(1.443979592 -0.1842857143 1)
(1.444285714 -0.1951785714 1)
(1.444591837 -0.2060714286 1)
(1.444897959 -0.2169642857 1)
(1.445204082 -0.2278571429 1)
(1.445510204 -0.23875 1)
(1.445816327 -0.2496428571 1)
(1.446122449 -0.2605357143 1)
(1.461632653 -0.1303571429 1)
(1.461836735 -0.1414285714 1)
(1.462040816 -0.1525 1)
(1.462244898 -0.1635714286 1)
(1.46244898 -0.1746428571 1)
(1.462653061 -0.1857142857 1)
(1.462857143 -0.1967857143 1)
(1.463061224 -0.2078571429 1)
(1.463265306 -0.2189285714 1)
(1.463469388 -0.23 1)
(1.463673469 -0.2410714286 1)
(1.463877551 -0.2521428571 1)
(1.464081633 -0.2632142857 1)
(1.480816327 -0.1308928571 1)
(1.480918367 -0.1421428571 1)
(1.481020408 -0.1533928571 1)
(1.481122449 -0.1646428571 1)
(1.48122449 -0.1758928571 1)
(1.481326531 -0.1871428571 1)
(1.481428571 -0.1983928571 1)
(1.481530612 -0.2096428571 1)
(1.481632653 -0.2208928571 1)
(1.481734694 -0.2321428571 1)
(1.481836735 -0.2433928571 1)
(1.481938776 -0.2546428571 1)
(1.482040816 -0.2658928571 1)
(1.420102041 -4.66 1)
(1.420510204 -4.32 1)
(1.435612245 -4.66 1)
(1.419081633 -3.98 1)
(1.435102041 -4.32 1)
(1.451122449 -4.66 1)
(1.415816327 -3.64 1)
(1.432755102 -3.98 1)
(1.449693878 -4.32 1)
(1.466632653 -4.66 1)
(1.384693878 1.277959184 1)
(1.390816327 1.27627551 1)
(1.396938776 1.274591837 1)
(1.403061224 1.272908163 1)
(1.409183673 1.27122449 1)
(1.415306122 1.269540816 1)
(1.420306122 1.627040816 1)
(1.426326531 1.625510204 1)
(1.432346939 1.623979592 1)
(1.438367347 1.62244898 1)
(1.444387755 1.620918367 1)
(1.450408163 1.619387755 1)
(1.456428571 1.617857143 1)
(1.46244898 1.616326531 1)
(1.468469388 1.614795918 1)
(1.474489796 1.613265306 1)
(1.480510204 1.611734694 1)
(1.486530612 1.610204082 1)
(1.49255102 1.608673469 1)
(1.49877551 1.964336735 1)
(1.504693878 1.962959184 1)
(1.510612245 1.961581633 1)
(1.516530612 1.960204082 1)
(1.52244898 1.958826531 1)
(1.528367347 1.95744898 1)
(1.534285714 1.956071429 1)
(1.540204082 1.954693878 1)
(1.546122449 1.953316327 1)
(1.552040816 1.951938776 1)
(1.557959184 1.950561224 1)
(1.563877551 1.949183673 1)
(1.569795918 1.947806122 1)
(1.577244898 2.301632653 1)
(1.583061224 2.300408163 1)
(1.588877551 2.299183673 1)
(1.594693878 2.297959184 1)
(1.600510204 2.296734694 1)
(1.606326531 2.295510204 1)
(1.612142857 2.294285714 1)
(1.617959184 2.293061224 1)
(1.62377551 2.291836735 1)
(1.629591837 2.290612245 1)
(1.635408163 2.289387755 1)
(1.64122449 2.288163265 1)
(1.647040816 2.286938776 1)
(1.655714286 2.638928571 1)
(1.661428571 2.637857143 1)
(1.667142857 2.636785714 1)
(1.672857143 2.635714286 1)
(1.678571429 2.634642857 1)
(1.684285714 2.633571429 1)
(1.69 2.6325 1)
(1.695714286 2.631428571 1)
(1.701428571 2.630357143 1)
(1.707142857 2.629285714 1)
(1.712857143 2.628214286 1)
(1.718571429 2.627142857 1)
(1.724285714 2.626071429 1)
(1.734183673 2.97622449 1)
(1.739795918 2.975306122 1)
(1.745408163 2.974387755 1)
(1.751020408 2.973469388 1)
(1.756632653 2.97255102 1)
(1.762244898 2.971632653 1)
(1.767857143 2.970714286 1)
(1.773469388 2.969795918 1)
(1.779081633 2.968877551 1)
(1.784693878 2.967959184 1)
(1.790306122 2.967040816 1)
(1.795918367 2.966122449 1)
(1.801530612 2.965204082 1)
(1.812653061 3.313520408 1)
(1.818163265 3.312755102 1)
(1.823673469 3.311989796 1)
(1.829183673 3.31122449 1)
(1.834693878 3.310459184 1)
(1.840204082 3.309693878 1)
(1.845714286 3.308928571 1)
(1.85122449 3.308163265 1)
(1.856734694 3.307397959 1)
(1.862244898 3.306632653 1)
(1.867755102 3.305867347 1)
(1.873265306 3.305102041 1)
(1.87877551 3.304336735 1)
(1.891122449 3.650816327 1)
(1.896530612 3.650204082 1)
(1.901938776 3.649591837 1)
(1.907346939 3.648979592 1)
(1.912755102 3.648367347 1)
(1.918163265 3.647755102 1)
(1.923571429 3.647142857 1)
(1.928979592 3.646530612 1)
(1.934387755 3.645918367 1)
(1.939795918 3.645306122 1)
(1.945204082 3.644693878 1)
(1.950612245 3.644081633 1)
(1.956020408 3.643469388 1)
(1.969591837 3.988112245 1)
(1.974897959 3.987653061 1)
(1.980204082 3.987193878 1)
(1.985510204 3.986734694 1)
(1.990816327 3.98627551 1)
(1.996122449 3.985816327 1)
(2.001428571 3.985357143 1)
(2.006734694 3.984897959 1)
(2.012040816 3.984438776 1)
(2.017346939 3.983979592 1)
(2.022653061 3.983520408 1)
(2.027959184 3.983061224 1)
(2.033265306 3.982602041 1)
(2.048061224 4.325408163 1)
(2.053265306 4.325102041 1)
(2.058469388 4.324795918 1)
(2.063673469 4.324489796 1)
(2.068877551 4.324183673 1)
(2.074081633 4.323877551 1)
(2.079285714 4.323571429 1)
(2.084489796 4.323265306 1)
(2.089693878 4.322959184 1)
(2.094897959 4.322653061 1)
(2.100102041 4.322346939 1)
(2.105306122 4.322040816 1)
(2.110510204 4.321734694 1)
(2.126530612 4.662704082 1)
(2.131632653 4.66255102 1)
(2.136734694 4.662397959 1)
(2.141836735 4.662244898 1)
(2.146938776 4.662091837 1)
(2.152040816 4.661938776 1)
(2.157142857 4.661785714 1)
(2.162244898 4.661632653 1)
(2.167346939 4.661479592 1)
(2.17244898 4.661326531 1)
(2.17755102 4.661173469 1)
(2.182653061 4.661020408 1)
(2.187755102 4.660867347 1)
(2.19872449 4.660612245 1)
(2.204591837 4.660510204 1)
(2.210459184 4.660408163 1)
(2.216326531 4.660306122 1)
(2.222193878 4.660204082 1)
(2.228061224 4.660102041 1)
(2.233928571 4.66 1)
(2.239795918 4.659897959 1)
(2.245663265 4.659795918 1)
(2.251530612 4.659693878 1)
(2.257397959 4.659591837 1)
(2.263265306 4.659489796 1)
(2.269132653 4.659387755 1)
(2.121734694 4.32122449 1)
(2.127755102 4.321020408 1)
(2.13377551 4.320816327 1)
(2.139795918 4.320612245 1)
(2.145816327 4.320408163 1)
(2.151836735 4.320204082 1)
(2.157857143 4.32 1)
(2.163877551 4.319795918 1)
(2.169897959 4.319591837 1)
(2.175918367 4.319387755 1)
(2.181938776 4.319183673 1)
(2.187959184 4.318979592 1)
(2.193979592 4.31877551 1)
(2.044744898 3.981836735 1)
(2.050918367 3.981530612 1)
(2.057091837 3.98122449 1)
(2.063265306 3.980918367 1)
(2.069438776 3.980612245 1)
(2.075612245 3.980306122 1)
(2.081785714 3.98 1)
(2.087959184 3.979693878 1)
(2.094132653 3.979387755 1)
(2.100306122 3.979081633 1)
(2.106479592 3.97877551 1)
(2.112653061 3.978469388 1)
(2.118826531 3.978163265 1)
(1.967755102 3.64244898 1)
(1.974081633 3.642040816 1)
(1.980408163 3.641632653 1)
(1.986734694 3.64122449 1)
(1.993061224 3.640816327 1)
(1.999387755 3.640408163 1)
(2.005714286 3.64 1)
(2.012040816 3.639591837 1)
(2.018367347 3.639183673 1)
(2.024693878 3.63877551 1)
(2.031020408 3.638367347 1)
(2.037346939 3.637959184 1)
(2.043673469 3.63755102 1)
(1.890765306 3.303061224 1)
(1.897244898 3.30255102 1)
(1.90372449 3.302040816 1)
(1.910204082 3.301530612 1)
(1.916683673 3.301020408 1)
(1.923163265 3.300510204 1)
(1.929642857 3.3 1)
(1.936122449 3.299489796 1)
(1.942602041 3.298979592 1)
(1.949081633 3.298469388 1)
(1.955561224 3.297959184 1)
(1.962040816 3.29744898 1)
(1.968520408 3.296938776 1)
(1.81377551 2.963673469 1)
(1.820408163 2.963061224 1)
(1.827040816 2.96244898 1)
(1.833673469 2.961836735 1)
(1.840306122 2.96122449 1)
(1.846938776 2.960612245 1)
(1.853571429 2.96 1)
(1.860204082 2.959387755 1)
(1.866836735 2.95877551 1)
(1.873469388 2.958163265 1)
(1.880102041 2.95755102 1)
(1.886734694 2.956938776 1)
(1.893367347 2.956326531 1)
(1.736785714 2.624285714 1)
(1.743571429 2.623571429 1)
(1.750357143 2.622857143 1)
(1.757142857 2.622142857 1)
(1.763928571 2.621428571 1)
(1.770714286 2.620714286 1)
(1.7775 2.62 1)
(1.784285714 2.619285714 1)
(1.791071429 2.618571429 1)
(1.797857143 2.617857143 1)
(1.804642857 2.617142857 1)
(1.811428571 2.616428571 1)
(1.818214286 2.615714286 1)
(1.659795918 2.284897959 1)
(1.666734694 2.284081633 1)
(1.673673469 2.283265306 1)
(1.680612245 2.28244898 1)
(1.68755102 2.281632653 1)
(1.694489796 2.280816327 1)
(1.701428571 2.28 1)
(1.708367347 2.279183673 1)
(1.715306122 2.278367347 1)
(1.722244898 2.27755102 1)
(1.729183673 2.276734694 1)
(1.736122449 2.275918367 1)
(1.743061224 2.275102041 1)
(1.582806122 1.945510204 1)
(1.589897959 1.944591837 1)
(1.596989796 1.943673469 1)
(1.604081633 1.942755102 1)
(1.611173469 1.941836735 1)
(1.618265306 1.940918367 1)
(1.625357143 1.94 1)
(1.63244898 1.939081633 1)
(1.639540816 1.938163265 1)
(1.646632653 1.937244898 1)
(1.65372449 1.936326531 1)
(1.660816327 1.935408163 1)
(1.667908163 1.934489796 1)
(1.505816327 1.606122449 1)
(1.513061224 1.605102041 1)
(1.520306122 1.604081633 1)
(1.52755102 1.603061224 1)
(1.534795918 1.602040816 1)
(1.542040816 1.601020408 1)
(1.549285714 1.6 1)
(1.556530612 1.598979592 1)
(1.56377551 1.597959184 1)
(1.571020408 1.596938776 1)
(1.578265306 1.595918367 1)
(1.585510204 1.594897959 1)
(1.592755102 1.593877551 1)
(1.428826531 1.266734694 1)
(1.43622449 1.265612245 1)
(1.443622449 1.264489796 1)
(1.451020408 1.263367347 1)
(1.458418367 1.262244898 1)
(1.465816327 1.261122449 1)
(1.473214286 1.26 1)
(1.480612245 1.258877551 1)
(1.488010204 1.257755102 1)
(1.495408163 1.256632653 1)
(1.502806122 1.255510204 1)
(1.510204082 1.254387755 1)
(1.517602041 1.253265306 1)
(1.382040816 0.9224489796 1)
(1.389591837 0.9212244898 1)
(1.397142857 0.92 1)
(1.404693878 0.9187755102 1)
(1.412244898 0.9175510204 1)
(1.419795918 0.9163265306 1)
(1.427346939 0.9151020408 1)
(1.434897959 0.913877551 1)
(1.44244898 0.9126530612 1)
(1.429183673 4.664489796 1)
(1.395510204 4.328979592 1)
(1.515714286 4.664285714 1)
(1.476428571 4.328571429 1)
(1.437142857 3.992857143 1)
(1.397857143 3.657142857 1)
(1.602244898 4.664081633 1)
(1.557346939 4.328163265 1)
(1.51244898 3.992244898 1)
(1.46755102 3.656326531 1)
(1.422653061 3.320408163 1)
(1.377755102 2.984489796 1)
(1.68877551 4.663877551 1)
(1.638265306 4.327755102 1)
(1.587755102 3.991632653 1)
(1.537244898 3.655510204 1)
(1.486734694 3.319387755 1)
(1.43622449 2.983265306 1)
(1.385714286 2.647142857 1)
(1.775306122 4.663673469 1)
(1.719183673 4.327346939 1)
(1.663061224 3.991020408 1)
(1.606938776 3.654693878 1)
(1.550816327 3.318367347 1)
(1.494693878 2.982040816 1)
(1.438571429 2.645714286 1)
(1.38244898 2.309387755 1)
(1.861836735 4.663469388 1)
(1.800102041 4.326938776 1)
(1.738367347 3.990408163 1)
(1.676632653 3.653877551 1)
(1.614897959 3.317346939 1)
(1.553163265 2.980816327 1)
(1.491428571 2.644285714 1)
(1.429693878 2.307755102 1)
(1.948367347 4.663265306 1)
(1.881020408 4.326530612 1)
(1.813673469 3.989795918 1)
(1.746326531 3.653061224 1)
(1.678979592 3.316326531 1)
(1.611632653 2.979591837 1)
(1.544285714 2.642857143 1)
(1.476938776 2.306122449 1)
(1.409591837 1.969387755 1)
(2.034897959 4.663061224 1)
(1.961938776 4.326122449 1)
(1.888979592 3.989183673 1)
(1.816020408 3.652244898 1)
(1.743061224 3.315306122 1)
(1.670102041 2.978367347 1)
(1.597142857 2.641428571 1)
(1.524183673 2.304489796 1)
(1.45122449 1.96755102 1)
(1.378265306 1.630612245 1)
(1.549744898 -0.6144897959 1)
(1.528061224 -0.6118367347 1)
(1.506377551 -0.6091836735 1)
(1.484693878 -0.6065306122 1)
(1.463010204 -0.603877551 1)
(1.441326531 -0.6012244898 1)
(1.419642857 -0.5985714286 1)
(1.397959184 -0.5959183673 1)
(1.617346939 -0.9518367347 1)
(1.591836735 -0.9493877551 1)
(1.566326531 -0.9469387755 1)
(1.540816327 -0.9444897959 1)
(1.515306122 -0.9420408163 1)
(1.489795918 -0.9395918367 1)
(1.464285714 -0.9371428571 1)
(1.43877551 -0.9346938775 1)
(1.413265306 -0.932244898 1)
(1.68494898 -1.289183673 1)
(1.655612245 -1.286938776 1)
(1.62627551 -1.284693878 1)
(1.596938776 -1.28244898 1)
(1.567602041 -1.280204082 1)
(1.538265306 -1.277959184 1)
(1.508928571 -1.275714286 1)
(1.479591837 -1.273469388 1)
(1.450255102 -1.27122449 1)
(1.420918367 -1.268979592 1)
(1.75255102 -1.626530612 1)
(1.719387755 -1.624489796 1)
(1.68622449 -1.62244898 1)
(1.653061224 -1.620408163 1)
(1.619897959 -1.618367347 1)
(1.586734694 -1.616326531 1)
(1.553571429 -1.614285714 1)
(1.520408163 -1.612244898 1)
(1.487244898 -1.610204082 1)
(1.454081633 -1.608163265 1)
(1.420918367 -1.606122449 1)
(1.820153061 -1.963877551 1)
(1.783163265 -1.962040816 1)
(1.746173469 -1.960204082 1)
(1.709183673 -1.958367347 1)
(1.672193878 -1.956530612 1)
(1.635204082 -1.954693878 1)
(1.598214286 -1.952857143 1)
(1.56122449 -1.951020408 1)
(1.524234694 -1.949183673 1)
(1.487244898 -1.947346939 1)
(1.450255102 -1.945510204 1)
(1.413265306 -1.943673469 1)
(1.887755102 -2.30122449 1)
(1.846938776 -2.299591837 1)
(1.806122449 -2.297959184 1)
(1.765306122 -2.296326531 1)
(1.724489796 -2.294693878 1)
(1.683673469 -2.293061224 1)
(1.642857143 -2.291428571 1)
(1.602040816 -2.289795918 1)
(1.56122449 -2.288163265 1)
(1.520408163 -2.286530612 1)
(1.479591837 -2.284897959 1)
(1.43877551 -2.283265306 1)
(1.397959184 -2.281632653 1)
(1.955357143 -2.638571429 1)
(1.910714286 -2.637142857 1)
(1.866071429 -2.635714286 1)
(1.821428571 -2.634285714 1)
(1.776785714 -2.632857143 1)
(1.732142857 -2.631428571 1)
(1.6875 -2.63 1)
(1.642857143 -2.628571429 1)
(1.598214286 -2.627142857 1)
(1.553571429 -2.625714286 1)
(1.508928571 -2.624285714 1)
(1.464285714 -2.622857143 1)
(1.419642857 -2.621428571 1)
(2.022959184 -2.975918367 1)
(1.974489796 -2.974693878 1)
(1.926020408 -2.973469388 1)
(1.87755102 -2.972244898 1)
(1.829081633 -2.971020408 1)
(1.780612245 -2.969795918 1)
(1.732142857 -2.968571429 1)
(1.683673469 -2.967346939 1)
(1.635204082 -2.966122449 1)
(1.586734694 -2.964897959 1)
(1.538265306 -2.963673469 1)
(1.489795918 -2.96244898 1)
(1.441326531 -2.96122449 1)
(2.090561224 -3.313265306 1)
(2.038265306 -3.312244898 1)
(1.985969388 -3.31122449 1)
(1.933673469 -3.310204082 1)
(1.881377551 -3.309183673 1)
(1.829081633 -3.308163265 1)
(1.776785714 -3.307142857 1)
(1.724489796 -3.306122449 1)
(1.672193878 -3.305102041 1)
(1.619897959 -3.304081633 1)
(1.567602041 -3.303061224 1)
(1.515306122 -3.302040816 1)
(1.463010204 -3.301020408 1)
(2.158163265 -3.650612245 1)
(2.102040816 -3.649795918 1)
(2.045918367 -3.648979592 1)
(1.989795918 -3.648163265 1)
(1.933673469 -3.647346939 1)
(1.87755102 -3.646530612 1)
(1.821428571 -3.645714286 1)
(1.765306122 -3.644897959 1)
(1.709183673 -3.644081633 1)
(1.653061224 -3.643265306 1)
(1.596938776 -3.64244898 1)
(1.540816327 -3.641632653 1)
(1.484693878 -3.640816327 1)
(2.225765306 -3.987959184 1)
(2.165816327 -3.987346939 1)
(2.105867347 -3.986734694 1)
(2.045918367 -3.986122449 1)
(1.985969388 -3.985510204 1)
(1.926020408 -3.984897959 1)
(1.866071429 -3.984285714 1)
(1.806122449 -3.983673469 1)
(1.746173469 -3.983061224 1)
(1.68622449 -3.98244898 1)
(1.62627551 -3.981836735 1)
(1.566326531 -3.98122449 1)
(1.506377551 -3.980612245 1)
(2.293367347 -4.325306122 1)
(2.229591837 -4.324897959 1)
(2.165816327 -4.324489796 1)
(2.102040816 -4.324081633 1)
(2.038265306 -4.323673469 1)
(1.974489796 -4.323265306 1)
(1.910714286 -4.322857143 1)
(1.846938776 -4.32244898 1)
(1.783163265 -4.322040816 1)
(1.719387755 -4.321632653 1)
(1.655612245 -4.32122449 1)
(1.591836735 -4.320816327 1)
(1.528061224 -4.320408163 1)
(2.360969388 -4.662653061 1)
(2.293367347 -4.66244898 1)
(2.225765306 -4.662244898 1)
(2.158163265 -4.662040816 1)
(2.090561224 -4.661836735 1)
(2.022959184 -4.661632653 1)
(1.955357143 -4.661428571 1)
(1.887755102 -4.66122449 1)
(1.820153061 -4.661020408 1)
(1.75255102 -4.660816327 1)
(1.68494898 -4.660612245 1)
(1.617346939 -4.660408163 1)
(1.549744898 -4.660204082 1)
(2.459183673 -0.6171428571 1)
(2.525510204 -0.9542857143 1)
(2.591836735 -1.291428571 1)
(2.658163265 -1.628571429 1)
(2.724489796 -1.965714286 1)
(2.790816327 -2.302857143 1)
(2.857142857 -2.64 1)
(2.923469388 -2.977142857 1)
(2.989795918 -3.314285714 1)
(3.056122449 -3.651428571 1)
(3.12244898 -3.988571429 1)
(3.18877551 -4.325714286 1)
(3.255102041 -4.662857143 1)
(3.285714286 -0.2693877551 1)
(2.392857143 -0.2689795918 1)
(3.285714286 -0.2587755102 1)
(2.392857143 -0.2579591837 1)
(3.285714286 -0.2481632653 1)
(2.392857143 -0.2469387755 1)
(3.285714286 -0.2375510204 1)
(2.392857143 -0.2359183673 1)
(3.285714286 -0.2269387755 1)
(2.392857143 -0.2248979592 1)
(3.285714286 -0.2163265306 1)
(2.392857143 -0.213877551 1)
(3.285714286 -0.2057142857 1)
(2.392857143 -0.2028571429 1)
(3.285714286 -0.1951020408 1)
(2.392857143 -0.1918367347 1)
(3.285714286 -0.1844897959 1)
(2.392857143 -0.1808163265 1)
(3.285714286 -0.173877551 1)
(2.392857143 -0.1697959184 1)
(3.285714286 -0.1632653061 1)
(2.392857143 -0.1587755102 1)
(3.285714286 -0.1526530612 1)
(2.392857143 -0.147755102 1)
(3.285714286 -0.1420408163 1)
(2.392857143 -0.1367346939 1)
(2.392857143 -0.1241836735 1)
(3.285714286 -0.1297959184 1)
(2.392857143 -0.1226530612 1)
(3.285714286 -0.1281632653 1)
(2.392857143 -0.121122449 1)
(3.285714286 -0.1265306122 1)
(2.392857143 -0.1195918367 1)
(3.285714286 -0.1248979592 1)
(2.392857143 -0.1180612245 1)
(3.285714286 -0.1232653061 1)
(2.392857143 -0.1165306122 1)
(3.285714286 -0.1216326531 1)
(2.392857143 -0.115 1)
(3.285714286 -0.12 1)
(2.392857143 -0.1134693878 1)
(3.285714286 -0.1183673469 1)
(2.392857143 -0.1119387755 1)
(3.285714286 -0.1167346939 1)
(2.392857143 -0.1104081633 1)
(3.285714286 -0.1151020408 1)
(2.392857143 -0.108877551 1)
(3.285714286 -0.1134693878 1)
(2.392857143 -0.1073469388 1)
(3.285714286 -0.1118367347 1)
(2.392857143 -0.1058163265 1)
(3.285714286 -0.1102040816 1)
(2.392857143 -0.0843877551 1)
(2.392857143 -0.08591836735 1)
(2.392857143 -0.08744897959 1)
(2.392857143 -0.08897959184 1)
(2.392857143 -0.09051020408 1)
(2.392857143 -0.09204081633 1)
(2.392857143 -0.09357142857 1)
(2.392857143 -0.09510204082 1)
(2.392857143 -0.09663265306 1)
(2.392857143 -0.09816326531 1)
(2.392857143 -0.09969387755 1)
(3.285714286 -0.1053061224 1)
(2.392857143 -0.1012244898 1)
(3.285714286 -0.1069387755 1)
(2.392857143 -0.102755102 1)
(2.392857143 -0.0437244898 1)
(2.392857143 -0.04673469388 1)
(2.392857143 -0.04974489796 1)
(2.392857143 -0.05275510204 1)
(2.392857143 -0.05576530612 1)
(2.392857143 -0.0587755102 1)
(2.392857143 -0.06178571429 1)
(2.392857143 -0.06479591837 1)
(2.392857143 -0.06780612245 1)
(2.392857143 -0.07081632653 1)
(2.392857143 -0.07382653061 1)
(2.392857143 -0.07683673469 1)
(2.392857143 -0.07984693878 1)
(3.285714286 -0.04459183673 1)
(3.285714286 -0.04775510204 1)
(3.285714286 -0.05091836735 1)
(3.285714286 -0.05408163265 1)
(3.285714286 -0.05724489796 1)
(3.285714286 -0.06040816327 1)
(3.285714286 -0.06357142857 1)
(3.285714286 -0.06673469388 1)
(3.285714286 -0.06989795918 1)
(3.285714286 -0.07306122449 1)
(3.285714286 -0.0762244898 1)
(3.285714286 -0.0793877551 1)
(3.285714286 -0.08255102041 1)
(3.285714286 0.185 1)
(2.392857143 0.1846428571 1)
(3.285714286 0.17 1)
(2.392857143 0.1692857143 1)
(3.285714286 0.155 1)
(2.392857143 0.1539285714 1)
(3.285714286 0.14 1)
(2.392857143 0.1385714286 1)
(3.285714286 0.125 1)
(2.392857143 0.1232142857 1)
(3.285714286 0.11 1)
(2.392857143 0.1078571429 1)
(3.285714286 0.095 1)
(2.392857143 0.0925 1)
(3.285714286 0.08 1)
(2.392857143 0.07714285714 1)
(3.285714286 0.065 1)
(2.392857143 0.06178571429 1)
(3.285714286 0.05 1)
(2.392857143 0.04642857143 1)
(3.285714286 0.035 1)
(2.392857143 0.03107142857 1)
(3.285714286 0.02 1)
(2.392857143 0.01571428571 1)
(3.285714286 0.005 1)
(2.392857143 0.0003571428572 1)
(1.386020408 0.5687244898 1)
(1.389693878 0.5680612245 1)
(1.393367347 0.5673979592 1)
(1.397040816 0.5667346939 1)
(1.400714286 0.5660714286 1)
(1.404387755 0.5654081633 1)
(1.408061224 0.564744898 1)
(1.411734694 0.5640816327 1)
(1.415408163 0.5634183673 1)
(1.419081633 0.562755102 1)
(1.422755102 0.5620918367 1)
(1.45377551 0.9108163265 1)
(1.45755102 0.9102040816 1)
(1.461326531 0.9095918367 1)
(1.465102041 0.9089795918 1)
(1.468877551 0.9083673469 1)
(1.472653061 0.907755102 1)
(1.476428571 0.9071428571 1)
(1.480204082 0.9065306122 1)
(1.483979592 0.9059183673 1)
(1.487755102 0.9053061225 1)
(1.491530612 0.9046938776 1)
(1.495306122 0.9040816327 1)
(1.499081633 0.9034693878 1)
(1.528877551 1.251581633 1)
(1.532755102 1.251020408 1)
(1.536632653 1.250459184 1)
(1.540510204 1.249897959 1)
(1.544387755 1.249336735 1)
(1.548265306 1.24877551 1)
(1.552142857 1.248214286 1)
(1.556020408 1.247653061 1)
(1.559897959 1.247091837 1)
(1.56377551 1.246530612 1)
(1.567653061 1.245969388 1)
(1.571530612 1.245408163 1)
(1.575408163 1.244846939 1)
(1.603979592 1.592346939 1)
(1.607959184 1.591836735 1)
(1.611938776 1.591326531 1)
(1.615918367 1.590816327 1)
(1.619897959 1.590306122 1)
(1.623877551 1.589795918 1)
(1.627857143 1.589285714 1)
(1.631836735 1.58877551 1)
(1.635816327 1.588265306 1)
(1.639795918 1.587755102 1)
(1.64377551 1.587244898 1)
(1.647755102 1.586734694 1)
(1.651734694 1.58622449 1)
(1.679081633 1.933112245 1)
(1.683163265 1.932653061 1)
(1.687244898 1.932193878 1)
(1.691326531 1.931734694 1)
(1.695408163 1.93127551 1)
(1.699489796 1.930816327 1)
(1.703571429 1.930357143 1)
(1.707653061 1.929897959 1)
(1.711734694 1.929438776 1)
(1.715816327 1.928979592 1)
(1.719897959 1.928520408 1)
(1.723979592 1.928061224 1)
(1.728061224 1.927602041 1)
(1.754183673 2.273877551 1)
(1.758367347 2.273469388 1)
(1.76255102 2.273061224 1)
(1.766734694 2.272653061 1)
(1.770918367 2.272244898 1)
(1.775102041 2.271836735 1)
(1.779285714 2.271428571 1)
(1.783469388 2.271020408 1)
(1.787653061 2.270612245 1)
(1.791836735 2.270204082 1)
(1.796020408 2.269795918 1)
(1.800204082 2.269387755 1)
(1.804387755 2.268979592 1)
(1.829285714 2.614642857 1)
(1.833571429 2.614285714 1)
(1.837857143 2.613928571 1)
(1.842142857 2.613571429 1)
(1.846428571 2.613214286 1)
(1.850714286 2.612857143 1)
(1.855 2.6125 1)
(1.859285714 2.612142857 1)
(1.863571429 2.611785714 1)
(1.867857143 2.611428571 1)
(1.872142857 2.611071429 1)
(1.876428571 2.610714286 1)
(1.880714286 2.610357143 1)
(1.904387755 2.955408163 1)
(1.90877551 2.955102041 1)
(1.913163265 2.954795918 1)
(1.91755102 2.954489796 1)
(1.921938776 2.954183673 1)
(1.926326531 2.953877551 1)
(1.930714286 2.953571429 1)
(1.935102041 2.953265306 1)
(1.939489796 2.952959184 1)
(1.943877551 2.952653061 1)
(1.948265306 2.952346939 1)
(1.952653061 2.952040816 1)
(1.957040816 2.951734694 1)
(1.979489796 3.296173469 1)
(1.983979592 3.295918367 1)
(1.988469388 3.295663265 1)
(1.992959184 3.295408163 1)
(1.99744898 3.295153061 1)
(2.001938776 3.294897959 1)
(2.006428571 3.294642857 1)
(2.010918367 3.294387755 1)
(2.015408163 3.294132653 1)
(2.019897959 3.293877551 1)
(2.024387755 3.293622449 1)
(2.028877551 3.293367347 1)
(2.033367347 3.293112245 1)
(2.054591837 3.636938776 1)
(2.059183673 3.636734694 1)
(2.06377551 3.636530612 1)
(2.068367347 3.636326531 1)
(2.072959184 3.636122449 1)
(2.07755102 3.635918367 1)
(2.082142857 3.635714286 1)
(2.086734694 3.635510204 1)
(2.091326531 3.635306122 1)
(2.095918367 3.635102041 1)
(2.100510204 3.634897959 1)
(2.105102041 3.634693878 1)
(2.109693878 3.634489796 1)
(2.129693878 3.977704082 1)
(2.134387755 3.97755102 1)
(2.139081633 3.977397959 1)
(2.14377551 3.977244898 1)
(2.148469388 3.977091837 1)
(2.153163265 3.976938776 1)
(2.157857143 3.976785714 1)
(2.16255102 3.976632653 1)
(2.167244898 3.976479592 1)
(2.171938776 3.976326531 1)
(2.176632653 3.976173469 1)
(2.181326531 3.976020408 1)
(2.186020408 3.975867347 1)
(2.204795918 4.318469388 1)
(2.209591837 4.318367347 1)
(2.214387755 4.318265306 1)
(2.219183673 4.318163265 1)
(2.223979592 4.318061224 1)
(2.22877551 4.317959184 1)
(2.233571429 4.317857143 1)
(2.238367347 4.317755102 1)
(2.243163265 4.317653061 1)
(2.247959184 4.31755102 1)
(2.252755102 4.31744898 1)
(2.25755102 4.317346939 1)
(2.262346939 4.317244898 1)
(2.279897959 4.659234694 1)
(2.284795918 4.659183673 1)
(2.289693878 4.659132653 1)
(2.294591837 4.659081633 1)
(2.299489796 4.659030612 1)
(2.304387755 4.658979592 1)
(2.309285714 4.658928571 1)
(2.314183673 4.658877551 1)
(2.319081633 4.658826531 1)
(2.323979592 4.65877551 1)
(2.328877551 4.65872449 1)
(2.33377551 4.658673469 1)
(2.338673469 4.658622449 1)
(2.349642857 4.658469388 1)
(2.273571429 4.316938776 1)
(2.1975 3.975408163 1)
(2.121428571 3.633877551 1)
(2.045357143 3.292346939 1)
(1.969285714 2.950816327 1)
(1.893214286 2.609285714 1)
(1.817142857 2.267755102 1)
(1.741071429 1.92622449 1)
(1.665 1.584693878 1)
(1.588928571 1.243163265 1)
(1.512857143 0.9016326531 1)
(1.436785714 0.5601020408 1)
(2.355714286 4.658367347 1)
(2.28 4.316734694 1)
(2.204285714 3.975102041 1)
(2.128571429 3.633469388 1)
(2.052857143 3.291836735 1)
(1.977142857 2.950204082 1)
(1.901428571 2.608571429 1)
(1.825714286 2.266938776 1)
(1.75 1.925306122 1)
(1.674285714 1.583673469 1)
(1.598571429 1.242040816 1)
(1.522857143 0.9004081633 1)
(1.447142857 0.5587755102 1)
(2.361785714 4.658265306 1)
(2.286428571 4.316530612 1)
(2.211071429 3.974795918 1)
(2.135714286 3.633061224 1)
(2.060357143 3.291326531 1)
(1.985 2.949591837 1)
(1.909642857 2.607857143 1)
(1.834285714 2.266122449 1)
(1.758928571 1.924387755 1)
(1.683571429 1.582653061 1)
(1.608214286 1.240918367 1)
(1.532857143 0.8991836735 1)
(1.4575 0.5574489796 1)
(2.367857143 4.658163265 1)
(2.292857143 4.316326531 1)
(2.217857143 3.974489796 1)
(2.142857143 3.632653061 1)
(2.067857143 3.290816327 1)
(1.992857143 2.948979592 1)
(1.917857143 2.607142857 1)
(1.842857143 2.265306122 1)
(1.767857143 1.923469388 1)
(1.692857143 1.581632653 1)
(1.617857143 1.239795918 1)
(1.542857143 0.8979591837 1)
(1.467857143 0.556122449 1)
(2.373928571 4.658061224 1)
(2.299285714 4.316122449 1)
(2.224642857 3.974183673 1)
(2.15 3.632244898 1)
(2.075357143 3.290306122 1)
(2.000714286 2.948367347 1)
(1.926071429 2.606428571 1)
(1.851428571 2.264489796 1)
(1.776785714 1.92255102 1)
(1.702142857 1.580612245 1)
(1.6275 1.238673469 1)
(1.552857143 0.8967346939 1)
(1.478214286 0.5547959184 1)
(2.38 4.657959184 1)
(2.305714286 4.315918367 1)
(2.231428571 3.973877551 1)
(2.157142857 3.631836735 1)
(2.082857143 3.289795918 1)
(2.008571429 2.947755102 1)
(1.934285714 2.605714286 1)
(1.86 2.263673469 1)
(1.785714286 1.921632653 1)
(1.711428571 1.579591837 1)
(1.637142857 1.23755102 1)
(1.562857143 0.8955102041 1)
(1.488571429 0.5534693878 1)
(2.386071429 4.657857143 1)
(2.312142857 4.315714286 1)
(2.238214286 3.973571429 1)
(2.164285714 3.631428571 1)
(2.090357143 3.289285714 1)
(2.016428571 2.947142857 1)
(1.9425 2.605 1)
(1.868571429 2.262857143 1)
(1.794642857 1.920714286 1)
(1.720714286 1.578571429 1)
(1.646785714 1.236428571 1)
(1.572857143 0.8942857143 1)
(1.498928571 0.5521428571 1)
(2.392142857 4.657755102 1)
(2.318571429 4.315510204 1)
(2.245 3.973265306 1)
(2.171428571 3.631020408 1)
(2.097857143 3.28877551 1)
(2.024285714 2.946530612 1)
(1.950714286 2.604285714 1)
(1.877142857 2.262040816 1)
(1.803571429 1.919795918 1)
(1.73 1.57755102 1)
(1.656428571 1.235306122 1)
(1.582857143 0.8930612245 1)
(1.509285714 0.5508163265 1)
(2.398214286 4.657653061 1)
(2.325 4.315306122 1)
(2.251785714 3.972959184 1)
(2.178571429 3.630612245 1)
(2.105357143 3.288265306 1)
(2.032142857 2.945918367 1)
(1.958928571 2.603571429 1)
(1.885714286 2.26122449 1)
(1.8125 1.918877551 1)
(1.739285714 1.576530612 1)
(1.666071429 1.234183673 1)
(1.592857143 0.8918367347 1)
(1.519642857 0.5494897959 1)
(2.404285714 4.65755102 1)
(2.331428571 4.315102041 1)
(2.258571429 3.972653061 1)
(2.185714286 3.630204082 1)
(2.112857143 3.287755102 1)
(2.04 2.945306122 1)
(1.967142857 2.602857143 1)
(1.894285714 2.260408163 1)
(1.821428571 1.917959184 1)
(1.748571429 1.575510204 1)
(1.675714286 1.233061224 1)
(1.602857143 0.8906122449 1)
(1.53 0.5481632653 1)
(2.410357143 4.65744898 1)
(2.337857143 4.314897959 1)
(2.265357143 3.972346939 1)
(2.192857143 3.629795918 1)
(2.120357143 3.287244898 1)
(2.047857143 2.944693878 1)
(1.975357143 2.602142857 1)
(1.902857143 2.259591837 1)
(1.830357143 1.917040816 1)
(1.757857143 1.574489796 1)
(1.685357143 1.231938776 1)
(1.612857143 0.8893877551 1)
(1.540357143 0.5468367347 1)
(2.416428571 4.657346939 1)
(2.344285714 4.314693878 1)
(2.272142857 3.972040816 1)
(2.2 3.629387755 1)
(2.127857143 3.286734694 1)
(2.055714286 2.944081633 1)
(1.983571429 2.601428571 1)
(1.911428571 2.25877551 1)
(1.839285714 1.916122449 1)
(1.767142857 1.573469388 1)
(1.695 1.230816327 1)
(1.622857143 0.8881632653 1)
(1.550714286 0.5455102041 1)
(2.4225 4.657244898 1)
(2.350714286 4.314489796 1)
(2.278928571 3.971734694 1)
(2.207142857 3.628979592 1)
(2.135357143 3.28622449 1)
(2.063571429 2.943469388 1)
(1.991785714 2.600714286 1)
(1.92 2.257959184 1)
(1.848214286 1.915204082 1)
(1.776428571 1.57244898 1)
(1.704642857 1.229693878 1)
(1.632857143 0.8869387755 1)
(1.561071429 0.5441836735 1)
(2.459183673 0.5428571429 1)
(2.525510204 0.8857142857 1)
(2.591836735 1.228571429 1)
(2.658163265 1.571428571 1)
(2.724489796 1.914285714 1)
(2.790816327 2.257142857 1)
(2.857142857 2.6 1)
(2.923469388 2.942857143 1)
(2.989795918 3.285714286 1)
(3.056122449 3.628571429 1)
(3.12244898 3.971428571 1)
(3.18877551 4.314285714 1)
(3.255102041 4.657142857 1)
)


// ************************************************************************* //
