/*--------------------------------*- C++ -*----------------------------------*\
| =========                 |                                                 |
| \\      /  F ield         | OpenFOAM: The Open Source CFD Toolbox           |
|  \\    /   O peration     | Version:  2206                                  |
|   \\  /    A nd           | Website:  www.openfoam.com                      |
|    \\/     M anipulation  |                                                 |
\*---------------------------------------------------------------------------*/
FoamFile
{
    version     2.0;
    format      ascii;
    arch        "LSB;label=32;scalar=64";
    class       labelList;
    location    "constant/polyMesh";
    object      cellProcAddressing;
}
// * * * * * * * * * * * * * * * * * * * * * * * * * * * * * * * * * * * * * //


1400
(
1176
1177
1178
1179
1180
1181
1182
1183
1184
1185
1186
1187
1188
1189
1190
1191
1192
1193
1194
1195
1196
1197
1198
1199
1200
1201
1202
1203
1204
1205
1206
1207
1208
1209
1210
1211
1212
1213
1214
1215
1216
1217
1218
1219
1220
1221
1222
1223
1224
1225
1226
1227
1228
1229
1230
1231
1232
1233
1234
1235
1236
1237
1238
1239
1240
1241
1242
1243
1244
1245
1246
1247
1248
1249
1250
1251
1252
1253
1254
1255
1256
1257
1258
1259
1260
1261
1262
1263
1264
1265
1266
1267
1268
1269
1270
1271
1272
1273
1274
1275
1276
1277
1278
1279
1280
1281
1282
1283
1284
1285
1286
1287
1288
1289
1290
1291
1292
1293
1294
1295
1296
1297
1298
1299
1300
1301
1302
1303
1304
1305
1306
1307
1308
1309
1310
1311
1312
1313
1314
1315
1316
1317
1318
1319
1320
1321
1322
1323
1324
1325
1326
1327
1328
1329
1330
1331
1332
1333
1334
1335
1336
1337
1338
1339
1340
1341
1342
1343
1344
1345
1346
1347
1348
1349
1350
1351
1352
1353
1354
1355
1356
1357
6677
6678
6679
6680
6681
6682
6683
6684
6685
6686
6687
6688
6689
6690
6691
6692
6693
6694
6695
6696
6697
6698
6699
6700
6701
6702
6703
6704
6705
6706
6707
6708
6709
6710
6711
6712
6713
6714
6715
6716
6717
6718
6719
6720
6721
6722
6723
6724
6725
6726
6727
6728
6729
6730
6731
6732
6733
6734
6735
6736
6737
6738
6739
6740
6741
6742
6743
6744
6745
6746
6747
6748
6749
6750
6751
6752
6753
6754
6755
6756
6757
6758
6759
6760
6761
6762
6763
6764
6765
6766
6767
6768
6769
6770
6771
6772
6773
6774
6775
6776
6777
6778
6779
6780
6781
6782
6783
6784
6785
6786
6787
6788
6789
6790
6791
6792
6793
6794
6795
6796
6797
6798
6799
6800
6801
6802
6803
6804
6805
6806
6807
6808
6809
6810
6811
6812
6813
6814
6815
6816
6817
6818
6819
6820
6821
6822
6823
6824
6825
6826
6827
6828
6829
6830
6831
6832
6833
6834
6835
6836
6837
6838
6839
6840
6841
6842
6843
6844
6845
6846
6847
6848
6849
6850
6851
6852
6853
6854
6855
6856
6857
6858
6859
6860
6861
6862
6863
6864
6865
6866
6867
6868
6869
6870
6871
6874
6875
6876
6877
6878
6879
6880
6881
6882
6883
6884
6885
6888
6889
6890
6891
6892
6893
6894
6895
6896
6897
6898
6899
6902
6903
6904
6905
6906
6907
6908
6909
6910
6911
6912
6913
6916
6917
6918
6919
6920
6921
6922
6923
6924
6925
6926
6927
6930
6931
6932
6933
6934
6935
6936
6937
6938
6939
6940
6941
6944
6945
6946
6947
6948
6949
6950
6951
6952
6953
6954
6955
6958
6959
6960
6961
6962
6963
6964
6965
6966
6967
6968
6969
6972
6973
6974
6975
6976
6977
6978
6979
6980
6981
6982
6983
6986
6987
6988
6989
6990
6991
6992
6993
6994
6995
6996
6997
7000
7001
7002
7003
7004
7005
7006
7007
7008
7009
7010
7011
7014
7015
7016
7017
7018
7019
7020
7021
7022
7023
7024
7025
7028
7029
7030
7031
7032
7033
7034
7035
7036
7037
7038
7039
7042
7043
7044
7045
7046
7047
7048
7049
7050
7051
7052
7053
7058
7059
7060
7061
7062
7063
7064
7065
7066
7067
7068
7069
7072
7073
7074
7075
7076
7077
7078
7079
7080
7081
7082
7083
7086
7087
7088
7089
7090
7091
7092
7093
7094
7095
7096
7097
7100
7101
7102
7103
7104
7105
7106
7107
7108
7109
7110
7111
7114
7115
7116
7117
7118
7119
7120
7121
7122
7123
7124
7125
7128
7129
7130
7131
7132
7133
7134
7135
7136
7137
7138
7139
7142
7143
7144
7145
7146
7147
7148
7149
7150
7151
7152
7153
7156
7157
7158
7159
7160
7161
7162
7163
7164
7165
7166
7167
7170
7171
7172
7173
7174
7175
7176
7177
7178
7179
7180
7181
7184
7185
7186
7187
7188
7189
7190
7191
7192
7193
7194
7195
7198
7199
7200
7201
7202
7203
7204
7205
7206
7207
7208
7209
7212
7213
7214
7215
7216
7217
7218
7219
7220
7221
7222
7223
7226
7227
7228
7229
7230
7231
7232
7233
7234
7235
7236
7237
7240
7241
7242
7243
7244
7245
7246
7247
7248
7249
7250
7251
7252
7253
7254
7255
7256
7257
7258
7259
7260
7261
7262
7263
7264
7266
7267
7268
7269
7270
7271
7272
7273
7274
7275
7276
7277
7278
7280
7281
7282
7283
7284
7285
7286
7287
7288
7289
7290
7291
7292
7294
7295
7296
7297
7298
7299
7300
7301
7302
7303
7304
7305
7306
7308
7309
7310
7311
7312
7313
7314
7315
7316
7317
7318
7319
7320
7322
7323
7324
7325
7326
7327
7328
7329
7330
7331
7332
7333
7334
7336
7337
7338
7339
7340
7341
7342
7343
7344
7345
7346
7347
7348
7350
7351
7352
7353
7354
7355
7356
7357
7358
7359
7360
7361
7362
7364
7365
7366
7367
7368
7369
7370
7371
7372
7373
7374
7375
7376
7378
7379
7380
7381
7382
7383
7384
7385
7386
7387
7388
7389
7390
7392
7393
7394
7395
7396
7397
7398
7399
7400
7401
7402
7403
7404
7406
7407
7408
7409
7410
7411
7412
7413
7414
7415
7416
7417
7418
7420
7421
7422
7423
7424
7425
7426
7427
7428
7429
7430
7431
7434
7435
7436
7437
7438
7439
7440
7441
7442
7443
7444
7445
7476
7477
7478
7479
7480
7481
7482
7483
7484
7485
7486
7487
7488
7489
7490
7491
7492
7493
7494
7495
7496
7497
7498
7499
7500
7501
7502
7503
7504
7505
7506
7507
7508
7509
7510
7511
7512
7513
7514
7515
7516
7517
7518
7519
7520
7521
7522
7523
7524
7525
7526
7527
7528
7529
7530
7531
7532
7533
7534
7535
7536
7537
7538
7539
7540
7541
7542
7543
7544
7545
7546
7547
7548
7549
7550
7551
7552
7553
7554
7555
7556
7557
7558
7559
7560
7561
7562
7563
7564
7565
7566
7567
7568
7569
7570
7571
7572
7573
7574
7575
7576
7577
7578
7579
7580
7581
7582
7583
7584
7585
7586
7587
7588
7589
7590
7591
7592
7593
7594
7595
7596
7597
7598
7599
7600
7601
7602
7603
7604
7605
7606
7607
7608
7609
7610
7611
7612
7613
7614
7615
7616
7617
7618
7619
7620
7621
7622
7623
7624
7625
7626
7627
7628
7629
7630
7631
7632
7633
7634
7635
7636
7637
7638
7639
7640
7641
7642
7643
7644
7645
7646
7647
7648
7649
7650
7651
7652
7653
7654
7655
7658
7659
7660
7661
7662
7663
7664
7665
7666
7667
7668
7669
7672
7673
7674
7675
7676
7677
7678
7679
7680
7681
7682
7683
7686
7687
7688
7689
7690
7691
7692
7693
7694
7695
7696
7697
7700
7701
7702
7703
7704
7705
7706
7707
7708
7709
7710
7711
7714
7715
7716
7717
7718
7719
7720
7721
7722
7723
7724
7725
7728
7729
7730
7731
7732
7733
7734
7735
7736
7737
7738
7739
7742
7743
7744
7745
7746
7747
7748
7749
7750
7751
7752
7753
7756
7757
7758
7759
7760
7761
7762
7763
7764
7765
7766
7767
7770
7771
7772
7773
7774
7775
7776
7777
7778
7779
7780
7781
7784
7785
7786
7787
7788
7789
7790
7791
7792
7793
7794
7795
7798
7799
7800
7801
7802
7803
7804
7805
7806
7807
7808
7809
7812
7813
7814
7815
7816
7817
7818
7819
7820
7821
7822
7823
7826
7827
7828
7829
7830
7831
7832
7833
7834
7835
7836
7837
8233
8234
8235
8236
8237
8238
8239
8240
8241
8242
8243
8244
8245
8247
8248
8249
8250
8251
8252
8253
8254
8255
8256
8257
8258
8259
8261
8262
8263
8264
8265
8266
8267
8268
8269
8270
8271
8272
8273
8275
8276
8277
8278
8279
8280
8281
8282
8283
8284
8285
8286
8287
8289
8290
8291
8292
8293
8294
8295
8296
8297
8298
8299
8300
8301
8303
8304
8305
8306
8307
8308
8309
8310
8311
8312
8313
8314
8315
8317
8318
8319
8320
8321
8322
8323
8324
8325
8326
8327
8328
8329
8331
8332
8333
8334
8335
8336
8337
8338
8339
8340
8341
8342
8343
8345
8346
8347
8348
8349
8350
8351
8352
8353
8354
8355
8356
8357
8359
8360
8361
8362
8363
8364
8365
8366
8367
8368
8369
8370
8371
8373
8374
8375
8376
8377
8378
8379
8380
8381
8382
8383
8384
8385
8387
8388
8389
8390
8391
8392
8393
8394
8395
8396
8397
8398
8399
8401
8402
8403
8404
8405
8406
8407
8408
8409
8410
8411
8412
8413
8414
8415
8416
8417
8418
8419
8420
8421
8422
8423
8424
8425
8426
8427
)


// ************************************************************************* //
