/*--------------------------------*- C++ -*----------------------------------*\
| =========                 |                                                 |
| \\      /  F ield         | OpenFOAM: The Open Source CFD Toolbox           |
|  \\    /   O peration     | Version:  2206                                  |
|   \\  /    A nd           | Website:  www.openfoam.com                      |
|    \\/     M anipulation  |                                                 |
\*---------------------------------------------------------------------------*/
FoamFile
{
    version     2.0;
    format      ascii;
    arch        "LSB;label=32;scalar=64";
    note        "nPoints:3062  nCells:1400  nFaces:5730  nInternalFaces:2670";
    class       labelList;
    location    "constant/polyMesh";
    object      neighbour;
}
// * * * * * * * * * * * * * * * * * * * * * * * * * * * * * * * * * * * * * //


2670
(
1
14
1205
2
15
3
16
4
17
5
18
6
19
7
20
8
21
9
22
10
23
11
24
12
25
13
26
27
1035
15
28
1206
16
29
17
30
18
31
19
32
20
33
21
34
22
35
23
36
24
37
25
38
26
39
27
40
41
1021
29
42
1207
30
43
31
44
32
45
33
46
34
47
35
48
36
49
37
50
38
51
39
52
40
53
41
54
55
1007
43
56
1208
44
57
45
58
46
59
47
60
48
61
49
62
50
63
51
64
52
65
53
66
54
67
55
68
69
993
57
70
1209
58
71
59
72
60
73
61
74
62
75
63
76
64
77
65
78
66
79
67
80
68
81
69
82
83
979
71
84
1210
72
85
73
86
74
87
75
88
76
89
77
90
78
91
79
92
80
93
81
94
82
95
83
96
97
965
85
98
1211
86
99
87
100
88
101
89
102
90
103
91
104
92
105
93
106
94
107
95
108
96
109
97
110
111
951
99
112
1212
100
113
101
114
102
115
103
116
104
117
105
118
106
119
107
120
108
121
109
122
110
123
111
124
125
937
113
126
1213
114
127
115
128
116
129
117
130
118
131
119
132
120
133
121
134
122
135
123
136
124
137
125
138
139
923
127
140
1214
128
141
129
142
130
143
131
144
132
145
133
146
134
147
135
148
136
149
137
150
138
151
139
152
153
909
141
154
1215
142
155
143
156
144
157
145
158
146
159
147
160
148
161
149
162
150
163
151
164
152
165
153
166
167
895
155
168
1216
156
169
157
170
158
171
159
172
160
173
161
174
162
175
163
176
164
177
165
178
166
179
167
180
181
881
169
170
171
172
173
174
175
176
177
178
179
180
181
196
184
197
185
198
186
199
187
200
188
201
189
202
190
203
191
204
192
205
193
206
194
207
195
208
196
209
210
198
211
376
199
212
200
213
201
214
202
215
203
216
204
217
205
218
206
219
207
220
208
221
209
222
210
223
224
212
225
375
213
226
214
227
215
228
216
229
217
230
218
231
219
232
220
233
221
234
222
235
223
236
224
237
238
226
239
374
227
240
228
241
229
242
230
243
231
244
232
245
233
246
234
247
235
248
236
249
237
250
238
251
252
240
253
373
241
254
242
255
243
256
244
257
245
258
246
259
247
260
248
261
249
262
250
263
251
264
252
265
266
254
267
372
255
268
256
269
257
270
258
271
259
272
260
273
261
274
262
275
263
276
264
277
265
278
266
279
280
268
281
371
269
282
270
283
271
284
272
285
273
286
274
287
275
288
276
289
277
290
278
291
279
292
280
293
294
282
295
370
283
296
284
297
285
298
286
299
287
300
288
301
289
302
290
303
291
304
292
305
293
306
294
307
308
296
309
369
297
310
298
311
299
312
300
313
301
314
302
315
303
316
304
317
305
318
306
319
307
320
308
321
322
310
323
368
311
324
312
325
313
326
314
327
315
328
316
329
317
330
318
331
319
332
320
333
321
334
322
335
336
324
337
367
325
338
326
339
327
340
328
341
329
342
330
343
331
344
332
345
333
346
334
347
335
348
336
349
350
338
351
366
339
352
340
353
341
354
342
355
343
356
344
357
345
358
346
359
347
360
348
361
349
362
350
363
364
352
365
353
354
355
356
357
358
359
360
361
362
363
364
366
377
367
378
368
379
369
380
370
381
371
382
372
383
373
384
374
385
375
386
376
387
388
378
389
379
390
380
391
381
392
382
393
383
394
384
395
385
396
386
397
387
398
388
399
400
390
401
391
402
392
403
393
404
394
405
395
406
396
407
397
408
398
409
399
410
400
411
412
402
413
403
414
404
415
405
416
406
417
407
418
408
419
409
420
410
421
411
422
412
423
424
414
425
415
426
416
427
417
428
418
429
419
430
420
431
421
432
422
433
423
434
424
435
436
426
437
427
438
428
439
429
440
430
441
431
442
432
443
433
444
434
445
435
446
436
447
448
438
449
439
450
440
451
441
452
442
453
443
454
444
455
445
456
446
457
447
458
448
459
460
450
461
451
462
452
463
453
464
454
465
455
466
456
467
457
468
458
469
459
470
460
471
472
462
473
463
474
464
475
465
476
466
477
467
478
468
479
469
480
470
481
471
482
472
483
484
474
485
475
486
476
487
477
488
478
489
479
490
480
491
481
492
482
493
483
494
484
495
496
486
497
487
498
488
499
489
500
490
501
491
502
492
503
493
504
494
505
495
506
496
507
508
498
509
499
510
500
511
501
512
502
513
503
514
504
515
505
516
506
517
507
518
508
519
520
510
521
511
522
512
523
513
524
514
525
515
526
516
527
517
528
518
529
519
530
520
531
532
522
544
523
543
524
542
525
541
526
540
527
539
528
538
529
537
530
536
531
535
532
534
533
534
545
535
546
536
547
537
548
538
549
539
550
540
551
541
552
542
553
543
554
544
555
556
546
557
547
558
548
559
549
560
550
561
551
562
552
563
553
564
554
565
555
566
556
567
568
558
569
559
570
560
571
561
572
562
573
563
574
564
575
565
576
566
577
567
578
568
579
580
570
581
571
582
572
583
573
584
574
585
575
586
576
587
577
588
578
589
579
590
580
591
592
582
593
583
594
584
595
585
596
586
597
587
598
588
599
589
600
590
601
591
602
592
603
604
594
605
595
606
596
607
597
608
598
609
599
610
600
611
601
612
602
613
603
614
604
615
616
606
617
607
618
608
619
609
620
610
621
611
622
612
623
613
624
614
625
615
626
616
627
628
618
629
619
630
620
631
621
632
622
633
623
634
624
635
625
636
626
637
627
638
628
639
640
630
641
631
642
632
643
633
644
634
645
635
646
636
647
637
648
638
649
639
650
640
651
652
642
653
643
654
644
655
645
656
646
657
647
658
648
659
649
660
650
661
651
662
652
663
664
654
665
655
666
656
667
657
668
658
669
659
670
660
671
661
672
662
673
663
674
664
675
676
666
677
667
678
668
679
669
680
670
681
671
682
672
683
673
684
674
685
675
686
676
687
688
678
689
679
690
680
691
681
692
682
693
683
694
684
695
685
696
686
697
687
698
688
699
700
690
880
691
879
692
878
693
877
694
876
695
875
696
874
697
873
698
872
699
871
700
870
869
702
714
1048
703
715
1034
704
716
1020
705
717
1006
706
718
992
707
719
978
708
720
964
709
721
950
710
722
936
711
723
922
712
724
908
713
725
894
726
715
727
716
728
717
729
718
730
719
731
720
732
721
733
722
734
723
735
724
736
725
737
726
738
739
728
740
729
741
730
742
731
743
732
744
733
745
734
746
735
747
736
748
737
749
738
750
739
751
752
741
753
742
754
743
755
744
756
745
757
746
758
747
759
748
760
749
761
750
762
751
763
752
764
765
754
766
755
767
756
768
757
769
758
770
759
771
760
772
761
773
762
774
763
775
764
776
765
777
778
767
779
768
780
769
781
770
782
771
783
772
784
773
785
774
786
775
787
776
788
777
789
778
790
791
780
792
781
793
782
794
783
795
784
796
785
797
786
798
787
799
788
800
789
801
790
802
791
803
804
793
805
794
806
795
807
796
808
797
809
798
810
799
811
800
812
801
813
802
814
803
815
804
816
817
806
818
807
819
808
820
809
821
810
822
811
823
812
824
813
825
814
826
815
827
816
828
817
829
830
819
831
820
832
821
833
822
834
823
835
824
836
825
837
826
838
827
839
828
840
829
841
830
842
843
832
844
833
845
834
846
835
847
836
848
837
849
838
850
839
851
840
852
841
853
842
854
843
855
856
845
857
846
858
847
859
848
860
849
861
850
862
851
863
852
864
853
865
854
866
855
867
856
868
858
869
859
870
860
871
861
872
862
873
863
874
864
875
865
876
866
877
867
878
868
879
880
870
871
872
873
874
875
876
877
878
879
880
882
895
883
896
884
897
885
898
886
899
887
900
888
901
889
902
890
903
891
904
892
905
893
906
894
907
908
896
909
897
910
898
911
899
912
900
913
901
914
902
915
903
916
904
917
905
918
906
919
907
920
908
921
922
910
923
911
924
912
925
913
926
914
927
915
928
916
929
917
930
918
931
919
932
920
933
921
934
922
935
936
924
937
925
938
926
939
927
940
928
941
929
942
930
943
931
944
932
945
933
946
934
947
935
948
936
949
950
938
951
939
952
940
953
941
954
942
955
943
956
944
957
945
958
946
959
947
960
948
961
949
962
950
963
964
952
965
953
966
954
967
955
968
956
969
957
970
958
971
959
972
960
973
961
974
962
975
963
976
964
977
978
966
979
967
980
968
981
969
982
970
983
971
984
972
985
973
986
974
987
975
988
976
989
977
990
978
991
992
980
993
981
994
982
995
983
996
984
997
985
998
986
999
987
1000
988
1001
989
1002
990
1003
991
1004
992
1005
1006
994
1007
995
1008
996
1009
997
1010
998
1011
999
1012
1000
1013
1001
1014
1002
1015
1003
1016
1004
1017
1005
1018
1006
1019
1020
1008
1021
1009
1022
1010
1023
1011
1024
1012
1025
1013
1026
1014
1027
1015
1028
1016
1029
1017
1030
1018
1031
1019
1032
1020
1033
1034
1022
1035
1023
1036
1024
1037
1025
1038
1026
1039
1027
1040
1028
1041
1029
1042
1030
1043
1031
1044
1032
1045
1033
1046
1034
1047
1048
1036
1037
1038
1039
1040
1041
1042
1043
1044
1045
1046
1047
1048
1050
1061
1229
1051
1062
1228
1052
1063
1227
1053
1064
1226
1054
1065
1225
1055
1066
1224
1056
1067
1223
1057
1068
1222
1058
1069
1221
1059
1070
1220
1060
1071
1219
1072
1218
1062
1073
1063
1074
1064
1075
1065
1076
1066
1077
1067
1078
1068
1079
1069
1080
1070
1081
1071
1082
1072
1083
1084
1074
1085
1075
1086
1076
1087
1077
1088
1078
1089
1079
1090
1080
1091
1081
1092
1082
1093
1083
1094
1084
1095
1096
1086
1097
1087
1098
1088
1099
1089
1100
1090
1101
1091
1102
1092
1103
1093
1104
1094
1105
1095
1106
1096
1107
1108
1098
1109
1099
1110
1100
1111
1101
1112
1102
1113
1103
1114
1104
1115
1105
1116
1106
1117
1107
1118
1108
1119
1120
1110
1121
1111
1122
1112
1123
1113
1124
1114
1125
1115
1126
1116
1127
1117
1128
1118
1129
1119
1130
1120
1131
1132
1122
1133
1123
1134
1124
1135
1125
1136
1126
1137
1127
1138
1128
1139
1129
1140
1130
1141
1131
1142
1132
1143
1144
1134
1145
1135
1146
1136
1147
1137
1148
1138
1149
1139
1150
1140
1151
1141
1152
1142
1153
1143
1154
1144
1155
1156
1146
1157
1147
1158
1148
1159
1149
1160
1150
1161
1151
1162
1152
1163
1153
1164
1154
1165
1155
1166
1156
1167
1168
1158
1169
1159
1170
1160
1171
1161
1172
1162
1173
1163
1174
1164
1175
1165
1176
1166
1177
1167
1178
1168
1179
1180
1170
1181
1171
1182
1172
1183
1173
1184
1174
1185
1175
1186
1176
1187
1177
1188
1178
1189
1179
1190
1180
1191
1192
1182
1193
1183
1194
1184
1195
1185
1196
1186
1197
1187
1198
1188
1199
1189
1200
1190
1201
1191
1202
1192
1203
1204
1194
1205
1195
1206
1196
1207
1197
1208
1198
1209
1199
1210
1200
1211
1201
1212
1202
1213
1203
1214
1204
1215
1216
1206
1207
1208
1209
1210
1211
1212
1213
1214
1215
1216
1218
1230
1219
1231
1220
1232
1221
1233
1222
1234
1223
1235
1224
1236
1225
1237
1226
1238
1227
1239
1228
1240
1229
1241
1242
1231
1243
1232
1244
1233
1245
1234
1246
1235
1247
1236
1248
1237
1249
1238
1250
1239
1251
1240
1252
1241
1253
1242
1254
1255
1244
1256
1245
1257
1246
1258
1247
1259
1248
1260
1249
1261
1250
1262
1251
1263
1252
1264
1253
1265
1254
1266
1255
1267
1268
1257
1269
1258
1270
1259
1271
1260
1272
1261
1273
1262
1274
1263
1275
1264
1276
1265
1277
1266
1278
1267
1279
1268
1280
1281
1270
1282
1271
1283
1272
1284
1273
1285
1274
1286
1275
1287
1276
1288
1277
1289
1278
1290
1279
1291
1280
1292
1281
1293
1294
1283
1295
1284
1296
1285
1297
1286
1298
1287
1299
1288
1300
1289
1301
1290
1302
1291
1303
1292
1304
1293
1305
1294
1306
1307
1296
1308
1297
1309
1298
1310
1299
1311
1300
1312
1301
1313
1302
1314
1303
1315
1304
1316
1305
1317
1306
1318
1307
1319
1320
1309
1321
1310
1322
1311
1323
1312
1324
1313
1325
1314
1326
1315
1327
1316
1328
1317
1329
1318
1330
1319
1331
1320
1332
1333
1322
1334
1323
1335
1324
1336
1325
1337
1326
1338
1327
1339
1328
1340
1329
1341
1330
1342
1331
1343
1332
1344
1333
1345
1346
1335
1347
1336
1348
1337
1349
1338
1350
1339
1351
1340
1352
1341
1353
1342
1354
1343
1355
1344
1356
1345
1357
1346
1358
1359
1348
1360
1349
1361
1350
1362
1351
1363
1352
1364
1353
1365
1354
1366
1355
1367
1356
1368
1357
1369
1358
1370
1359
1371
1372
1361
1373
1362
1374
1363
1375
1364
1376
1365
1377
1366
1378
1367
1379
1368
1380
1369
1381
1370
1382
1371
1383
1372
1384
1385
1374
1387
1375
1388
1376
1389
1377
1390
1378
1391
1379
1392
1380
1393
1381
1394
1382
1395
1383
1396
1384
1397
1385
1398
1399
1387
1388
1389
1390
1391
1392
1393
1394
1395
1396
1397
1398
1399
)


// ************************************************************************* //
