/*--------------------------------*- C++ -*----------------------------------*\
| =========                 |                                                 |
| \\      /  F ield         | OpenFOAM: The Open Source CFD Toolbox           |
|  \\    /   O peration     | Version:  2206                                  |
|   \\  /    A nd           | Website:  www.openfoam.com                      |
|    \\/     M anipulation  |                                                 |
\*---------------------------------------------------------------------------*/
FoamFile
{
    version     2.0;
    format      ascii;
    arch        "LSB;label=32;scalar=64";
    class       labelList;
    location    "constant/polyMesh";
    object      pointProcAddressing;
}
// * * * * * * * * * * * * * * * * * * * * * * * * * * * * * * * * * * * * * //


3062
(
21
22
34
35
44
51
56
61
70
71
72
97
98
133
134
135
136
137
138
139
141
142
327
328
329
330
331
332
333
334
335
336
337
338
339
353
354
355
356
357
358
359
360
361
362
363
364
365
575
576
577
578
579
580
581
582
583
584
585
586
665
666
667
668
669
670
671
672
673
674
675
676
677
742
795
796
797
798
799
800
801
802
803
804
805
806
807
808
809
810
811
812
813
814
815
816
817
818
819
820
821
822
823
824
825
826
827
828
829
830
831
832
833
911
964
965
966
967
968
969
970
971
972
973
974
975
976
1497
1498
1499
1500
1501
1502
1503
1504
1505
1506
1507
1508
1509
1511
1512
1513
1514
1515
1516
1517
1518
1519
1520
1521
1522
1523
1524
1525
1526
1527
1528
1529
1530
1531
1532
1533
1534
1535
1536
1537
1538
1539
1540
1541
1542
1543
1544
1545
1546
1547
1548
1549
1550
1551
1552
1553
1554
1555
1556
1557
1558
1559
1560
1561
1562
1563
1564
1565
1566
1567
1568
1569
1570
1571
1572
1573
1574
1575
1576
1577
1578
1579
1580
1581
1582
1583
1584
1585
1586
1587
1588
1589
1590
1591
1592
1593
1594
1595
1596
1597
1598
1599
1600
1601
1602
1603
1604
1605
1606
1607
1608
1609
1610
1611
1612
1613
2212
2213
2214
2215
2216
2217
2218
2219
2220
2221
2222
2223
2224
2225
2226
2227
2228
2229
2230
2231
2232
2233
2234
2235
2236
2237
2238
2239
2240
2241
2242
2243
2244
2245
2246
2247
2248
2249
2250
3082
3096
3097
3098
3099
3100
3101
3102
3103
3104
3105
3106
3107
3108
3109
3110
3111
3112
3113
3114
3115
3116
3117
3118
3119
3120
3121
3122
3123
3124
3125
3126
3127
3128
3129
3130
3131
3132
3133
3134
3135
3136
3137
3138
3139
3140
3141
3142
3143
3144
3145
3146
3147
3148
3149
3150
3151
3152
3153
3154
3155
3156
3157
3158
3159
3162
3163
3164
3165
3166
3167
3168
3169
3170
3171
3172
3173
3174
3175
3176
3177
3178
3179
3180
3181
3182
3183
3184
3185
3186
3187
3188
3189
3190
3191
3192
3193
3194
3195
3196
3197
3198
3199
3200
3201
3202
3203
3204
3205
3206
3207
3208
3209
3210
3211
3212
3213
3214
3215
3216
3217
3218
3219
3220
3221
3222
3223
3224
3225
3226
3227
3228
3229
3230
3231
3232
3233
3234
3235
3236
3237
3238
3239
3240
3241
3242
3243
3244
3245
3246
3247
3248
3249
3250
3251
3291
3304
3305
3306
3307
3308
3309
3310
3311
3312
3313
3314
3315
3316
3317
3318
3319
3320
3321
3322
3323
3324
3325
3326
3327
3328
3329
4734
4735
4736
4737
4738
4739
4740
4741
4742
4743
4744
4745
4746
4747
4748
4749
4750
4751
4752
4753
4754
4755
4756
4757
4758
4759
4760
4761
4762
4763
4764
4765
4766
4767
4768
4769
4770
4771
4772
4773
4774
4775
4776
4777
4778
4779
4780
4781
4782
4783
4784
4785
4786
4787
4788
4789
4790
4791
4792
4793
4794
4795
4796
4797
4798
4799
4800
4801
4802
4803
4804
4805
4806
4807
4808
4809
4810
4811
4812
4813
4814
4815
4816
4817
4818
4819
4820
4821
4822
4823
4824
4825
4826
4827
4828
4829
4830
4831
4832
4833
4834
4835
4836
4837
4838
4839
4840
4841
4842
4843
4844
4845
4846
4847
4848
4849
4850
4851
4852
4853
4854
4855
4856
4857
4858
4859
4860
4861
4862
4863
4864
4865
4866
4867
4868
4869
4870
4871
4872
4873
4874
4875
4876
4877
4878
4879
4880
4881
4882
4883
4884
4885
4886
4887
4888
4889
4890
4891
4892
4893
4894
4895
4896
4897
4898
4899
4900
4901
4902
9466
9467
9468
9469
9470
9471
9472
9473
9474
9475
9476
9477
9478
9479
9480
9481
9482
9483
9484
9485
9486
9487
9488
9489
9490
9491
9492
9493
9494
9495
9496
9497
9498
9499
9500
9501
9502
9503
9504
9505
9506
9507
9508
9509
9510
9511
9512
9513
9514
9515
9516
9517
9518
9519
9520
9521
9522
9523
9524
9525
9526
9527
9528
9529
9530
9531
9532
9533
9534
9535
9536
9537
9538
9539
9540
9541
9542
9543
9544
9545
9546
9547
9548
9549
9550
9551
9552
9553
9554
9555
9556
9557
9558
9559
9560
9561
9562
9563
9564
9565
9566
9567
9568
9569
9570
9571
9572
9573
9574
9575
9576
9577
9578
9579
9580
9581
9582
9583
9584
9585
9586
9587
9588
9589
9590
9591
9592
9593
9594
9595
9596
9597
9598
9599
9600
9601
9602
9603
9604
9605
9606
9607
9608
9609
9610
9611
9612
9613
9614
9615
9616
9617
9618
9619
9620
9621
9622
9623
9624
9625
9626
9627
9628
9629
9630
9631
9632
9633
9634
9635
9636
9637
9638
9639
9640
9641
9642
9643
9644
9645
9646
9648
9649
9650
9651
9652
9653
9654
9655
9656
9657
9658
9659
9661
9662
9663
9664
9665
9666
9667
9668
9669
9670
9671
9672
9674
9675
9676
9677
9678
9679
9680
9681
9682
9683
9684
9685
9687
9688
9689
9690
9691
9692
9693
9694
9695
9696
9697
9698
9700
9701
9702
9703
9704
9705
9706
9707
9708
9709
9710
9711
9713
9714
9715
9716
9717
9718
9719
9720
9721
9722
9723
9724
9726
9727
9728
9729
9730
9731
9732
9733
9734
9735
9736
9737
9739
9740
9741
9742
9743
9744
9745
9746
9747
9748
9749
9750
9752
9753
9754
9755
9756
9757
9758
9759
9760
9761
9762
9763
9765
9766
9767
9768
9769
9770
9771
9772
9773
9774
9775
9776
9778
9779
9780
9781
9782
9783
9784
9785
9786
9787
9788
9789
9791
9792
9793
9794
9795
9796
9797
9798
9799
9800
9801
9802
9805
9806
9807
9808
9809
9810
9811
9812
9813
9814
9815
9816
9818
9819
9820
9821
9822
9823
9824
9825
9826
9827
9828
9829
9831
9832
9833
9834
9835
9836
9837
9838
9839
9840
9841
9842
9844
9845
9846
9847
9848
9849
9850
9851
9852
9853
9854
9855
9857
9858
9859
9860
9861
9862
9863
9864
9865
9866
9867
9868
9870
9871
9872
9873
9874
9875
9876
9877
9878
9879
9880
9881
9883
9884
9885
9886
9887
9888
9889
9890
9891
9892
9893
9894
9896
9897
9898
9899
9900
9901
9902
9903
9904
9905
9906
9907
9909
9910
9911
9912
9913
9914
9915
9916
9917
9918
9919
9920
9922
9923
9924
9925
9926
9927
9928
9929
9930
9931
9932
9933
9935
9936
9937
9938
9939
9940
9941
9942
9943
9944
9945
9946
9948
9949
9950
9951
9952
9953
9954
9955
9956
9957
9958
9959
9961
9962
9963
9964
9965
9966
9967
9968
9969
9970
9971
9972
9973
9974
9975
9976
9977
9978
9979
9980
9981
9982
9983
9984
9985
9986
9987
9988
9989
9990
9991
9992
9993
9994
9995
9996
9997
9998
9999
10000
10001
10002
10003
10004
10005
10006
10007
10008
10009
10010
10011
10012
10013
10014
10015
10016
10017
10018
10019
10020
10021
10022
10023
10024
10025
10026
10027
10028
10029
10030
10031
10032
10033
10034
10035
10036
10037
10038
10039
10040
10041
10042
10043
10044
10045
10046
10047
10048
10049
10050
10051
10052
10053
10054
10055
10056
10057
10058
10059
10060
10061
10062
10063
10064
10065
10066
10067
10068
10069
10070
10071
10072
10073
10074
10075
10076
10077
10078
10079
10080
10081
10082
10083
10084
10085
10086
10087
10088
10089
10090
10091
10092
10093
10094
10095
10096
10097
10098
10099
10100
10101
10102
10103
10104
10105
10106
10107
10108
10109
10110
10111
10112
10113
10114
10115
10116
10117
10118
10119
10120
10121
10122
10123
10124
10125
10126
10127
10128
10129
10130
10131
10132
10133
10134
10135
10136
10137
10138
10139
10140
10155
10156
10157
10158
10159
10160
10161
10162
10163
10164
10165
10166
10167
10168
10169
10170
10171
10172
10173
10174
10175
10176
10177
10178
10179
10180
10181
10182
10183
10184
10185
10186
10187
10188
10189
10190
10191
10192
10193
10194
10195
10196
10197
10198
10199
10200
10201
10202
10203
10204
10205
10206
10207
10208
10209
10210
10211
10212
10213
10214
10215
10216
10217
10218
10219
10220
10221
10222
10223
10224
10225
10226
10227
10228
10229
10230
10231
10232
10233
10234
10235
10236
10237
10238
10239
10240
10241
10242
10243
10244
10245
10246
10247
10248
10249
10250
10251
10252
10253
10254
10255
10256
10257
10258
10259
10260
10261
10262
10263
10264
10265
10266
10267
10268
10269
10270
10271
10272
10273
10274
10275
10276
10277
10278
10279
10280
10281
10282
10283
10284
10285
10286
10287
10288
10289
10290
10291
10292
10293
10294
10295
10296
10297
10298
10299
10300
10301
10302
10303
10304
10305
10306
10307
10308
10309
10310
10311
10312
10313
10314
10315
10316
10317
10318
10319
10320
10321
10322
10324
10325
10326
10327
10328
10329
10330
10331
10332
10333
10334
10335
10337
10338
10339
10340
10341
10342
10343
10344
10345
10346
10347
10348
10350
10351
10352
10353
10354
10355
10356
10357
10358
10359
10360
10361
10363
10364
10365
10366
10367
10368
10369
10370
10371
10372
10373
10374
10376
10377
10378
10379
10380
10381
10382
10383
10384
10385
10386
10387
10389
10390
10391
10392
10393
10394
10395
10396
10397
10398
10399
10400
10402
10403
10404
10405
10406
10407
10408
10409
10410
10411
10412
10413
10415
10416
10417
10418
10419
10420
10421
10422
10423
10424
10425
10426
10428
10429
10430
10431
10432
10433
10434
10435
10436
10437
10438
10439
10441
10442
10443
10444
10445
10446
10447
10448
10449
10450
10451
10452
10454
10455
10456
10457
10458
10459
10460
10461
10462
10463
10464
10465
10467
10468
10469
10470
10471
10472
10473
10474
10475
10476
10477
10478
10818
10819
10820
10821
10822
10823
10824
10825
10826
10827
10828
10829
10830
10831
10832
10833
10834
10835
10836
10837
10838
10839
10840
10841
10842
10843
10844
10845
10846
10847
10848
10849
10850
10851
10852
10853
10854
10855
10856
10857
10858
10859
10860
10861
10862
10863
10864
10865
10866
10867
10868
10869
10870
10871
10872
10873
10874
10875
10876
10877
10878
10879
10880
10881
10882
10883
10884
10885
10886
10887
10888
10889
10890
10891
10892
10893
10894
10895
10896
10897
10898
10899
10900
10901
10902
10903
10904
10905
10906
10907
10908
10909
10910
10911
10912
10913
10914
10915
10916
10917
10918
10919
10920
10921
10922
10923
10924
10925
10926
10927
10928
10929
10930
10931
10932
10933
10934
10935
10936
10937
10938
10939
10940
10941
10942
10943
10944
10945
10946
10947
10948
10949
10950
10951
10952
10953
10954
10955
10956
10957
10958
10959
10960
10961
10962
10963
10964
10965
10966
10967
10968
10969
10970
10971
10972
10973
10974
10975
10976
10977
10978
10979
10980
10981
10982
10983
10984
10985
10986
14367
14368
14369
14370
14371
14372
14373
14374
14375
14376
14377
14378
14379
14380
14381
14382
14383
14384
14385
14386
14387
14388
14389
14390
14391
14392
14393
14394
14395
14396
14397
14398
14399
14400
14401
14402
14403
14404
14405
14406
14407
14408
14409
14410
14411
14412
14413
14414
14415
14416
14417
14418
14419
14420
14421
14422
14423
14424
14425
14426
14427
14428
14429
14430
14431
14432
14433
14434
14435
14436
14437
14438
14439
14440
14441
14442
14443
14444
14445
14446
14447
14448
14449
14450
14451
14452
14453
14454
14455
14456
14457
14458
14459
14460
14461
14462
14463
14464
14465
14466
14467
14468
14469
14470
14471
14472
14473
14474
14475
14476
14477
14478
14479
14480
14481
14482
14483
14484
14485
14486
14487
14488
14489
14490
14491
14492
14493
14494
14495
14496
14497
14498
14499
14500
14501
14502
14503
14504
14505
14506
14507
14508
14509
14510
14511
14512
14513
14514
14515
14516
14517
14518
14519
14520
14521
14522
14523
14524
14525
14526
14527
14528
14529
14530
14531
14532
14533
14534
14535
19099
19100
19101
19102
19103
19104
19105
19106
19107
19108
19109
19110
19111
19112
19113
19114
19115
19116
19117
19118
19119
19120
19121
19122
19123
19124
19125
19126
19127
19128
19129
19130
19131
19132
19133
19134
19135
19136
19137
19138
19139
19140
19141
19142
19143
19144
19145
19146
19147
19148
19149
19150
19151
19152
19153
19154
19155
19156
19157
19158
19159
19160
19161
19162
19163
19164
19165
19166
19167
19168
19169
19170
19171
19172
19173
19174
19175
19176
19177
19178
19179
19180
19181
19182
19183
19184
19185
19186
19187
19188
19189
19190
19191
19192
19193
19194
19195
19196
19197
19198
19199
19200
19201
19202
19203
19204
19205
19206
19207
19208
19209
19210
19211
19212
19213
19214
19215
19216
19217
19218
19219
19220
19221
19222
19223
19224
19225
19226
19227
19228
19229
19230
19231
19232
19233
19234
19235
19236
19237
19238
19239
19240
19241
19242
19243
19244
19245
19246
19247
19248
19249
19250
19251
19252
19253
19254
19255
19256
19257
19258
19259
19260
19261
19262
19263
19264
19265
19266
19267
19268
19269
19270
19271
19272
19273
19274
19275
19276
19277
19278
19279
19281
19282
19283
19284
19285
19286
19287
19288
19289
19290
19291
19292
19294
19295
19296
19297
19298
19299
19300
19301
19302
19303
19304
19305
19307
19308
19309
19310
19311
19312
19313
19314
19315
19316
19317
19318
19320
19321
19322
19323
19324
19325
19326
19327
19328
19329
19330
19331
19333
19334
19335
19336
19337
19338
19339
19340
19341
19342
19343
19344
19346
19347
19348
19349
19350
19351
19352
19353
19354
19355
19356
19357
19359
19360
19361
19362
19363
19364
19365
19366
19367
19368
19369
19370
19372
19373
19374
19375
19376
19377
19378
19379
19380
19381
19382
19383
19385
19386
19387
19388
19389
19390
19391
19392
19393
19394
19395
19396
19398
19399
19400
19401
19402
19403
19404
19405
19406
19407
19408
19409
19411
19412
19413
19414
19415
19416
19417
19418
19419
19420
19421
19422
19424
19425
19426
19427
19428
19429
19430
19431
19432
19433
19434
19435
19438
19439
19440
19441
19442
19443
19444
19445
19446
19447
19448
19449
19451
19452
19453
19454
19455
19456
19457
19458
19459
19460
19461
19462
19464
19465
19466
19467
19468
19469
19470
19471
19472
19473
19474
19475
19477
19478
19479
19480
19481
19482
19483
19484
19485
19486
19487
19488
19490
19491
19492
19493
19494
19495
19496
19497
19498
19499
19500
19501
19503
19504
19505
19506
19507
19508
19509
19510
19511
19512
19513
19514
19516
19517
19518
19519
19520
19521
19522
19523
19524
19525
19526
19527
19529
19530
19531
19532
19533
19534
19535
19536
19537
19538
19539
19540
19542
19543
19544
19545
19546
19547
19548
19549
19550
19551
19552
19553
19555
19556
19557
19558
19559
19560
19561
19562
19563
19564
19565
19566
19568
19569
19570
19571
19572
19573
19574
19575
19576
19577
19578
19579
19581
19582
19583
19584
19585
19586
19587
19588
19589
19590
19591
19592
19594
19595
19596
19597
19598
19599
19600
19601
19602
19603
19604
19605
19606
19607
19608
19609
19610
19611
19612
19613
19614
19615
19616
19617
19618
19619
19620
19621
19622
19623
19624
19625
19626
19627
19628
19629
19630
19631
19632
19633
19634
19635
19636
19637
19638
19639
19640
19641
19642
19643
19644
19645
19646
19647
19648
19649
19650
19651
19652
19653
19654
19655
19656
19657
19658
19659
19660
19661
19662
19663
19664
19665
19666
19667
19668
19669
19670
19671
19672
19673
19674
19675
19676
19677
19678
19679
19680
19681
19682
19683
19684
19685
19686
19687
19688
19689
19690
19691
19692
19693
19694
19695
19696
19697
19698
19699
19700
19701
19702
19703
19704
19705
19706
19707
19708
19709
19710
19711
19712
19713
19714
19715
19716
19717
19718
19719
19720
19721
19722
19723
19724
19725
19726
19727
19728
19729
19730
19731
19732
19733
19734
19735
19736
19737
19738
19739
19740
19741
19742
19743
19744
19745
19746
19747
19748
19749
19750
19751
19752
19753
19754
19755
19756
19757
19758
19759
19760
19761
19762
19763
19764
19765
19766
19767
19768
19769
19770
19771
19772
19773
19788
19789
19790
19791
19792
19793
19794
19795
19796
19797
19798
19799
19800
19801
19802
19803
19804
19805
19806
19807
19808
19809
19810
19811
19812
19813
19814
19815
19816
19817
19818
19819
19820
19821
19822
19823
19824
19825
19826
19827
19828
19829
19830
19831
19832
19833
19834
19835
19836
19837
19838
19839
19840
19841
19842
19843
19844
19845
19846
19847
19848
19849
19850
19851
19852
19853
19854
19855
19856
19857
19858
19859
19860
19861
19862
19863
19864
19865
19866
19867
19868
19869
19870
19871
19872
19873
19874
19875
19876
19877
19878
19879
19880
19881
19882
19883
19884
19885
19886
19887
19888
19889
19890
19891
19892
19893
19894
19895
19896
19897
19898
19899
19900
19901
19902
19903
19904
19905
19906
19907
19908
19909
19910
19911
19912
19913
19914
19915
19916
19917
19918
19919
19920
19921
19922
19923
19924
19925
19926
19927
19928
19929
19930
19931
19932
19933
19934
19935
19936
19937
19938
19939
19940
19941
19942
19943
19944
19945
19946
19947
19948
19949
19950
19951
19952
19953
19954
19955
19957
19958
19959
19960
19961
19962
19963
19964
19965
19966
19967
19968
19970
19971
19972
19973
19974
19975
19976
19977
19978
19979
19980
19981
19983
19984
19985
19986
19987
19988
19989
19990
19991
19992
19993
19994
19996
19997
19998
19999
20000
20001
20002
20003
20004
20005
20006
20007
20009
20010
20011
20012
20013
20014
20015
20016
20017
20018
20019
20020
20022
20023
20024
20025
20026
20027
20028
20029
20030
20031
20032
20033
20035
20036
20037
20038
20039
20040
20041
20042
20043
20044
20045
20046
20048
20049
20050
20051
20052
20053
20054
20055
20056
20057
20058
20059
20061
20062
20063
20064
20065
20066
20067
20068
20069
20070
20071
20072
20074
20075
20076
20077
20078
20079
20080
20081
20082
20083
20084
20085
20087
20088
20089
20090
20091
20092
20093
20094
20095
20096
20097
20098
20100
20101
20102
20103
20104
20105
20106
20107
20108
20109
20110
20111
20451
20452
20453
20454
20455
20456
20457
20458
20459
20460
20461
20462
20463
20464
20465
20466
20467
20468
20469
20470
20471
20472
20473
20474
20475
20476
20477
20478
20479
20480
20481
20482
20483
20484
20485
20486
20487
20488
20489
20490
20491
20492
20493
20494
20495
20496
20497
20498
20499
20500
20501
20502
20503
20504
20505
20506
20507
20508
20509
20510
20511
20512
20513
20514
20515
20516
20517
20518
20519
20520
20521
20522
20523
20524
20525
20526
20527
20528
20529
20530
20531
20532
20533
20534
20535
20536
20537
20538
20539
20540
20541
20542
20543
20544
20545
20546
20547
20548
20549
20550
20551
20552
20553
20554
20555
20556
20557
20558
20559
20560
20561
20562
20563
20564
20565
20566
20567
20568
20569
20570
20571
20572
20573
20574
20575
20576
20577
20578
20579
20580
20581
20582
20583
20584
20585
20586
20587
20588
20589
20590
20591
20592
20593
20594
20595
20596
20597
20598
20599
20600
20601
20602
20603
20604
20605
20606
20607
20608
20609
20610
20611
20612
20613
20614
20615
20616
20617
20618
20619
)


// ************************************************************************* //
