/*--------------------------------*- C++ -*----------------------------------*\
| =========                 |                                                 |
| \\      /  F ield         | OpenFOAM: The Open Source CFD Toolbox           |
|  \\    /   O peration     | Version:  2206                                  |
|   \\  /    A nd           | Website:  www.openfoam.com                      |
|    \\/     M anipulation  |                                                 |
\*---------------------------------------------------------------------------*/
FoamFile
{
    version     2.0;
    format      ascii;
    arch        "LSB;label=32;scalar=64";
    class       volScalarField;
    location    "0.01";
    object      nut;
}
// * * * * * * * * * * * * * * * * * * * * * * * * * * * * * * * * * * * * * //

dimensions      [0 2 -1 0 0 0 0];

internalField   nonuniform List<scalar> 
1400
(
2.7772322e-08
2.7772322e-08
2.7772322e-08
2.7772322e-08
2.7772322e-08
2.7772322e-08
2.7772322e-08
2.7772322e-08
2.7772322e-08
2.7772322e-08
2.7772322e-08
2.7772322e-08
2.7772322e-08
2.7772322e-08
2.7772322e-08
2.7772322e-08
2.7772322e-08
2.7772322e-08
2.7772322e-08
2.7772322e-08
2.7772322e-08
2.7772322e-08
2.7772322e-08
2.7772322e-08
2.7772322e-08
2.7772322e-08
2.7772322e-08
2.7772322e-08
2.7772322e-08
2.7772322e-08
2.7772322e-08
2.7772322e-08
2.7772322e-08
2.7772322e-08
2.7772322e-08
2.7772322e-08
2.7772322e-08
2.7772322e-08
2.7772322e-08
2.7772322e-08
2.7772322e-08
2.7772322e-08
2.7772322e-08
2.7772322e-08
2.7772322e-08
2.7772322e-08
2.7772322e-08
2.7772322e-08
2.7772322e-08
2.7772322e-08
2.7772322e-08
2.7772322e-08
2.7772322e-08
2.7772322e-08
2.7772322e-08
2.7772322e-08
2.7772322e-08
2.7772322e-08
2.7772322e-08
2.7772322e-08
2.7772322e-08
2.7772322e-08
2.7772322e-08
2.7772322e-08
2.7772322e-08
2.7772322e-08
2.7772322e-08
2.7772322e-08
2.7772322e-08
2.7772322e-08
2.7772322e-08
2.7772322e-08
2.7772322e-08
2.7772322e-08
2.7772322e-08
2.7772322e-08
2.7772322e-08
2.7772322e-08
2.7772322e-08
2.7772322e-08
2.7772322e-08
2.7772322e-08
2.7772322e-08
2.7772322e-08
2.7772322e-08
2.7772322e-08
2.7772322e-08
2.7772322e-08
2.7772322e-08
2.7772322e-08
2.7772322e-08
2.7772322e-08
2.7772322e-08
2.7772322e-08
2.7772322e-08
2.7772322e-08
2.7772322e-08
2.7772322e-08
2.7772322e-08
2.7772322e-08
2.7772322e-08
2.7772322e-08
2.7772322e-08
2.7772322e-08
2.7772322e-08
2.7772322e-08
2.7772322e-08
2.7772322e-08
2.7772322e-08
2.7772322e-08
2.7772322e-08
2.7772322e-08
2.7772322e-08
2.7772322e-08
2.7772322e-08
2.7772322e-08
2.7772322e-08
2.7772322e-08
2.7772322e-08
2.7772322e-08
2.7772322e-08
2.7772322e-08
2.7772322e-08
2.7772322e-08
2.7772322e-08
2.7772322e-08
2.7772322e-08
2.7772322e-08
2.7772322e-08
2.7772322e-08
2.7772322e-08
2.7772322e-08
2.7772322e-08
2.7772322e-08
2.7772322e-08
2.7772322e-08
2.7772322e-08
2.7772322e-08
2.7772322e-08
2.7772322e-08
2.7772322e-08
2.7772322e-08
2.7772322e-08
2.7772322e-08
2.7772322e-08
2.7772322e-08
2.7772322e-08
2.7772322e-08
2.7772322e-08
2.7772322e-08
2.7772322e-08
2.7772322e-08
2.7772322e-08
2.7772322e-08
2.7772322e-08
2.7772322e-08
2.7772322e-08
2.7772322e-08
2.7772322e-08
2.7772322e-08
2.7772322e-08
2.7772322e-08
2.7772322e-08
2.7772322e-08
2.7772322e-08
2.7772322e-08
2.7772322e-08
2.7772322e-08
2.7772321e-08
2.7772321e-08
2.7772321e-08
2.7772321e-08
2.7772321e-08
2.7772321e-08
2.7772321e-08
2.7772321e-08
2.7772321e-08
2.7772321e-08
2.7772321e-08
2.7772321e-08
2.7772321e-08
2.7772321e-08
2.7772322e-08
2.7772321e-08
2.7772321e-08
2.7772321e-08
2.7772322e-08
2.7772322e-08
2.7772322e-08
2.7772322e-08
2.7772322e-08
2.7772322e-08
2.7772322e-08
2.7772322e-08
2.7772322e-08
2.7772322e-08
2.7772322e-08
2.7772322e-08
2.7772322e-08
2.7772322e-08
2.7772322e-08
2.7772322e-08
2.7772322e-08
2.7772322e-08
2.7772322e-08
2.7772322e-08
2.7772322e-08
2.7772322e-08
2.7772322e-08
2.7772322e-08
2.7772322e-08
2.7772322e-08
2.7772322e-08
2.7772322e-08
2.7772322e-08
2.7772322e-08
2.7772322e-08
2.7772322e-08
2.7772322e-08
2.7772322e-08
2.7772322e-08
2.7772322e-08
2.7772322e-08
2.7772322e-08
2.7772322e-08
2.7772322e-08
2.7772322e-08
2.7772322e-08
2.7772322e-08
2.7772322e-08
2.7772322e-08
2.7772322e-08
2.7772322e-08
2.7772322e-08
2.7772322e-08
2.7772322e-08
2.7772322e-08
2.7772322e-08
2.7772322e-08
2.7772322e-08
2.7772322e-08
2.7772322e-08
2.7772322e-08
2.7772322e-08
2.7772322e-08
2.7772322e-08
2.7772322e-08
2.7772322e-08
2.7772322e-08
2.7772322e-08
2.7772322e-08
2.7772322e-08
2.7772322e-08
2.7772322e-08
2.7772322e-08
2.7772322e-08
2.7772322e-08
2.7772322e-08
2.7772322e-08
2.7772322e-08
2.7772322e-08
2.7772322e-08
2.7772322e-08
2.7772322e-08
2.7772322e-08
2.7772322e-08
2.7772322e-08
2.7772322e-08
2.7772322e-08
2.7772322e-08
2.7772322e-08
2.7772322e-08
2.7772322e-08
2.7772322e-08
2.7772322e-08
2.7772322e-08
2.7772322e-08
2.7772322e-08
2.7772322e-08
2.7772322e-08
2.7772322e-08
2.7772322e-08
2.7772322e-08
2.7772322e-08
2.7772322e-08
2.7772322e-08
2.7772322e-08
2.7772322e-08
2.7772322e-08
2.7772322e-08
2.7772322e-08
2.7772322e-08
2.7772322e-08
2.7772322e-08
2.7772322e-08
2.7772322e-08
2.7772322e-08
2.7772322e-08
2.7772322e-08
2.7772322e-08
2.7772322e-08
2.7772322e-08
2.7772322e-08
2.7772322e-08
2.7772322e-08
2.7772322e-08
2.7772322e-08
2.7772322e-08
2.7772322e-08
2.7772322e-08
2.7772322e-08
2.7772322e-08
2.7772322e-08
2.7772322e-08
2.7772322e-08
2.7772322e-08
2.7772322e-08
2.7772322e-08
2.7772322e-08
2.7772322e-08
2.7772322e-08
2.7772322e-08
2.7772322e-08
2.7772322e-08
2.7772322e-08
2.7772322e-08
2.7772322e-08
2.7772322e-08
2.7772322e-08
2.7772322e-08
2.7772322e-08
2.7772322e-08
2.7772322e-08
2.7772322e-08
2.7772322e-08
2.7772322e-08
2.7772322e-08
2.7772322e-08
2.7772322e-08
2.7772322e-08
2.7772322e-08
2.7772322e-08
2.7772322e-08
2.7772322e-08
2.7772322e-08
2.7772322e-08
2.7772322e-08
2.7772322e-08
2.7772322e-08
2.7772322e-08
2.7772322e-08
2.7772322e-08
2.7772322e-08
2.7772322e-08
2.7772322e-08
2.7772322e-08
2.7772322e-08
2.7772322e-08
2.7772322e-08
2.7772322e-08
2.7772322e-08
2.7772322e-08
2.7772322e-08
2.7772322e-08
2.7772322e-08
2.7772322e-08
2.7772322e-08
2.7772322e-08
2.7772322e-08
2.7772322e-08
2.7772322e-08
2.7772322e-08
2.7772322e-08
2.7772322e-08
2.7772322e-08
2.7772322e-08
2.7772322e-08
2.7772322e-08
2.7772322e-08
2.7772322e-08
2.7772322e-08
2.7772322e-08
2.7772322e-08
2.7772322e-08
2.7772322e-08
2.7772322e-08
2.7772322e-08
2.7772322e-08
2.7772322e-08
2.7772322e-08
2.7772322e-08
2.7772322e-08
2.7772322e-08
2.7772322e-08
2.7772322e-08
2.7772322e-08
2.7772322e-08
2.7772322e-08
2.7772322e-08
2.7772322e-08
2.7772322e-08
2.7772322e-08
2.7772322e-08
2.7772322e-08
2.7772322e-08
2.7772322e-08
2.7772322e-08
2.7772322e-08
2.7772322e-08
2.7772322e-08
2.7772322e-08
2.7772322e-08
2.7772322e-08
2.7772322e-08
2.7772322e-08
2.7772322e-08
2.7772322e-08
2.7772322e-08
2.7772322e-08
2.7772322e-08
2.7772322e-08
2.7772322e-08
2.7772322e-08
2.7772322e-08
2.7772322e-08
2.7772322e-08
2.7772322e-08
2.7772322e-08
2.7772322e-08
2.7772322e-08
2.7772322e-08
2.7772322e-08
2.7772322e-08
2.7772322e-08
2.7772322e-08
2.7772322e-08
2.7772322e-08
2.7772322e-08
2.7772322e-08
2.7772322e-08
2.7772322e-08
2.7772322e-08
2.7772322e-08
2.7772322e-08
2.7772322e-08
2.7772322e-08
2.7772322e-08
2.7772322e-08
2.7772322e-08
2.7772322e-08
2.7772322e-08
2.7772322e-08
2.7772322e-08
2.7772322e-08
2.7772322e-08
2.7772322e-08
2.7772322e-08
2.7772322e-08
2.7772322e-08
2.7772322e-08
2.7772322e-08
2.7772322e-08
2.7772322e-08
2.7772322e-08
2.7772322e-08
2.7772322e-08
2.7772322e-08
2.7772322e-08
2.7772322e-08
2.7772322e-08
2.7772322e-08
2.7772322e-08
2.7772322e-08
2.7772322e-08
2.7772322e-08
2.7772322e-08
2.7772322e-08
2.7772322e-08
2.7772322e-08
2.7772322e-08
2.7772322e-08
2.7772322e-08
2.7772322e-08
2.7772322e-08
2.7772322e-08
2.7772322e-08
2.7772322e-08
2.7772322e-08
2.7772322e-08
2.7772322e-08
2.7772322e-08
2.7772322e-08
2.7772322e-08
2.7772322e-08
2.7772322e-08
2.7772322e-08
2.7772322e-08
2.7772322e-08
2.7772322e-08
2.7772322e-08
2.7772322e-08
2.7772322e-08
2.7772322e-08
2.7772322e-08
2.7772322e-08
2.7772322e-08
2.7772322e-08
2.7772322e-08
2.7772322e-08
2.7772322e-08
2.7772322e-08
2.7772322e-08
2.7772322e-08
2.7772322e-08
2.7772322e-08
2.7772322e-08
2.7772322e-08
2.7772322e-08
2.7772322e-08
2.7772322e-08
2.7772322e-08
2.7772322e-08
2.7772322e-08
2.7772322e-08
2.7772322e-08
2.7772322e-08
2.7772322e-08
2.7772322e-08
2.7772322e-08
2.7772322e-08
2.7772322e-08
2.7772322e-08
2.7772322e-08
2.7772322e-08
2.7772322e-08
2.7772322e-08
2.7772322e-08
2.7772322e-08
2.7772322e-08
2.7772322e-08
2.7772322e-08
2.7772322e-08
2.7772322e-08
2.7772322e-08
2.7772322e-08
2.7772322e-08
2.7772322e-08
2.7772322e-08
2.7772322e-08
2.7772322e-08
2.7772322e-08
2.7772322e-08
2.7772322e-08
2.7772322e-08
2.7772322e-08
2.7772322e-08
2.7772322e-08
2.7772322e-08
2.7772322e-08
2.7772322e-08
2.7772322e-08
2.7772322e-08
2.7772322e-08
2.7772322e-08
2.7772322e-08
2.7772322e-08
2.7772322e-08
2.7772322e-08
2.7772322e-08
2.7772322e-08
2.7772322e-08
2.7772322e-08
2.7772322e-08
2.7772322e-08
2.7772322e-08
2.7772322e-08
2.7772322e-08
2.7772322e-08
2.7772322e-08
2.7772322e-08
2.7772322e-08
2.7772322e-08
2.7772322e-08
2.7772322e-08
2.7772322e-08
2.7772322e-08
2.7772322e-08
2.7772322e-08
2.7772322e-08
2.7772322e-08
2.7772322e-08
2.7772322e-08
2.7772322e-08
2.7772322e-08
2.7772322e-08
2.7772322e-08
2.7772322e-08
2.7772322e-08
2.7772322e-08
2.7772322e-08
2.7772322e-08
2.7772322e-08
2.7772322e-08
2.7772322e-08
2.7772322e-08
2.7772322e-08
2.7772322e-08
2.7772322e-08
2.7772322e-08
2.7772322e-08
2.7772322e-08
2.7772322e-08
2.7772322e-08
2.7772322e-08
2.7772322e-08
2.7772322e-08
2.7772322e-08
2.7772322e-08
2.7772322e-08
2.7772322e-08
2.7772322e-08
2.7772322e-08
2.7772322e-08
2.7772322e-08
2.7772322e-08
2.7772322e-08
2.7772322e-08
2.7772322e-08
2.7772322e-08
2.7772322e-08
2.7772322e-08
2.7772322e-08
2.7772322e-08
2.7772322e-08
2.7772322e-08
2.7772322e-08
2.7772322e-08
2.7772322e-08
2.7772322e-08
2.7772322e-08
2.7772322e-08
2.7772322e-08
2.7772322e-08
2.7772322e-08
2.7772322e-08
2.7772322e-08
2.7772322e-08
2.7772322e-08
2.7772322e-08
2.7772322e-08
2.7772322e-08
2.7772322e-08
2.7772322e-08
2.7772322e-08
2.7772322e-08
2.7772322e-08
2.7772322e-08
2.7772322e-08
2.7772322e-08
2.7772322e-08
2.7772322e-08
2.7772322e-08
2.7772322e-08
2.7772322e-08
2.7772322e-08
2.7772322e-08
2.7772322e-08
2.7772322e-08
2.7772322e-08
2.7772322e-08
2.7772322e-08
2.7772322e-08
2.7772322e-08
2.7772322e-08
2.7772322e-08
2.7772322e-08
2.7772322e-08
2.7772322e-08
2.7772322e-08
2.7772322e-08
2.7772322e-08
2.7772322e-08
2.7772322e-08
2.7772322e-08
2.7772322e-08
2.7772322e-08
2.7772322e-08
2.7772322e-08
2.7772322e-08
2.7772322e-08
2.7772322e-08
2.7772322e-08
2.7772322e-08
2.7772322e-08
2.7772322e-08
2.7772322e-08
2.7772322e-08
2.7772322e-08
2.7772322e-08
2.7772322e-08
2.7772322e-08
2.7772322e-08
2.7772322e-08
2.7772322e-08
2.7772322e-08
2.7772322e-08
2.7772322e-08
2.7772322e-08
2.7772322e-08
2.7772322e-08
2.7772322e-08
2.7772322e-08
2.7772322e-08
2.7772321e-08
2.7772322e-08
2.7772322e-08
2.7772322e-08
2.7772322e-08
2.7772322e-08
2.7772322e-08
2.7772322e-08
2.7772322e-08
2.7772322e-08
2.7772322e-08
2.7772322e-08
2.7772322e-08
2.7772321e-08
2.7772322e-08
2.7772322e-08
2.7772322e-08
2.7772322e-08
2.7772322e-08
2.7772322e-08
2.7772322e-08
2.7772322e-08
2.7772322e-08
2.7772322e-08
2.7772322e-08
2.7772322e-08
2.7772321e-08
2.7772322e-08
2.7772322e-08
2.7772322e-08
2.7772322e-08
2.7772322e-08
2.7772322e-08
2.7772322e-08
2.7772322e-08
2.7772322e-08
2.7772322e-08
2.7772322e-08
2.7772322e-08
2.7772321e-08
2.7772322e-08
2.7772322e-08
2.7772322e-08
2.7772322e-08
2.7772322e-08
2.7772322e-08
2.7772322e-08
2.7772322e-08
2.7772322e-08
2.7772322e-08
2.7772322e-08
2.7772322e-08
2.7772321e-08
2.7772322e-08
2.7772322e-08
2.7772322e-08
2.7772322e-08
2.7772322e-08
2.7772322e-08
2.7772322e-08
2.7772322e-08
2.7772322e-08
2.7772322e-08
2.7772322e-08
2.7772322e-08
2.7772321e-08
2.7772322e-08
2.7772322e-08
2.7772322e-08
2.7772322e-08
2.7772322e-08
2.7772322e-08
2.7772322e-08
2.7772322e-08
2.7772322e-08
2.7772322e-08
2.7772322e-08
2.7772322e-08
2.7772321e-08
2.7772322e-08
2.7772322e-08
2.7772322e-08
2.7772322e-08
2.7772322e-08
2.7772322e-08
2.7772322e-08
2.7772322e-08
2.7772322e-08
2.7772322e-08
2.7772322e-08
2.7772322e-08
2.7772321e-08
2.7772322e-08
2.7772322e-08
2.7772322e-08
2.7772322e-08
2.7772322e-08
2.7772322e-08
2.7772322e-08
2.7772322e-08
2.7772322e-08
2.7772322e-08
2.7772322e-08
2.7772322e-08
2.7772321e-08
2.7772322e-08
2.7772322e-08
2.7772322e-08
2.7772322e-08
2.7772322e-08
2.7772322e-08
2.7772322e-08
2.7772322e-08
2.7772322e-08
2.7772322e-08
2.7772322e-08
2.7772322e-08
2.7772321e-08
2.7772322e-08
2.7772322e-08
2.7772322e-08
2.7772322e-08
2.7772322e-08
2.7772322e-08
2.7772322e-08
2.7772322e-08
2.7772322e-08
2.7772322e-08
2.7772322e-08
2.7772322e-08
2.7772321e-08
2.7772322e-08
2.7772322e-08
2.7772322e-08
2.7772322e-08
2.7772322e-08
2.7772322e-08
2.7772322e-08
2.7772322e-08
2.7772322e-08
2.7772322e-08
2.7772322e-08
2.7772322e-08
2.7772321e-08
2.7772322e-08
2.7772322e-08
2.7772322e-08
2.7772322e-08
2.7772322e-08
2.7772322e-08
2.7772322e-08
2.7772322e-08
2.7772322e-08
2.7772322e-08
2.7772322e-08
2.7772322e-08
2.7772322e-08
2.7772322e-08
2.7772322e-08
2.7772322e-08
2.7772322e-08
2.7772322e-08
2.7772322e-08
2.7772322e-08
2.7772322e-08
2.7772322e-08
2.7772322e-08
2.7772322e-08
2.7772322e-08
2.7772322e-08
2.7772322e-08
2.7772322e-08
2.7772322e-08
2.7772322e-08
2.7772322e-08
2.7772322e-08
2.7772322e-08
2.7772322e-08
2.7772322e-08
2.7772322e-08
2.7772322e-08
2.7772322e-08
2.7772322e-08
2.7772322e-08
2.7772322e-08
2.7772322e-08
2.7772322e-08
2.7772322e-08
2.7772322e-08
2.7772322e-08
2.7772322e-08
2.7772322e-08
2.7772322e-08
2.7772322e-08
2.7772322e-08
2.7772322e-08
2.7772322e-08
2.7772322e-08
2.7772322e-08
2.7772322e-08
2.7772322e-08
2.7772322e-08
2.7772322e-08
2.7772322e-08
2.7772322e-08
2.7772322e-08
2.7772322e-08
2.7772322e-08
2.7772322e-08
2.7772322e-08
2.7772322e-08
2.7772322e-08
2.7772322e-08
2.7772322e-08
2.7772322e-08
2.7772322e-08
2.7772322e-08
2.7772322e-08
2.7772322e-08
2.7772322e-08
2.7772322e-08
2.7772322e-08
2.7772322e-08
2.7772322e-08
2.7772322e-08
2.7772322e-08
2.7772322e-08
2.7772322e-08
2.7772322e-08
2.7772322e-08
2.7772322e-08
2.7772322e-08
2.7772322e-08
2.7772322e-08
2.7772322e-08
2.7772322e-08
2.7772322e-08
2.7772322e-08
2.7772322e-08
2.7772322e-08
2.7772322e-08
2.7772322e-08
2.7772322e-08
2.7772322e-08
2.7772322e-08
2.7772322e-08
2.7772322e-08
2.7772322e-08
2.7772322e-08
2.7772322e-08
2.7772322e-08
2.7772322e-08
2.7772322e-08
2.7772322e-08
2.7772322e-08
2.7772322e-08
2.7772322e-08
2.7772322e-08
2.7772322e-08
2.7772322e-08
2.7772322e-08
2.7772322e-08
2.7772322e-08
2.7772322e-08
2.7772322e-08
2.7772322e-08
2.7772322e-08
2.7772322e-08
2.7772322e-08
2.7772322e-08
2.7772322e-08
2.7772322e-08
2.7772322e-08
2.7772322e-08
2.7772322e-08
2.7772322e-08
2.7772322e-08
2.7772322e-08
2.7772322e-08
2.7772322e-08
2.7772322e-08
2.7772322e-08
2.7772322e-08
2.7772322e-08
2.7772322e-08
2.7772322e-08
2.7772322e-08
2.7772322e-08
2.7772322e-08
2.7772322e-08
2.7772322e-08
2.7772322e-08
2.7772322e-08
2.7772322e-08
2.7772322e-08
2.7772322e-08
2.7772322e-08
2.7772322e-08
2.7772322e-08
2.7772322e-08
2.7772322e-08
2.7772322e-08
2.7772322e-08
2.7772322e-08
2.7772322e-08
2.7772322e-08
2.7772322e-08
2.7772322e-08
2.7772322e-08
2.7772322e-08
2.7772322e-08
2.7772322e-08
2.7772322e-08
2.7772322e-08
2.7772322e-08
2.7772322e-08
2.7772322e-08
2.7772322e-08
2.7772322e-08
2.7772322e-08
2.7772322e-08
2.7772322e-08
2.7772322e-08
2.7772322e-08
2.7772322e-08
2.7772322e-08
2.7772322e-08
2.7772322e-08
2.7772322e-08
2.7772322e-08
2.7772322e-08
2.7772322e-08
2.7772322e-08
2.7772322e-08
2.7772322e-08
2.7772322e-08
2.7772322e-08
2.7772322e-08
2.7772322e-08
2.7772322e-08
2.7772322e-08
2.7772322e-08
2.7772322e-08
2.7772322e-08
2.7772322e-08
2.7772322e-08
2.7772322e-08
2.7772322e-08
2.7772322e-08
2.7772322e-08
2.7772322e-08
2.7772322e-08
2.7772322e-08
2.7772322e-08
2.7772322e-08
2.7772322e-08
2.7772322e-08
2.7772322e-08
2.7772322e-08
2.7772322e-08
2.7772322e-08
2.7772322e-08
2.7772322e-08
2.7772322e-08
2.7772322e-08
2.7772322e-08
2.7772322e-08
2.7772322e-08
2.7772322e-08
2.7772322e-08
2.7772322e-08
2.7772322e-08
2.7772322e-08
2.7772322e-08
2.7772322e-08
2.7772322e-08
2.7772322e-08
2.7772322e-08
2.7772322e-08
2.7772322e-08
2.7772322e-08
2.7772322e-08
2.7772322e-08
2.7772322e-08
2.7772322e-08
2.7772322e-08
2.7772322e-08
2.7772322e-08
2.7772322e-08
2.7772322e-08
2.7772322e-08
2.7772322e-08
2.7772322e-08
2.7772322e-08
2.7772322e-08
2.7772322e-08
2.7772322e-08
2.7772322e-08
2.7772322e-08
2.7772322e-08
2.7772322e-08
2.7772322e-08
2.7772322e-08
2.7772322e-08
2.7772322e-08
2.7772322e-08
2.7772322e-08
2.7772322e-08
2.7772322e-08
2.7772322e-08
2.7772322e-08
2.7772322e-08
2.7772322e-08
2.7772322e-08
2.7772322e-08
2.7772322e-08
2.7772322e-08
2.7772322e-08
2.7772322e-08
2.7772322e-08
2.7772322e-08
2.7772322e-08
2.7772322e-08
2.7772322e-08
2.7772322e-08
2.7772322e-08
2.7772322e-08
2.7772322e-08
2.7772322e-08
2.7772322e-08
2.7772322e-08
2.7772322e-08
2.7772322e-08
2.7772322e-08
2.7772322e-08
2.7772322e-08
2.7772322e-08
2.7772322e-08
2.7772322e-08
2.7772322e-08
2.7772322e-08
2.7772322e-08
2.7772322e-08
2.7772322e-08
2.7772322e-08
2.7772322e-08
2.7772322e-08
2.7772322e-08
2.7772322e-08
2.7772322e-08
2.7772322e-08
2.7772322e-08
2.7772322e-08
2.7772322e-08
2.7772322e-08
2.7772322e-08
2.7772322e-08
2.7772322e-08
2.7772322e-08
2.7772322e-08
2.7772322e-08
2.7772322e-08
2.7772322e-08
2.7772322e-08
2.7772322e-08
2.7772322e-08
2.7772322e-08
2.7772322e-08
2.7772322e-08
2.7772322e-08
2.7772322e-08
2.7772322e-08
2.7772322e-08
2.7772322e-08
2.7772322e-08
2.7772322e-08
2.7772322e-08
2.7772322e-08
2.7772322e-08
2.7772322e-08
2.7772322e-08
2.7772322e-08
2.7772322e-08
2.7772322e-08
2.7772322e-08
2.7772322e-08
2.7772322e-08
2.7772322e-08
2.7772322e-08
2.7772322e-08
2.7772322e-08
2.7772322e-08
2.7772322e-08
2.7772322e-08
2.7772322e-08
2.7772322e-08
2.7772322e-08
2.7772322e-08
2.7772322e-08
2.7772322e-08
2.7772322e-08
2.7772322e-08
2.7772322e-08
2.7772322e-08
2.7772321e-08
2.7772322e-08
2.7772322e-08
2.7772322e-08
2.7772322e-08
2.7772322e-08
2.7772322e-08
2.7772322e-08
2.7772322e-08
2.7772322e-08
2.7772322e-08
2.7772322e-08
2.7772322e-08
2.7772321e-08
2.7772322e-08
2.7772322e-08
2.7772322e-08
2.7772322e-08
2.7772322e-08
2.7772322e-08
2.7772322e-08
2.7772322e-08
2.7772322e-08
2.7772322e-08
2.7772322e-08
2.7772322e-08
2.7772321e-08
2.7772322e-08
2.7772322e-08
2.7772322e-08
2.7772322e-08
2.7772322e-08
2.7772322e-08
2.7772322e-08
2.7772322e-08
2.7772322e-08
2.7772322e-08
2.7772322e-08
2.7772322e-08
2.7772322e-08
2.7772322e-08
2.7772322e-08
2.7772322e-08
2.7772322e-08
2.7772322e-08
2.7772322e-08
2.7772322e-08
2.7772322e-08
2.7772322e-08
2.7772322e-08
2.7772322e-08
2.7772322e-08
2.7772322e-08
2.7772322e-08
2.7772322e-08
2.7772322e-08
2.7772322e-08
2.7772322e-08
2.7772322e-08
2.7772322e-08
2.7772322e-08
2.7772322e-08
2.7772322e-08
2.7772322e-08
2.7772322e-08
2.7772322e-08
2.7772322e-08
2.7772322e-08
2.7772322e-08
2.7772322e-08
2.7772322e-08
2.7772322e-08
2.7772322e-08
2.7772322e-08
2.7772322e-08
2.7772322e-08
2.7772322e-08
2.7772322e-08
2.7772322e-08
2.7772322e-08
2.7772322e-08
2.7772322e-08
2.7772322e-08
2.7772322e-08
2.7772322e-08
2.7772322e-08
2.7772322e-08
2.7772322e-08
2.7772322e-08
2.7772322e-08
2.7772322e-08
2.7772322e-08
2.7772322e-08
2.7772322e-08
2.7772322e-08
2.7772322e-08
2.7772322e-08
2.7772322e-08
2.7772322e-08
2.7772322e-08
2.7772322e-08
2.7772322e-08
2.7772322e-08
2.7772322e-08
2.7772322e-08
2.7772322e-08
2.7772322e-08
2.7772322e-08
2.7772322e-08
2.7772322e-08
2.7772322e-08
2.7772322e-08
2.7772322e-08
2.7772322e-08
2.7772322e-08
2.7772322e-08
2.7772322e-08
2.7772322e-08
2.7772322e-08
2.7772322e-08
2.7772322e-08
2.7772322e-08
2.7772322e-08
2.7772322e-08
2.7772322e-08
2.7772322e-08
2.7772322e-08
2.7772322e-08
2.7772322e-08
2.7772322e-08
2.7772322e-08
2.7772322e-08
2.7772322e-08
2.7772322e-08
2.7772322e-08
2.7772322e-08
2.7772322e-08
2.7772322e-08
2.7772322e-08
2.7772322e-08
2.7772322e-08
2.7772322e-08
2.7772322e-08
2.7772322e-08
2.7772322e-08
2.7772322e-08
2.7772322e-08
2.7772322e-08
2.7772322e-08
2.7772322e-08
2.7772322e-08
2.7772322e-08
2.7772322e-08
2.7772322e-08
2.7772322e-08
2.7772322e-08
2.7772322e-08
2.7772322e-08
2.7772322e-08
2.7772322e-08
2.7772322e-08
2.7772322e-08
2.7772322e-08
2.7772322e-08
2.7772322e-08
2.7772322e-08
2.7772322e-08
2.7772322e-08
2.7772322e-08
2.7772322e-08
2.7772322e-08
2.7772322e-08
2.7772322e-08
2.7772322e-08
2.7772322e-08
2.7772322e-08
2.7772322e-08
2.7772322e-08
2.7772322e-08
2.7772322e-08
2.7772322e-08
2.7772322e-08
2.7772322e-08
)
;

boundaryField
{
    Side
    {
        type            empty;
    }
    Inlet
    {
        type            inletOutlet;
        inletValue      uniform 3.9592226e-07;
        value           nonuniform List<scalar> 
28
(
3.9592226e-07
3.9592226e-07
3.9592226e-07
3.9592226e-07
3.9592226e-07
3.9592226e-07
3.9592226e-07
3.9592226e-07
3.9592226e-07
3.9592226e-07
3.9592226e-07
3.9592226e-07
3.9592226e-07
3.9592226e-07
2.7772322e-08
2.7772322e-08
2.7772322e-08
2.7772322e-08
2.7772322e-08
2.7772322e-08
2.7772322e-08
2.7772322e-08
2.7772322e-08
2.7772322e-08
2.7772322e-08
2.7772322e-08
2.7772322e-08
2.7772322e-08
)
;
    }
    Airfoil
    {
        type            nutUSpaldingWallFunction;
        value           nonuniform List<scalar> 0();
    }
    Outlet
    {
        type            zeroGradient;
    }
    Flap
    {
        type            nutUSpaldingWallFunction;
        value           nonuniform List<scalar> 0();
    }
    procBoundary7to6
    {
        type            processor;
        value           nonuniform List<scalar> 
120
(
2.7772317e-08
2.7772321e-08
2.7772317e-08
2.7772317e-08
2.7772317e-08
2.7772317e-08
2.7772317e-08
2.7772317e-08
2.7772317e-08
2.7772317e-08
2.7772317e-08
2.7772317e-08
2.7772317e-08
2.7772317e-08
2.7772317e-08
2.7772321e-08
2.7772322e-08
2.7772318e-08
2.777232e-08
2.7772321e-08
2.7772321e-08
2.7772321e-08
2.7772322e-08
2.7772322e-08
2.7772322e-08
2.7772322e-08
2.7772322e-08
2.7772322e-08
2.7772322e-08
2.7772322e-08
2.7772322e-08
2.7772321e-08
2.7772321e-08
2.7772321e-08
2.7772321e-08
2.7772321e-08
2.7772321e-08
2.7772321e-08
2.7772321e-08
2.7772321e-08
2.7772321e-08
2.7772321e-08
2.7772321e-08
2.7772321e-08
2.7772321e-08
2.7772321e-08
2.7772321e-08
2.7772321e-08
2.7772321e-08
2.7772321e-08
2.7772321e-08
2.7772321e-08
2.7772321e-08
2.7772321e-08
2.7772321e-08
2.7772321e-08
2.7772321e-08
2.7772321e-08
2.7772321e-08
2.7772321e-08
2.7772317e-08
2.7772321e-08
2.7772317e-08
2.7772317e-08
2.7772317e-08
2.7772317e-08
2.7772317e-08
2.7772317e-08
2.7772317e-08
2.7772317e-08
2.7772317e-08
2.7772317e-08
2.7772317e-08
2.7772321e-08
2.7772321e-08
2.7772321e-08
2.7772321e-08
2.7772321e-08
2.7772321e-08
2.7772321e-08
2.7772321e-08
2.7772321e-08
2.7772321e-08
2.7772321e-08
2.7772321e-08
2.7772321e-08
2.7772321e-08
2.7772321e-08
2.7772321e-08
2.7772321e-08
2.7772321e-08
2.7772321e-08
2.7772321e-08
2.7772321e-08
2.7772321e-08
2.7772321e-08
2.7772321e-08
2.7772321e-08
2.7772321e-08
2.7772321e-08
2.7772321e-08
2.7772321e-08
2.7772321e-08
2.7772321e-08
2.7772321e-08
2.7772322e-08
2.7772319e-08
2.777232e-08
2.7772321e-08
2.7772321e-08
2.7772321e-08
2.7772322e-08
2.7772322e-08
2.7772322e-08
2.7772322e-08
2.7772322e-08
2.7772322e-08
2.7772322e-08
2.7772322e-08
2.7772322e-08
)
;
    }
}


// ************************************************************************* //
