/*--------------------------------*- C++ -*----------------------------------*\
| =========                 |                                                 |
| \\      /  F ield         | OpenFOAM: The Open Source CFD Toolbox           |
|  \\    /   O peration     | Version:  2206                                  |
|   \\  /    A nd           | Website:  www.openfoam.com                      |
|    \\/     M anipulation  |                                                 |
\*---------------------------------------------------------------------------*/
FoamFile
{
    version     2.0;
    format      ascii;
    arch        "LSB;label=32;scalar=64";
    class       volVectorField;
    location    "0.01";
    object      U;
}
// * * * * * * * * * * * * * * * * * * * * * * * * * * * * * * * * * * * * * //

dimensions      [0 1 -1 0 0 0 0];

internalField   nonuniform List<vector> 
1400
(
(0.85671779 0.043699275 0)
(0.85671779 0.043699275 0)
(0.85671779 0.043699275 0)
(0.85671779 0.043699275 -1.0137211e-21)
(0.85671779 0.043699275 1.0137178e-21)
(0.85671779 0.043699275 -1.0137144e-21)
(0.85671779 0.043699275 1.0137111e-21)
(0.85671779 0.043699275 -5.0685391e-22)
(0.85671779 0.043699275 1.0137045e-21)
(0.85671779 0.043699275 -5.0685059e-22)
(0.85671779 0.043699275 0)
(0.85671779 0.043699275 0)
(0.85671779 0.043699275 0)
(0.85671779 0.043699275 2.5342197e-22)
(0.85671779 0.043699275 2.1541345e-21)
(0.85671779 0.043699275 -2.1541268e-21)
(0.85671779 0.043699275 1.0770597e-21)
(0.85671779 0.043699275 -1.0770559e-21)
(0.85671779 0.043699275 -1.0770522e-21)
(0.85671779 0.043699275 1.0770485e-21)
(0.85671779 0.043699275 -5.3852236e-22)
(0.85671779 0.043699275 5.3852049e-22)
(0.85671779 0.043699275 0)
(0.85671779 0.043699275 -2.6925837e-22)
(0.85671779 0.043699275 4.0388616e-22)
(0.85671779 0.043699275 -1.3462825e-22)
(0.85671779 0.043699275 0)
(0.85671779 0.043699275 -2.6925462e-22)
(0.85671779 0.043699275 0)
(0.85671779 0.043699275 0)
(0.85671779 0.043699275 0)
(0.85671779 0.043699275 0)
(0.85671779 0.043699275 0)
(0.85671779 0.043699275 1.1488237e-21)
(0.85671779 0.043699275 -1.1488195e-21)
(0.85671779 0.043699275 -5.7440762e-22)
(0.85671779 0.043699275 5.7440549e-22)
(0.85671779 0.043699275 -2.8720168e-22)
(0.85671779 0.043699275 2.8720062e-22)
(0.85671779 0.043699275 0)
(0.85671779 0.043699275 0)
(0.85671779 0.043699275 0)
(0.85671779 0.043699275 0)
(0.85671779 0.043699275 0)
(0.85671779 0.043699275 0)
(0.85671779 0.043699275 0)
(0.85671779 0.043699275 0)
(0.85671779 0.043699275 -1.2308483e-21)
(0.85671779 0.043699275 6.1542173e-22)
(0.85671779 0.043699275 6.1541929e-22)
(0.85671779 0.043699275 0)
(0.85671779 0.043699275 -3.077072e-22)
(0.85671779 0.043699275 3.0770598e-22)
(0.85671779 0.043699275 0)
(0.85671779 0.043699275 0)
(0.85671779 0.043699275 0)
(0.85671779 0.043699275 0)
(0.85671779 0.043699275 -1.3255091e-21)
(0.85671779 0.043699275 1.3255034e-21)
(0.85671779 0.043699275 0)
(0.85671779 0.043699275 1.3254921e-21)
(0.85671779 0.043699275 -1.3254864e-21)
(0.85671779 0.043699275 0)
(0.85671779 0.043699275 0)
(0.85671779 0.043699275 0)
(0.85671779 0.043699275 -3.3136594e-22)
(0.85671779 0.043699275 3.3136452e-22)
(0.85671779 0.043699275 0)
(0.85671779 0.043699275 0)
(0.85671779 0.043699275 0)
(0.85671779 0.043699275 -2.8718467e-21)
(0.85671779 0.043699275 2.8718329e-21)
(0.85671779 0.043699275 1.4359098e-21)
(0.85671779 0.043699275 -1.4359031e-21)
(0.85671779 0.043699275 0)
(0.85671779 0.043699275 0)
(0.85671779 0.043699275 0)
(0.85671779 0.043699275 -7.1793827e-22)
(0.85671779 0.043699275 7.1793495e-22)
(0.85671779 0.043699275 0)
(0.85671779 0.043699275 0)
(0.85671779 0.043699275 0)
(0.85671779 0.043699275 0)
(0.85671779 0.043699275 0)
(0.85671779 0.043699275 -3.5010529e-33)
(0.85671779 0.043699275 1.5663876e-21)
(0.85671779 0.043699275 3.1327593e-21)
(0.85671779 0.043699275 -1.5663718e-21)
(0.85671779 0.043699275 0)
(0.85671779 0.043699275 -1.5663559e-21)
(0.85671779 0.043699275 1.566348e-21)
(0.85671779 0.043699275 0)
(0.85671779 0.043699275 0)
(0.85671779 0.043699275 3.9158107e-22)
(0.85671779 0.043699275 -3.9157909e-22)
(0.85671779 0.043699275 4.8947139e-23)
(0.85671779 0.043699275 -4.8946892e-23)
(0.85671779 0.043699275 0)
(0.85671779 0.043699275 -3.4458967e-21)
(0.85671779 0.043699275 5.1688147e-21)
(0.85671779 0.043699275 -1.7229287e-21)
(0.85671779 0.043699275 0)
(0.85671779 0.043699275 0)
(0.85671779 0.043699275 0)
(0.85671779 0.043699275 0)
(0.85671779 0.043699275 0)
(0.85671779 0.043699275 0)
(0.85671779 0.043699275 0)
(0.85671779 0.043699275 0)
(0.85671779 0.043699275 0)
(0.85671779 0.043699275 0)
(0.85671779 0.043699275 0)
(0.85671779 0.043699275 0)
(0.85671779 0.043699275 0)
(0.85671779 0.043699275 0)
(0.85671779 0.043699275 1.9142325e-21)
(0.85671779 0.043699275 -1.9142207e-21)
(0.85671779 0.043699275 0)
(0.85671779 0.043699275 0)
(0.85671779 0.043699275 0)
(0.85671779 0.043699275 0)
(0.85671779 0.043699275 4.785404e-22)
(0.85671779 0.043699275 -2.3926872e-22)
(0.85671779 0.043699275 -2.3926725e-22)
(0.85671779 0.043699275 0)
(0.85671779 0.043699275 -4.7852859e-22)
(0.85671779 0.043699275 0)
(0.85671779 0.043699275 -2.1533698e-21)
(0.85671779 0.043699275 -1.1155026e-33)
(0.85671779 0.043699275 -2.5819426e-35)
(0.85671779 0.043699275 2.153325e-21)
(0.85671779 0.043699275 0)
(0.85671779 0.043699275 0)
(0.85671779 0.043699275 0)
(0.85671779 0.043699275 -1.0766326e-21)
(0.85671779 0.043699275 5.3831255e-22)
(0.85671779 0.043699275 5.3830881e-22)
(0.85671779 0.043699275 0)
(0.85671779 0.043699275 0)
(0.85671779 0.043699275 0)
(0.85671779 0.043699275 0)
(0.85671779 0.043699275 -2.4607466e-21)
(0.85671779 0.043699275 2.4607271e-21)
(0.85671779 0.043699275 0)
(0.85671779 0.043699275 -2.460688e-21)
(0.85671779 0.043699275 2.4606685e-21)
(0.85671779 0.043699275 -1.2303245e-21)
(0.85671779 0.043699275 1.2303147e-21)
(0.85671779 0.043699275 1.230305e-21)
(0.85671779 0.043699275 -1.8454428e-21)
(0.85671779 0.043699275 6.1514272e-22)
(0.85671779 0.043699275 0)
(0.85671779 0.043699275 0)
(0.85671779 0.043699275 6.1512813e-22)
(0.85671779 0.043699275 -5.7410312e-21)
(0.85671779 0.043699275 8.6114576e-21)
(0.85671779 0.043699275 -2.8704593e-21)
(0.85671779 0.043699275 -2.8704327e-21)
(0.85671779 0.043699275 2.8704062e-21)
(0.85671779 0.043699275 0)
(0.85671779 0.043699275 0)
(0.85671779 0.043699275 0)
(0.85671779 0.043699275 -1.4351499e-21)
(0.85671779 0.043699275 7.1756832e-22)
(0.85671779 0.043699275 7.1756168e-22)
(0.85671779 0.043699275 0)
(0.85671779 0.043699275 0)
(0.85671779 0.043699275 0)
(0.85671779 0.043699275 0)
(0.85671779 0.043699275 0)
(0.85671779 0.043699275 0)
(0.85671779 0.043699275 3.4438589e-21)
(0.85671779 0.043699275 -3.4438207e-21)
(0.85671779 0.043699275 0)
(0.85671779 0.043699275 0)
(0.85671779 0.043699275 0)
(0.85671779 0.043699275 0)
(0.85671779 0.043699275 8.6090736e-22)
(0.85671779 0.043699275 -4.304489e-22)
(0.85671779 0.043699275 -4.3044412e-22)
(0.85671779 0.043699275 4.3043934e-22)
(0.85671779 0.043699275 -4.3043475e-22)
(0.85671779 0.043699275 0)
(0.85671779 0.043699275 0)
(0.85671779 0.043699275 0)
(0.85671779 0.043699275 -1.6938254e-22)
(0.85671779 0.043699275 0)
(0.85671779 0.043699275 1.7136932e-22)
(0.85671779 0.043699275 0)
(0.85671779 0.043699275 1.7340325e-22)
(0.85671779 0.043699275 -1.7443844e-22)
(0.85671779 0.043699275 0)
(0.85671779 0.043699275 -1.7654633e-22)
(0.85671779 0.043699275 0)
(0.85671779 0.043699275 1.7870579e-22)
(0.85671779 0.043699275 1.7980545e-22)
(0.85671779 0.043699275 1.8091873e-22)
(0.85671779 0.043699275 1.6744131e-22)
(0.85671779 0.043699275 0)
(0.85671779 0.043699275 0)
(0.85671779 0.043699275 0)
(0.85671779 0.043699275 -1.7136932e-22)
(0.85671779 0.043699275 -1.7238029e-22)
(0.85671779 0.043699275 -1.7340326e-22)
(0.85671779 0.043699275 0)
(0.85671779 0.043699275 0)
(0.85671779 0.043699275 0)
(0.85671779 0.043699275 1.776195e-22)
(0.85671779 0.043699275 0)
(0.85671779 0.043699275 -1.7980546e-22)
(0.85671779 0.043699275 -1.8091874e-22)
(0.85671779 0.043699275 -3.3488263e-22)
(0.85671779 0.043699275 0)
(0.85671779 0.043699275 0)
(0.85671779 0.043699275 0)
(0.85671779 0.043699275 3.4273866e-22)
(0.85671779 0.043699275 3.447606e-22)
(0.85671779 0.043699275 0)
(0.85671779 0.043699275 1.7443845e-22)
(0.85671779 0.043699275 1.7548607e-22)
(0.85671779 0.043699275 0)
(0.85671779 0.043699275 -1.7761951e-22)
(0.85671779 0.043699275 1.787058e-22)
(0.85671779 0.043699275 0)
(0.85671779 0.043699275 1.8091874e-22)
(0.85671779 0.043699275 8.3720661e-23)
(0.85671779 0.043699275 0)
(0.85671779 0.043699275 8.469128e-23)
(0.85671779 0.043699275 0)
(0.85671779 0.043699275 -2.5705401e-22)
(0.85671779 0.043699275 -1.7238031e-22)
(0.85671779 0.043699275 -8.6701639e-23)
(0.85671779 0.043699275 -2.6165769e-22)
(0.85671779 0.043699275 -1.7548608e-22)
(0.85671779 0.043699275 -8.8273176e-23)
(0.85671779 0.043699275 0)
(0.85671779 0.043699275 -1.7870581e-22)
(0.85671779 0.043699275 -8.9902737e-23)
(0.85671779 0.043699275 -1.8091875e-22)
(0.85671779 0.043699275 8.3720664e-23)
(0.85671779 0.043699275 0)
(0.85671779 0.043699275 -8.4691284e-23)
(0.85671779 0.043699275 0)
(0.85671779 0.043699275 1.7136935e-22)
(0.85671779 0.043699275 8.6190158e-23)
(0.85671779 0.043699275 8.6701643e-23)
(0.85671779 0.043699275 1.7443847e-22)
(0.85671779 0.043699275 0)
(0.85671779 0.043699275 8.827318e-23)
(0.85671779 0.043699275 0)
(0.85671779 0.043699275 0)
(0.85671779 0.043699275 8.9902741e-23)
(0.85671779 0.043699275 0)
(0.85671779 0.043699275 0)
(0.85671779 0.043699275 0)
(0.85671779 0.043699275 0)
(0.85671779 0.043699275 0)
(0.85671779 0.043699275 -8.5684677e-23)
(0.85671779 0.043699275 -8.6190162e-23)
(0.85671779 0.043699275 0)
(0.85671779 0.043699275 -1.7443848e-22)
(0.85671779 0.043699275 0)
(0.85671779 0.043699275 -8.8273185e-23)
(0.85671779 0.043699275 0)
(0.85671779 0.043699275 0)
(0.85671779 0.043699275 0)
(0.85671779 0.043699275 -9.0459385e-23)
(0.85671779 0.043699275 8.3720672e-23)
(0.85671779 0.043699275 0)
(0.85671779 0.043699275 0)
(0.85671779 0.043699275 0)
(0.85671779 0.043699275 0)
(0.85671779 0.043699275 0)
(0.85671779 0.043699275 0)
(0.85671779 0.043699275 8.7219242e-23)
(0.85671779 0.043699275 0)
(0.85671779 0.043699275 8.8273188e-23)
(0.85671779 0.043699275 0)
(0.85671779 0.043699275 0)
(0.85671779 0.043699275 0)
(0.85671779 0.043699275 9.0459389e-23)
(0.85671779 0.043699275 -8.3720675e-23)
(0.85671779 0.043699275 0)
(0.85671779 0.043699275 0)
(0.85671779 0.043699275 0)
(0.85671779 0.043699275 8.5684684e-23)
(0.85671779 0.043699275 8.6190169e-23)
(0.85671779 0.043699275 -8.6701654e-23)
(0.85671779 0.043699275 0)
(0.85671779 0.043699275 0)
(0.85671779 0.043699275 0)
(0.85671779 0.043699275 0)
(0.85671779 0.043699275 -8.9352922e-23)
(0.85671779 0.043699275 -8.9902753e-23)
(0.85671779 0.043699275 0)
(0.85671779 0.043699275 0)
(0.85671779 0.043699275 0)
(0.85671779 0.043699275 0)
(0.85671779 0.043699275 0)
(0.85671779 0.043699275 -1.2852703e-22)
(0.85671779 0.043699275 -8.6190173e-23)
(0.85671779 0.043699275 4.3350829e-23)
(0.85671779 0.043699275 -4.3609625e-23)
(0.85671779 0.043699275 0)
(0.85671779 0.043699275 -4.4136598e-23)
(0.85671779 0.043699275 0)
(0.85671779 0.043699275 1.3402939e-22)
(0.85671779 0.043699275 4.4951379e-23)
(0.85671779 0.043699275 -4.5229699e-23)
(0.85671779 0.043699275 -4.1860341e-23)
(0.85671779 0.043699275 0)
(0.85671779 0.043699275 4.2345651e-23)
(0.85671779 0.043699275 0)
(0.85671779 0.043699275 8.5684692e-23)
(0.85671779 0.043699275 0)
(0.85671779 0.043699275 8.6701662e-23)
(0.85671779 0.043699275 8.7219253e-23)
(0.85671779 0.043699275 4.3871531e-23)
(0.85671779 0.043699275 8.8273201e-23)
(0.85671779 0.043699275 0)
(0.85671779 0.043699275 -4.4676465e-23)
(0.85671779 0.043699275 8.9902762e-23)
(0.85671779 0.043699275 4.5229701e-23)
(0.85671779 0.043699275 2.0930171e-23)
(0.85671779 0.043699275 0)
(0.85671779 0.043699275 -6.351848e-23)
(0.85671779 0.043699275 0)
(0.85671779 0.043699275 -4.2842348e-23)
(0.85671779 0.043699275 0)
(0.85671779 0.043699275 -4.3350833e-23)
(0.85671779 0.043699275 -4.3609629e-23)
(0.85671779 0.043699275 -4.3871533e-23)
(0.85671779 0.043699275 -4.4136602e-23)
(0.85671779 0.043699275 0)
(0.85671779 0.043699275 0)
(0.85671779 0.043699275 -4.4951383e-23)
(0.85671779 0.043699275 0)
(0.85671779 0.043699275 2.0930172e-23)
(0.85671779 0.043699275 0)
(0.85671779 0.043699275 1.0586414e-23)
(0.85671779 0.043699275 0)
(0.85671779 0.043699275 0)
(0.85671779 0.043699275 0)
(0.85671779 0.043699275 1.0837709e-23)
(0.85671779 0.043699275 0)
(0.85671779 0.043699275 0)
(0.85671779 0.043699275 -1.1034151e-23)
(0.85671779 0.043699275 0)
(0.85671779 0.043699275 0)
(0.85671779 0.043699275 0)
(0.85671779 0.043699275 0)
(0.85671779 0.043699275 0)
(0.85671779 0.043699275 0)
(0.85671779 0.043699275 1.0586414e-23)
(0.85671779 0.043699275 0)
(0.85671779 0.043699275 0)
(0.85671779 0.043699275 0)
(0.85671779 0.043699275 -1.0837709e-23)
(0.85671779 0.043699275 0)
(0.85671779 0.043699275 0)
(0.85671779 0.043699275 1.1034152e-23)
(0.85671779 0.043699275 0)
(0.85671779 0.043699275 0)
(0.85671779 0.043699275 0)
(0.85671779 0.043699275 0)
(0.85671779 0.043699275 1.4854871e-22)
(0.85671779 0.043699275 0)
(0.85671779 0.043699275 0)
(0.85671779 0.043699275 1.2309229e-22)
(0.85671779 0.043699275 0)
(0.85671779 0.043699275 0)
(0.85671779 0.043699275 0)
(0.85671779 0.043699275 1.0019804e-22)
(0.85671779 0.043699275 0)
(0.85671779 0.043699275 -9.1672811e-23)
(0.85671779 0.043699275 -8.7932016e-23)
(0.85671779 0.043699275 0)
(0.85671779 0.043699275 -1.485481e-22)
(0.85671779 0.043699275 0)
(0.85671779 0.043699275 2.6109829e-22)
(0.85671779 0.043699275 -1.2309188e-22)
(0.85671779 0.043699275 0)
(0.85671779 0.043699275 2.209423e-22)
(0.85671779 0.043699275 0)
(0.85671779 0.043699275 -3.0059331e-22)
(0.85671779 0.043699275 0)
(0.85671779 0.043699275 2.7501776e-22)
(0.85671779 0.043699275 8.7931809e-23)
(0.85671779 0.043699275 0)
(0.85671779 0.043699275 0)
(0.85671779 0.043699275 0)
(0.85671779 0.043699275 -2.6109741e-22)
(0.85671779 0.043699275 0)
(0.85671779 0.043699275 0)
(0.85671779 0.043699275 -6.62825e-22)
(0.85671779 0.043699275 0)
(0.85671779 0.043699275 2.0039502e-22)
(0.85671779 0.043699275 0)
(0.85671779 0.043699275 -1.8334474e-22)
(0.85671779 0.043699275 0)
(0.85671779 0.043699275 0)
(0.85671779 0.043699275 -5.9418785e-22)
(0.85671779 0.043699275 0)
(0.85671779 0.043699275 -5.2219306e-22)
(0.85671779 0.043699275 -4.9236439e-22)
(0.85671779 0.043699275 0)
(0.85671779 0.043699275 4.4188207e-22)
(0.85671779 0.043699275 0)
(0.85671779 0.043699275 0)
(0.85671779 0.043699275 3.8298124e-22)
(0.85671779 0.043699275 -3.6668861e-22)
(0.85671779 0.043699275 3.5172564e-22)
(0.85671779 0.043699275 0)
(0.85671779 0.043699275 5.9418558e-22)
(0.85671779 0.043699275 0)
(0.85671779 0.043699275 2.4129145e-34)
(0.85671779 0.043699275 -5.4663254e-34)
(0.85671779 0.043699275 0)
(0.85671779 0.043699275 0)
(0.85671779 0.043699275 4.2033245e-22)
(0.85671779 0.043699275 0)
(0.85671779 0.043699275 -3.8298029e-22)
(0.85671779 0.043699275 3.6668774e-22)
(0.85671779 0.043699275 -3.5172484e-22)
(0.85671779 0.043699275 -3.3793521e-22)
(0.85671779 0.043699275 0)
(0.85671779 0.043699275 0)
(0.85671779 0.043699275 5.2218955e-22)
(0.85671779 0.043699275 4.9236126e-22)
(0.85671779 0.043699275 -9.3151304e-22)
(0.85671779 0.043699275 0)
(0.85671779 0.043699275 -4.2033131e-22)
(0.85671779 0.043699275 0)
(0.85671779 0.043699275 0)
(0.85671779 0.043699275 0)
(0.85671779 0.043699275 0)
(0.85671779 0.043699275 3.3793447e-22)
(0.85671779 0.043699275 0)
(0.85671779 0.043699275 0)
(0.85671779 0.043699275 0)
(0.85671779 0.043699275 0)
(0.85671779 0.043699275 9.3151024e-22)
(0.85671779 0.043699275 -8.8375658e-22)
(0.85671779 0.043699275 0)
(0.85671779 0.043699275 0)
(0.85671779 0.043699275 0)
(0.85671779 0.043699275 0)
(0.85671779 0.043699275 -7.0344649e-22)
(0.85671779 0.043699275 0)
(0.85671779 0.043699275 1.1883575e-21)
(0.85671779 0.043699275 0)
(0.85671779 0.043699275 0)
(0.85671779 0.043699275 9.8471627e-22)
(0.85671779 0.043699275 0)
(0.85671779 0.043699275 1.7675081e-21)
(0.85671779 0.043699275 0)
(0.85671779 0.043699275 -8.0156974e-22)
(0.85671779 0.043699275 0)
(0.85671779 0.043699275 0)
(0.85671779 0.043699275 7.034449e-22)
(0.85671779 0.043699275 6.7586599e-22)
(0.85671779 0.043699275 -1.1883529e-21)
(0.85671779 0.043699275 0)
(0.85671779 0.043699275 0)
(0.85671779 0.043699275 -9.8471314e-22)
(0.85671779 0.043699275 -9.3150463e-22)
(0.85671779 0.043699275 -8.8375154e-22)
(0.85671779 0.043699275 0)
(0.85671779 0.043699275 1.6031353e-21)
(0.85671779 0.043699275 0)
(0.85671779 0.043699275 0)
(0.85671779 0.043699275 0)
(0.85671779 0.043699275 -1.351729e-21)
(0.85671779 0.043699275 0)
(0.85671779 0.043699275 1.1117141e-21)
(0.85671779 0.043699275 0)
(0.85671779 0.043699275 0)
(0.85671779 0.043699275 9.3150184e-22)
(0.85671779 0.043699275 -8.8374903e-22)
(0.85671779 0.043699275 0)
(0.85671779 0.043699275 7.3667294e-34)
(0.85671779 0.043699275 0)
(0.85671779 0.043699275 7.3336681e-22)
(0.85671779 0.043699275 0)
(0.85671779 0.043699275 6.7586305e-22)
(0.85671779 0.043699275 -2.3766876e-21)
(0.85671779 0.043699275 1.1117101e-21)
(0.85671779 0.043699275 -2.088723e-21)
(0.85671779 0.043699275 -1.9694138e-21)
(0.85671779 0.043699275 0)
(0.85671779 0.043699275 8.8374651e-22)
(0.85671779 0.043699275 0)
(0.85671779 0.043699275 -8.0156352e-22)
(0.85671779 0.043699275 -1.5318985e-21)
(0.85671779 0.043699275 -2.2000952e-21)
(0.85671779 0.043699275 1.4068802e-21)
(0.85671779 0.043699275 0)
(0.85671779 0.043699275 -3.8574326e-33)
(0.85671779 0.043699275 -4.4468245e-21)
(0.85671779 0.043699275 -2.2029936e-34)
(0.85671779 0.043699275 1.5633343e-33)
(0.85671779 0.043699275 0)
(0.85671779 0.043699275 -1.767488e-21)
(0.85671779 0.043699275 -1.6812979e-21)
(0.85671779 0.043699275 0)
(0.85671779 0.043699275 3.0426324e-34)
(0.85671779 0.043699275 1.4667267e-21)
(0.85671779 0.043699275 -2.8137541e-21)
(0.85671779 0.043699275 -1.3517202e-21)
(0.85671779 0.043699275 2.3766695e-21)
(0.85671779 0.043699275 2.2234043e-21)
(0.85671779 0.043699275 1.2652097e-33)
(0.85671779 0.043699275 1.9694013e-21)
(0.85671779 0.043699275 0)
(0.85671779 0.043699275 1.767483e-21)
(0.85671779 0.043699275 1.6812933e-21)
(0.85671779 0.043699275 0)
(0.85671779 0.043699275 1.5318909e-21)
(0.85671779 0.043699275 1.4667232e-21)
(0.85671779 0.043699275 1.4068738e-21)
(0.85671779 0.043699275 2.7034345e-21)
(0.85671779 0.043699275 -2.3766601e-21)
(0.85671779 0.043699275 2.2233961e-21)
(0.85671779 0.043699275 -2.2948079e-33)
(0.85671779 0.043699275 0)
(0.85671779 0.043699275 0)
(0.85671779 0.043699275 0)
(0.85671779 0.043699275 0)
(0.85671779 0.043699275 1.6031145e-21)
(0.85671779 0.043699275 0)
(0.85671779 0.043699275 -1.4667197e-21)
(0.85671779 0.043699275 1.4068706e-21)
(0.85671779 0.043699275 -1.3517142e-21)
(0.85671779 0.043699275 0)
(0.85671779 0.043699275 -7.8681393e-21)
(0.85671779 0.043699275 7.4434772e-21)
(0.85671779 0.043699275 -7.0623079e-21)
(0.85671779 0.043699275 3.053626e-33)
(0.85671779 0.043699275 0)
(0.85671779 0.043699275 6.121837e-21)
(0.85671779 0.043699275 5.8616432e-21)
(0.85671779 0.043699275 0)
(0.85671779 0.043699275 5.40241e-21)
(0.85671779 0.043699275 1.6703541e-33)
(0.85671779 0.043699275 5.0099067e-21)
(0.85671779 0.043699275 8.3441961e-21)
(0.85671779 0.043699275 -7.8681481e-21)
(0.85671779 0.043699275 -7.4434866e-21)
(0.85671779 0.043699275 7.0623172e-21)
(0.85671779 0.043699275 -6.7182841e-21)
(0.85671779 0.043699275 -6.4062124e-21)
(0.85671779 0.043699275 -6.1218459e-21)
(0.85671779 0.043699275 6.259796e-33)
(0.85671779 0.043699275 -5.6226739e-21)
(0.85671779 0.043699275 -5.4024187e-21)
(0.85671779 0.043699275 -1.0397538e-20)
(0.85671779 0.043699275 -5.0099149e-21)
(0.85671779 0.043699275 -8.3442241e-21)
(0.85671779 0.043699275 1.5736346e-20)
(0.85671779 0.043699275 -7.4435087e-21)
(0.85671779 0.043699275 -7.0623373e-21)
(0.85671779 0.043699275 6.7183026e-21)
(0.85671779 0.043699275 6.4062291e-21)
(0.85671779 0.043699275 -6.121861e-21)
(0.85671779 0.043699275 -5.8616657e-21)
(0.85671779 0.043699275 -9.2700177e-34)
(0.85671779 0.043699275 5.4024304e-21)
(0.85671779 0.043699275 5.1987797e-21)
(0.85671779 0.043699275 -5.3335303e-33)
(0.85671779 0.043699275 0)
(0.85671779 0.043699275 -7.868198e-21)
(0.85671779 0.043699275 -7.9102815e-33)
(0.85671779 0.043699275 -5.465032e-34)
(0.85671779 0.043699275 -1.3436641e-20)
(0.85671779 0.043699275 0)
(0.85671779 0.043699275 6.1218763e-21)
(0.85671779 0.043699275 0)
(0.85671779 0.043699275 5.6226994e-21)
(0.85671779 0.043699275 -5.4024422e-21)
(0.85671779 0.043699275 5.1987905e-21)
(0.85671779 0.043699275 5.0099351e-21)
(0.85671779 0.043699275 8.3442805e-21)
(0.85671779 0.043699275 -7.8682232e-21)
(0.85671779 0.043699275 7.4435536e-21)
(0.85671779 0.043699275 -3.7298754e-33)
(0.85671779 0.043699275 6.718339e-21)
(0.85671779 0.043699275 -6.4062622e-21)
(0.85671779 0.043699275 -6.1218914e-21)
(0.85671779 0.043699275 0)
(0.85671779 0.043699275 -5.6227121e-21)
(0.85671779 0.043699275 4.4024796e-33)
(0.85671779 0.043699275 -5.1988014e-21)
(0.85671779 0.043699275 0)
(0.85671779 0.043699275 4.0280061e-33)
(0.85671779 0.043699275 -3.3081376e-33)
(0.85671779 0.043699275 0)
(0.85671779 0.043699275 5.2533604e-35)
(0.85671779 0.043699275 0)
(0.85671779 0.043699275 6.4062788e-21)
(0.85671779 0.043699275 6.1219065e-21)
(0.85671779 0.043699275 0)
(0.85671779 0.043699275 3.3141319e-33)
(0.85671779 0.043699275 3.7493135e-33)
(0.85671779 0.043699275 -5.1988123e-21)
(0.85671779 0.043699275 0)
(0.85671779 0.043699275 -8.3443364e-21)
(0.85671779 0.043699275 7.8682729e-21)
(0.85671779 0.043699275 0)
(0.85671779 0.043699275 7.0624179e-21)
(0.85671779 0.043699275 0)
(0.85671779 0.043699275 0)
(0.85671779 0.043699275 0)
(0.85671779 0.043699275 0)
(0.85671779 0.043699275 5.6227376e-21)
(0.85671779 0.043699275 5.4024775e-21)
(0.85671779 0.043699275 5.1988233e-21)
(0.85671779 0.043699275 0)
(0.85671779 0.043699275 -8.3443645e-21)
(0.85671779 0.043699275 -7.8682979e-21)
(0.85671779 0.043699275 -7.4436206e-21)
(0.85671779 0.043699275 -7.062438e-21)
(0.85671779 0.043699275 0)
(0.85671779 0.043699275 0)
(0.85671779 0.043699275 -6.1219366e-21)
(0.85671779 0.043699275 -5.861735e-21)
(0.85671779 0.043699275 -5.6227504e-21)
(0.85671779 0.043699275 0)
(0.85671779 0.043699275 5.1988342e-21)
(0.85671779 0.043699275 5.0099755e-21)
(0.85671779 0.043699275 3.3332365e-33)
(0.85671779 0.043699275 7.8683228e-21)
(0.85671779 0.043699275 -4.3055981e-34)
(0.85671779 0.043699275 -1.3078627e-33)
(0.85671779 0.043699275 0)
(0.85671779 0.043699275 -6.4063284e-21)
(0.85671779 0.043699275 1.2243904e-20)
(0.85671779 0.043699275 1.1723498e-20)
(0.85671779 0.043699275 5.6227631e-21)
(0.85671779 0.043699275 -5.402501e-21)
(0.85671779 0.043699275 -5.198845e-21)
(0.85671779 0.043699275 -1.0019971e-20)
(0.85671779 0.043699275 8.3444209e-21)
(0.85671779 0.043699275 0)
(0.85671779 0.043699275 7.4436653e-21)
(0.85671779 0.043699275 7.0624782e-21)
(0.85671779 0.043699275 0)
(0.85671779 0.043699275 6.406345e-21)
(0.85671779 0.043699275 -1.2243934e-20)
(0.85671779 0.043699275 -5.8617628e-21)
(0.85671779 0.043699275 0)
(0.85671779 0.043699275 5.4025127e-21)
(0.85671779 0.043699275 -5.1988559e-21)
(0.85671779 0.043699275 5.0099958e-21)
(0.85671779 0.043699275 8.3444489e-21)
(0.85671779 0.043699275 0)
(0.85671779 0.043699275 7.4436876e-21)
(0.85671779 0.043699275 0)
(0.85671779 0.043699275 0)
(0.85671779 0.043699275 6.4063615e-21)
(0.85671779 0.043699275 6.121982e-21)
(0.85671779 0.043699275 0)
(0.85671779 0.043699275 -5.6227886e-21)
(0.85671779 0.043699275 -5.4025246e-21)
(0.85671779 0.043699275 5.1988668e-21)
(0.85671779 0.043699275 -5.0100059e-21)
(0.85671779 0.043699275 -8.3444768e-21)
(0.85671779 0.043699275 -7.8683977e-21)
(0.85671779 0.043699275 -7.4437098e-21)
(0.85671779 0.043699275 0)
(0.85671779 0.043699275 0)
(0.85671779 0.043699275 -1.2812756e-20)
(0.85671779 0.043699275 0)
(0.85671779 0.043699275 5.8617904e-21)
(0.85671779 0.043699275 5.6228014e-21)
(0.85671779 0.043699275 5.441404e-33)
(0.85671779 0.043699275 5.1988778e-21)
(0.85671779 0.043699275 5.010016e-21)
(0.85671779 0.043699275 0)
(0.85671779 0.043699275 7.8684227e-21)
(0.85671779 0.043699275 -7.4437323e-21)
(0.85671779 0.043699275 7.0625384e-21)
(0.85671779 0.043699275 -6.7184843e-21)
(0.85671779 0.043699275 6.4063945e-21)
(0.85671779 0.043699275 0)
(0.85671779 0.043699275 -5.8618043e-21)
(0.85671779 0.043699275 0)
(0.85671779 0.043699275 5.4025481e-21)
(0.85671779 0.043699275 -5.1988887e-21)
(0.85671779 0.043699275 0)
(0.85671779 0.043699275 0)
(0.85671779 0.043699275 0)
(0.85671779 0.043699275 7.4437546e-21)
(0.85671779 0.043699275 -3.5312793e-21)
(0.85671779 0.043699275 6.7185028e-21)
(0.85671779 0.043699275 -3.2032056e-21)
(0.85671779 0.043699275 -3.0610137e-21)
(0.85671779 0.043699275 0)
(0.85671779 0.043699275 -2.8114134e-21)
(0.85671779 0.043699275 0)
(0.85671779 0.043699275 -2.5994497e-21)
(0.85671779 0.043699275 0)
(0.85671779 0.043699275 0)
(0.85671779 0.043699275 5.6566671e-35)
(0.85671779 0.043699275 0)
(0.85671779 0.043699275 0)
(0.85671779 0.043699275 2.9310074e-21)
(0.85671779 0.043699275 -6.122242e-21)
(0.85671779 0.043699275 0)
(0.85671779 0.043699275 0)
(0.85671779 0.043699275 0)
(0.85671779 0.043699275 3.7220366e-21)
(0.85671779 0.043699275 0)
(0.85671779 0.043699275 0)
(0.85671779 0.043699275 8.8823959e-21)
(0.85671779 0.043699275 0)
(0.85671779 0.043699275 -2.5995206e-21)
(0.85671779 0.043699275 0)
(0.85671779 0.043699275 -2.8114963e-21)
(0.85671779 0.043699275 -2.9309991e-21)
(0.85671779 0.043699275 3.0611118e-21)
(0.85671779 0.043699275 3.2033131e-21)
(0.85671779 0.043699275 -3.3593696e-21)
(0.85671779 0.043699275 3.53141e-21)
(0.85671779 0.043699275 2.8111867e-33)
(0.85671779 0.043699275 -3.9343861e-21)
(0.85671779 0.043699275 4.172449e-21)
(0.85671779 0.043699275 5.1220077e-33)
(0.85671779 0.043699275 -2.5050788e-21)
(0.85671779 0.043699275 -2.5995151e-21)
(0.85671779 0.043699275 0)
(0.85671779 0.043699275 5.6229798e-21)
(0.85671779 0.043699275 5.8619846e-21)
(0.85671779 0.043699275 0)
(0.85671779 0.043699275 -3.2033049e-21)
(0.85671779 0.043699275 3.3593606e-21)
(0.85671779 0.043699275 -3.5314e-21)
(0.85671779 0.043699275 2.224397e-33)
(0.85671779 0.043699275 7.8687472e-21)
(0.85671779 0.043699275 -8.34487e-21)
(0.85671779 0.043699275 -8.8823217e-21)
(0.85671779 0.043699275 2.5050738e-21)
(0.85671779 0.043699275 2.5995097e-21)
(0.85671779 0.043699275 0)
(0.85671779 0.043699275 1.3949419e-33)
(0.85671779 0.043699275 -2.9309853e-21)
(0.85671779 0.043699275 3.0610967e-21)
(0.85671779 0.043699275 -3.2032965e-21)
(0.85671779 0.043699275 3.3593514e-21)
(0.85671779 0.043699275 -3.5313899e-21)
(0.85671779 0.043699275 -3.7220002e-21)
(0.85671779 0.043699275 -3.9343611e-21)
(0.85671779 0.043699275 4.1724209e-21)
(0.85671779 0.043699275 1.1606777e-33)
(0.85671779 0.043699275 2.5050687e-21)
(0.85671779 0.043699275 0)
(0.85671779 0.043699275 0)
(0.85671779 0.043699275 -2.8114772e-21)
(0.85671779 0.043699275 -2.9309783e-21)
(0.85671779 0.043699275 -3.0610892e-21)
(0.85671779 0.043699275 3.2032883e-21)
(0.85671779 0.043699275 -6.7186846e-21)
(0.85671779 0.043699275 3.5313798e-21)
(0.85671779 0.043699275 -3.721989e-21)
(0.85671779 0.043699275 0)
(0.85671779 0.043699275 -4.1724069e-21)
(0.85671779 0.043699275 4.441129e-21)
(0.85671779 0.043699275 -5.0101273e-21)
(0.85671779 0.043699275 -2.5994988e-21)
(0.85671779 0.043699275 0)
(0.85671779 0.043699275 0)
(0.85671779 0.043699275 2.9309714e-21)
(0.85671779 0.043699275 -3.0610817e-21)
(0.85671779 0.043699275 0)
(0.85671779 0.043699275 6.7186664e-21)
(0.85671779 0.043699275 0)
(0.85671779 0.043699275 3.7219778e-21)
(0.85671779 0.043699275 0)
(0.85671779 0.043699275 8.3447857e-21)
(0.85671779 0.043699275 4.4411131e-21)
(0.85671779 0.043699275 2.5050586e-21)
(0.85671779 0.043699275 2.5994933e-21)
(0.85671779 0.043699275 0)
(0.85671779 0.043699275 0)
(0.85671779 0.043699275 0)
(0.85671779 0.043699275 9.372994e-34)
(0.85671779 0.043699275 3.2032718e-21)
(0.85671779 0.043699275 -3.227595e-33)
(0.85671779 0.043699275 0)
(0.85671779 0.043699275 0)
(0.85671779 0.043699275 0)
(0.85671779 0.043699275 2.1864319e-34)
(0.85671779 0.043699275 -4.4410972e-21)
(0.85671779 0.043699275 0)
(0.85671779 0.043699275 0)
(0.85671779 0.043699275 0)
(0.85671779 0.043699275 0)
(0.85671779 0.043699275 -2.9309575e-21)
(0.85671779 0.043699275 -4.217497e-33)
(0.85671779 0.043699275 -6.4065271e-21)
(0.85671779 0.043699275 2.413044e-33)
(0.85671779 0.043699275 -3.5313496e-21)
(0.85671779 0.043699275 0)
(0.85671779 0.043699275 0)
(0.85671779 0.043699275 -4.1723648e-21)
(0.85671779 0.043699275 0)
(0.85671779 0.043699275 0)
(0.85671779 0.043699275 2.5994825e-21)
(0.85671779 0.043699275 0)
(0.85671779 0.043699275 0)
(0.85671779 0.043699275 2.9309506e-21)
(0.85671779 0.043699275 3.0610589e-21)
(0.85671779 0.043699275 3.2032551e-21)
(0.85671779 0.043699275 3.240258e-33)
(0.85671779 0.043699275 3.5313397e-21)
(0.85671779 0.043699275 3.7219443e-21)
(0.85671779 0.043699275 0)
(0.85671779 0.043699275 4.1723507e-21)
(0.85671779 0.043699275 0)
(0.85671779 0.043699275 0)
(0.85671779 0.043699275 -2.599477e-21)
(0.85671779 0.043699275 0)
(0.85671779 0.043699275 0)
(0.85671779 0.043699275 0)
(0.85671779 0.043699275 0)
(0.85671779 0.043699275 0)
(0.85671779 0.043699275 -3.3592969e-21)
(0.85671779 0.043699275 0)
(0.85671779 0.043699275 -3.7219332e-21)
(0.85671779 0.043699275 3.9342863e-21)
(0.85671779 0.043699275 -1.2136428e-34)
(0.85671779 0.043699275 0)
(0.85671779 0.043699275 2.5050384e-21)
(0.85671779 0.043699275 -2.5994715e-21)
(0.85671779 0.043699275 0)
(0.85671779 0.043699275 0)
(0.85671779 0.043699275 0)
(0.85671779 0.043699275 3.0610439e-21)
(0.85671779 0.043699275 0)
(0.85671779 0.043699275 0)
(0.85671779 0.043699275 3.5313195e-21)
(0.85671779 0.043699275 0)
(0.85671779 0.043699275 -7.8685475e-21)
(0.85671779 0.043699275 -1.422088e-33)
(0.85671779 0.043699275 0)
(0.85671779 0.043699275 -2.5050333e-21)
(0.85671779 0.043699275 2.5994661e-21)
(0.85671779 0.043699275 0)
(0.85671779 0.043699275 0)
(0.85671779 0.043699275 0)
(0.85671779 0.043699275 -3.0610363e-21)
(0.85671779 0.043699275 0)
(0.85671779 0.043699275 0)
(0.85671779 0.043699275 -3.5313094e-21)
(0.85671779 0.043699275 3.7219108e-21)
(0.85671779 0.043699275 3.9342613e-21)
(0.85671779 0.043699275 3.2425352e-35)
(0.85671779 0.043699275 0)
(0.85671779 0.043699275 2.5050282e-21)
(0.85671779 0.043699275 0)
(0.85671779 0.043699275 0)
(0.85671779 0.043699275 0)
(0.85671779 0.043699275 -2.9309229e-21)
(0.85671779 0.043699275 0)
(0.85671779 0.043699275 0)
(0.85671779 0.043699275 0)
(0.85671779 0.043699275 -3.5312994e-21)
(0.85671779 0.043699275 -3.7218998e-21)
(0.85671779 0.043699275 0)
(0.85671779 0.043699275 -4.1722945e-21)
(0.85671779 0.043699275 -2.5050232e-21)
(0.85671779 0.043699275 2.5994552e-21)
(0.85671779 0.043699275 0)
(0.85671779 0.043699275 2.8114198e-21)
(0.85671779 0.043699275 2.930916e-21)
(0.85671779 0.043699275 3.0610212e-21)
(0.85671779 0.043699275 3.2032138e-21)
(0.85671779 0.043699275 0)
(0.85671779 0.043699275 -3.778988e-33)
(0.85671779 0.043699275 0)
(0.85671779 0.043699275 0)
(0.85671779 0.043699275 0)
(0.85671779 0.043699275 0)
(0.85671779 0.043699275 5.4252876e-22)
(0.85671779 0.043699275 -5.4252734e-22)
(0.85671779 0.043699275 0)
(0.85671779 0.043699275 0)
(0.85671779 0.043699275 0)
(0.85671779 0.043699275 0)
(0.85671779 0.043699275 0)
(0.85671779 0.043699275 0)
(0.85671779 0.043699275 -2.1700695e-21)
(0.85671779 0.043699275 2.1700638e-21)
(0.85671779 0.043699275 0)
(0.85671779 0.043699275 0)
(0.85671779 0.043699275 0)
(0.85671779 0.043699275 -1.0361475e-21)
(0.85671779 0.043699275 5.1807249e-22)
(0.85671779 0.043699275 0)
(0.85671779 0.043699275 0)
(0.85671779 0.043699275 0)
(0.85671779 0.043699275 -1.0361346e-21)
(0.85671779 0.043699275 1.036132e-21)
(0.85671779 0.043699275 0)
(0.85671779 0.043699275 -1.0361268e-21)
(0.85671779 0.043699275 -1.0361242e-21)
(0.85671779 0.043699275 4.1444864e-21)
(0.85671779 0.043699275 -2.072238e-21)
(0.85671779 0.043699275 -2.0722328e-21)
(0.85671779 0.043699275 2.0722271e-21)
(0.85671779 0.043699275 0)
(0.85671779 0.043699275 4.95726e-22)
(0.85671779 0.043699275 4.9572482e-22)
(0.85671779 0.043699275 2.3654635e-34)
(0.85671779 0.043699275 -9.1294126e-34)
(0.85671779 0.043699275 -9.914425e-22)
(0.85671779 0.043699275 -9.9144012e-22)
(0.85671779 0.043699275 9.9143774e-22)
(0.85671779 0.043699275 -9.9143537e-22)
(0.85671779 0.043699275 -9.9143299e-22)
(0.85671779 0.043699275 1.9828612e-21)
(0.85671779 0.043699275 0)
(0.85671779 0.043699275 0)
(0.85671779 0.043699275 0)
(0.85671779 0.043699275 4.7522868e-22)
(0.85671779 0.043699275 0)
(0.85671779 0.043699275 0)
(0.85671779 0.043699275 0)
(0.85671779 0.043699275 9.5044861e-22)
(0.85671779 0.043699275 -1.9008929e-21)
(0.85671779 0.043699275 9.5044424e-22)
(0.85671779 0.043699275 0)
(0.85671779 0.043699275 -9.5043987e-22)
(0.85671779 0.043699275 2.8513131e-21)
(0.85671779 0.043699275 3.5982162e-34)
(0.85671779 0.043699275 -1.9008666e-21)
(0.85671779 0.043699275 0)
(0.85671779 0.043699275 0)
(0.85671779 0.043699275 0)
(0.85671779 0.043699275 -4.5635708e-22)
(0.85671779 0.043699275 4.5635607e-22)
(0.85671779 0.043699275 9.1271013e-22)
(0.85671779 0.043699275 -9.1270811e-22)
(0.85671779 0.043699275 9.127061e-22)
(0.85671779 0.043699275 -9.1270408e-22)
(0.85671779 0.043699275 0)
(0.85671779 0.043699275 -9.1270005e-22)
(0.85671779 0.043699275 -9.1269804e-22)
(0.85671779 0.043699275 3.6507841e-21)
(0.85671779 0.043699275 -1.825388e-21)
(0.85671779 0.043699275 0)
(0.85671779 0.043699275 0)
(0.85671779 0.043699275 0)
(0.85671779 0.043699275 0)
(0.85671779 0.043699275 0)
(0.85671779 0.043699275 -8.7785221e-22)
(0.85671779 0.043699275 8.7785035e-22)
(0.85671779 0.043699275 -8.7784848e-22)
(0.85671779 0.043699275 -3.5992182e-34)
(0.85671779 0.043699275 8.7784476e-22)
(0.85671779 0.043699275 -8.7784289e-22)
(0.85671779 0.043699275 -8.7784103e-22)
(0.85671779 0.043699275 1.7556783e-21)
(0.85671779 0.043699275 0)
(0.85671779 0.043699275 0)
(0.85671779 0.043699275 0)
(0.85671779 0.043699275 4.2278207e-22)
(0.85671779 0.043699275 -4.2278118e-22)
(0.85671779 0.043699275 8.4556064e-22)
(0.85671779 0.043699275 -8.4555891e-22)
(0.85671779 0.043699275 0)
(0.85671779 0.043699275 -8.4555545e-22)
(0.85671779 0.043699275 8.4555372e-22)
(0.85671779 0.043699275 0)
(0.85671779 0.043699275 0)
(0.85671779 0.043699275 1.6910971e-21)
(0.85671779 0.043699275 -6.304615e-34)
(0.85671779 0.043699275 -1.6910901e-21)
(0.85671779 0.043699275 1.6910867e-21)
(0.85671779 0.043699275 -1.4743844e-33)
(0.85671779 0.043699275 0)
(0.85671779 0.043699275 -4.0778022e-22)
(0.85671779 0.043699275 4.0777942e-22)
(0.85671779 0.043699275 0)
(0.85671779 0.043699275 0)
(0.85671779 0.043699275 0)
(0.85671779 0.043699275 0)
(0.85671779 0.043699275 0)
(0.85671779 0.043699275 0)
(0.85671779 0.043699275 0)
(0.85671779 0.043699275 0)
(0.85671779 0.043699275 0)
(0.85671779 0.043699275 0)
(0.85671779 0.043699275 -1.631082e-21)
(0.85671779 0.043699275 0)
(0.85671779 0.043699275 0)
(0.85671779 0.043699275 0)
(0.85671779 0.043699275 7.8761161e-22)
(0.85671779 0.043699275 -7.8761011e-22)
(0.85671779 0.043699275 0)
(0.85671779 0.043699275 0)
(0.85671779 0.043699275 0)
(0.85671779 0.043699275 0)
(0.85671779 0.043699275 1.5752052e-21)
(0.85671779 0.043699275 -3.0093794e-33)
(0.85671779 0.043699275 -1.5751992e-21)
(0.85671779 0.043699275 0)
(0.85671779 0.043699275 0)
(0.85671779 0.043699275 0)
(0.85671779 0.043699275 3.8076025e-22)
(0.85671779 0.043699275 -3.8075955e-22)
(0.85671779 0.043699275 0)
(0.85671779 0.043699275 0)
(0.85671779 0.043699275 0)
(0.85671779 0.043699275 -7.6151348e-22)
(0.85671779 0.043699275 7.6151208e-22)
(0.85671779 0.043699275 -7.6151067e-22)
(0.85671779 0.043699275 7.6150927e-22)
(0.85671779 0.043699275 0)
(0.85671779 0.043699275 -1.5230129e-21)
(0.85671779 0.043699275 -1.9106954e-35)
(0.85671779 0.043699275 1.5230071e-21)
(0.85671779 0.043699275 3.6855065e-22)
(0.85671779 0.043699275 3.6854997e-22)
(0.85671779 0.043699275 -3.6854932e-22)
(0.85671779 0.043699275 0)
(0.85671779 0.043699275 0)
(0.85671779 0.043699275 0)
(0.85671779 0.043699275 -7.3709337e-22)
(0.85671779 0.043699275 7.3709206e-22)
(0.85671779 0.043699275 0)
(0.85671779 0.043699275 0)
(0.85671779 0.043699275 1.4741762e-21)
(0.85671779 0.043699275 -2.9483472e-21)
(0.85671779 0.043699275 2.948342e-21)
(0.85671779 0.043699275 -1.6039224e-34)
(0.85671779 0.043699275 -7.1419827e-22)
(0.85671779 0.043699275 3.5709849e-22)
(0.85671779 0.043699275 0)
(0.85671779 0.043699275 0)
(0.85671779 0.043699275 -7.1419329e-22)
(0.85671779 0.043699275 7.1419205e-22)
(0.85671779 0.043699275 0)
(0.85671779 0.043699275 0)
(0.85671779 0.043699275 0)
(0.85671779 0.043699275 0)
(0.85671779 0.043699275 -1.4283718e-21)
(0.85671779 0.043699275 3.9978232e-34)
(0.85671779 0.043699275 5.6771845e-34)
(0.85671779 0.043699275 1.4283642e-21)
(0.85671779 0.043699275 -8.0726316e-23)
(0.85671779 0.043699275 0)
(0.85671779 0.043699275 0)
(0.85671779 0.043699275 0)
(0.85671779 0.043699275 0)
(0.85671779 0.043699275 -6.9358675e-23)
(0.85671779 0.043699275 0)
(0.85671779 0.043699275 -6.5660242e-23)
(0.85671779 0.043699275 0)
(0.85671779 0.043699275 -6.2336268e-23)
(0.85671779 0.043699275 0)
(0.85671779 0.043699275 -5.9332622e-23)
(0.85671779 0.043699275 8.0726457e-23)
(0.85671779 0.043699275 1.5632856e-22)
(0.85671779 0.043699275 0)
(0.85671779 0.043699275 -1.4699747e-22)
(0.85671779 0.043699275 1.4273754e-22)
(0.85671779 0.043699275 6.935878e-23)
(0.85671779 0.043699275 -1.3491781e-22)
(0.85671779 0.043699275 6.5660337e-23)
(0.85671779 0.043699275 0)
(0.85671779 0.043699275 6.2336353e-23)
(0.85671779 0.043699275 0)
(0.85671779 0.043699275 5.9332699e-23)
(0.85671779 0.043699275 1.6145321e-22)
(0.85671779 0.043699275 -1.5632884e-22)
(0.85671779 0.043699275 0)
(0.85671779 0.043699275 2.9399543e-22)
(0.85671779 0.043699275 -2.8547554e-22)
(0.85671779 0.043699275 0)
(0.85671779 0.043699275 -1.8079543e-35)
(0.85671779 0.043699275 -1.3132087e-22)
(0.85671779 0.043699275 0)
(0.85671779 0.043699275 -1.2467288e-22)
(0.85671779 0.043699275 1.2159507e-22)
(0.85671779 0.043699275 -1.1866556e-22)
(0.85671779 0.043699275 -1.614535e-22)
(0.85671779 0.043699275 -3.1265823e-22)
(0.85671779 0.043699275 0)
(0.85671779 0.043699275 -1.4699796e-22)
(0.85671779 0.043699275 -1.42738e-22)
(0.85671779 0.043699275 0)
(0.85671779 0.043699275 -1.3491822e-22)
(0.85671779 0.043699275 1.3132106e-22)
(0.85671779 0.043699275 0)
(0.85671779 0.043699275 1.2467306e-22)
(0.85671779 0.043699275 1.2159523e-22)
(0.85671779 0.043699275 1.1866572e-22)
(0.85671779 0.043699275 0)
(0.85671779 0.043699275 3.1265878e-22)
(0.85671779 0.043699275 0)
(0.85671779 0.043699275 2.9399641e-22)
(0.85671779 0.043699275 2.8547646e-22)
(0.85671779 0.043699275 2.7743642e-22)
(0.85671779 0.043699275 2.6983685e-22)
(0.85671779 0.043699275 0)
(0.85671779 0.043699275 0)
(0.85671779 0.043699275 0)
(0.85671779 0.043699275 -2.431908e-22)
(0.85671779 0.043699275 0)
(0.85671779 0.043699275 0)
(0.85671779 0.043699275 -3.1265934e-22)
(0.85671779 0.043699275 0)
(0.85671779 0.043699275 -5.8799379e-22)
(0.85671779 0.043699275 0)
(0.85671779 0.043699275 -2.7743686e-22)
(0.85671779 0.043699275 2.6983726e-22)
(0.85671779 0.043699275 0)
(0.85671779 0.043699275 0)
(0.85671779 0.043699275 0)
(0.85671779 0.043699275 0)
(0.85671779 0.043699275 0)
(0.85671779 0.043699275 6.4581754e-22)
(0.85671779 0.043699275 3.1265989e-22)
(0.85671779 0.043699275 0)
(0.85671779 0.043699275 8.8199215e-22)
(0.85671779 0.043699275 0)
(0.85671779 0.043699275 0)
(0.85671779 0.043699275 -2.6983767e-22)
(0.85671779 0.043699275 0)
(0.85671779 0.043699275 0)
(0.85671779 0.043699275 0)
(0.85671779 0.043699275 0)
(0.85671779 0.043699275 0)
(0.85671779 0.043699275 -1.2916374e-21)
(0.85671779 0.043699275 6.2532088e-22)
(0.85671779 0.043699275 -6.060842e-22)
(0.85671779 0.043699275 -5.8799574e-22)
(0.85671779 0.043699275 0)
(0.85671779 0.043699275 -5.5487545e-22)
(0.85671779 0.043699275 0)
(0.85671779 0.043699275 0)
(0.85671779 0.043699275 0)
(0.85671779 0.043699275 4.9869503e-22)
(0.85671779 0.043699275 4.8638361e-22)
(0.85671779 0.043699275 4.7466541e-22)
(0.85671779 0.043699275 6.458199e-22)
(0.85671779 0.043699275 -1.250644e-21)
(0.85671779 0.043699275 1.2121705e-21)
(0.85671779 0.043699275 -5.8799671e-22)
(0.85671779 0.043699275 0)
(0.85671779 0.043699275 5.5487632e-22)
(0.85671779 0.043699275 0)
(0.85671779 0.043699275 0)
(0.85671779 0.043699275 5.1164664e-22)
(0.85671779 0.043699275 -4.9869574e-22)
(0.85671779 0.043699275 -4.8638427e-22)
(0.85671779 0.043699275 -4.7466604e-22)
(0.85671779 0.043699275 0)
(0.85671779 0.043699275 6.2532308e-22)
(0.85671779 0.043699275 -6.0608627e-22)
(0.85671779 0.043699275 -1.3017003e-34)
(0.85671779 0.043699275 0)
(0.85671779 0.043699275 0)
(0.85671779 0.043699275 0)
(0.85671779 0.043699275 5.2528892e-22)
(0.85671779 0.043699275 -1.0232948e-21)
(0.85671779 0.043699275 4.9869644e-22)
(0.85671779 0.043699275 -4.8638494e-22)
(0.85671779 0.043699275 4.7466668e-22)
(0.85671779 0.043699275 0)
(0.85671779 0.043699275 0)
(0.85671779 0.043699275 0)
(0.85671779 0.043699275 5.8799867e-22)
(0.85671779 0.043699275 0)
(0.85671779 0.043699275 0)
(0.85671779 0.043699275 0)
(0.85671779 0.043699275 -5.252897e-22)
(0.85671779 0.043699275 5.1164812e-22)
(0.85671779 0.043699275 -4.9869714e-22)
(0.85671779 0.043699275 4.8638561e-22)
(0.85671779 0.043699275 -4.7466731e-22)
(0.85671779 0.043699275 0)
(0.85671779 0.043699275 -6.2532529e-22)
(0.85671779 0.043699275 0)
(0.85671779 0.043699275 0)
(0.85671779 0.043699275 -5.7095936e-22)
(0.85671779 0.043699275 -5.5487893e-22)
(0.85671779 0.043699275 -5.3967945e-22)
(0.85671779 0.043699275 0)
(0.85671779 0.043699275 -5.1164886e-22)
(0.85671779 0.043699275 4.9869784e-22)
(0.85671779 0.043699275 -4.8638628e-22)
(0.85671779 0.043699275 4.7466795e-22)
(0.85671779 0.043699275 0)
(0.85671779 0.043699275 6.253264e-22)
(0.85671779 0.043699275 0)
(0.85671779 0.043699275 0)
(0.85671779 0.043699275 5.7096028e-22)
(0.85671779 0.043699275 1.6646394e-21)
(0.85671779 0.043699275 -5.3968028e-22)
(0.85671779 0.043699275 0)
(0.85671779 0.043699275 -5.116496e-22)
(0.85671779 0.043699275 -4.9869854e-22)
(0.85671779 0.043699275 4.8638695e-22)
(0.85671779 0.043699275 -4.7466859e-22)
(0.85671779 0.043699275 0)
(0.85671779 0.043699275 0)
(0.85671779 0.043699275 0)
(0.85671779 0.043699275 0)
(0.85671779 0.043699275 0)
(0.85671779 0.043699275 -1.1097613e-21)
(0.85671779 0.043699275 -3.8900277e-33)
(0.85671779 0.043699275 0)
(0.85671779 0.043699275 1.0233006e-21)
(0.85671779 0.043699275 0)
(0.85671779 0.043699275 0)
(0.85671779 0.043699275 0)
(0.85671779 0.043699275 1.6465081e-22)
(0.85671779 0.043699275 -1.646508e-22)
(0.85671779 0.043699275 0)
(0.85671779 0.043699275 0)
(0.85671779 0.043699275 0)
(0.85671779 0.043699275 8.2325387e-23)
(0.85671779 0.043699275 -8.2325383e-23)
(0.85671779 0.043699275 8.232538e-23)
(0.85671779 0.043699275 -8.2325376e-23)
(0.85671779 0.043699275 -4.1162686e-23)
(0.85671779 0.043699275 4.1162684e-23)
(0.85671779 0.043699275 0)
(0.85671779 0.043699275 0)
(0.85671779 0.043699275 1.6559975e-22)
(0.85671779 0.043699275 0)
(0.85671779 0.043699275 0)
(0.85671779 0.043699275 -1.6559973e-22)
(0.85671779 0.043699275 1.6559972e-22)
(0.85671779 0.043699275 -8.2799858e-23)
(0.85671779 0.043699275 8.2799855e-23)
(0.85671779 0.043699275 0)
(0.85671779 0.043699275 0)
(0.85671779 0.043699275 0)
(0.85671779 0.043699275 2.069996e-23)
(0.85671779 0.043699275 -2.0699959e-23)
(0.85671779 0.043699275 0)
(0.85671779 0.043699275 0)
(0.85671779 0.043699275 0)
(0.85671779 0.043699275 0)
(0.85671779 0.043699275 0)
(0.85671779 0.043699275 -8.3279834e-23)
(0.85671779 0.043699275 8.327983e-23)
(0.85671779 0.043699275 0)
(0.85671779 0.043699275 -8.3279823e-23)
(0.85671779 0.043699275 8.3279819e-23)
(0.85671779 0.043699275 0)
(0.85671779 0.043699275 0)
(0.85671779 0.043699275 0)
(0.85671779 0.043699275 0)
(0.85671779 0.043699275 0)
(0.85671779 0.043699275 -1.6753083e-22)
(0.85671779 0.043699275 1.6753082e-22)
(0.85671779 0.043699275 0)
(0.85671779 0.043699275 8.3765403e-23)
(0.85671779 0.043699275 -1.675308e-22)
(0.85671779 0.043699275 8.3765396e-23)
(0.85671779 0.043699275 0)
(0.85671779 0.043699275 -4.1882695e-23)
(0.85671779 0.043699275 4.1882693e-23)
(0.85671779 0.043699275 0)
(0.85671779 0.043699275 0)
(0.85671779 0.043699275 0)
(0.85671779 0.043699275 0)
(0.85671779 0.043699275 -1.6851336e-22)
(0.85671779 0.043699275 1.6851335e-22)
(0.85671779 0.043699275 -1.6851334e-22)
(0.85671779 0.043699275 2.5277e-22)
(0.85671779 0.043699275 -8.4256664e-23)
(0.85671779 0.043699275 0)
(0.85671779 0.043699275 8.4256657e-23)
(0.85671779 0.043699275 -8.4256654e-23)
(0.85671779 0.043699275 0)
(0.85671779 0.043699275 0)
(0.85671779 0.043699275 0)
(0.85671779 0.043699275 0)
(0.85671779 0.043699275 0)
(0.85671779 0.043699275 0)
(0.85671779 0.043699275 0)
(0.85671779 0.043699275 0)
(0.85671779 0.043699275 0)
(0.85671779 0.043699275 8.4753725e-23)
(0.85671779 0.043699275 -8.4753722e-23)
(0.85671779 0.043699275 0)
(0.85671779 0.043699275 0)
(0.85671779 0.043699275 0)
(0.85671779 0.043699275 -2.1188427e-23)
(0.85671779 0.043699275 3.1782639e-23)
(0.85671779 0.043699275 -1.0594212e-23)
(0.85671779 0.043699275 1.7051341e-22)
(0.85671779 0.043699275 0)
(0.85671779 0.043699275 -1.7051339e-22)
(0.85671779 0.043699275 1.7051339e-22)
(0.85671779 0.043699275 8.525669e-23)
(0.85671779 0.043699275 4.7308984e-34)
(0.85671779 0.043699275 -8.5256682e-23)
(0.85671779 0.043699275 0)
(0.85671779 0.043699275 -4.2628337e-23)
(0.85671779 0.043699275 4.2628335e-23)
(0.85671779 0.043699275 0)
(0.85671779 0.043699275 -1.0657083e-23)
(0.85671779 0.043699275 1.0657082e-23)
(0.85671779 0.043699275 0)
(0.85671779 0.043699275 0)
(0.85671779 0.043699275 0)
(0.85671779 0.043699275 0)
(0.85671779 0.043699275 0)
(0.85671779 0.043699275 0)
(0.85671779 0.043699275 0)
(0.85671779 0.043699275 0)
(0.85671779 0.043699275 0)
(0.85671779 0.043699275 4.2882818e-23)
(0.85671779 0.043699275 -4.2882816e-23)
(0.85671779 0.043699275 0)
(0.85671779 0.043699275 0)
(0.85671779 0.043699275 1.725615e-22)
(0.85671779 0.043699275 0)
(0.85671779 0.043699275 0)
(0.85671779 0.043699275 -1.7256148e-22)
(0.85671779 0.043699275 2.588422e-22)
(0.85671779 0.043699275 -8.6280731e-23)
(0.85671779 0.043699275 0)
(0.85671779 0.043699275 8.6280723e-23)
(0.85671779 0.043699275 -4.314036e-23)
(0.85671779 0.043699275 -4.3140358e-23)
(0.85671779 0.043699275 -2.1570178e-23)
(0.85671779 0.043699275 2.1570177e-23)
(0.85671779 0.043699275 0)
(0.85671779 0.043699275 0)
(0.85671779 0.043699275 0)
(0.85671779 0.043699275 0)
(0.85671779 0.043699275 0)
(0.85671779 0.043699275 0)
(0.85671779 0.043699275 0)
(0.85671779 0.043699275 0)
(0.85671779 0.043699275 0)
(0.85671779 0.043699275 0)
(0.85671779 0.043699275 0)
(0.85671779 0.043699275 -2.1700504e-23)
(0.85671779 0.043699275 1.0850251e-23)
(0.85671779 0.043699275 1.0850251e-23)
(0.85671779 0.043699275 1.7465939e-22)
(0.85671779 0.043699275 0)
(0.85671779 0.043699275 -1.7465937e-22)
(0.85671779 0.043699275 3.4931873e-22)
(0.85671779 0.043699275 -2.6198904e-22)
(0.85671779 0.043699275 8.7329675e-23)
(0.85671779 0.043699275 0)
(0.85671779 0.043699275 -8.7329667e-23)
(0.85671779 0.043699275 1.309945e-22)
(0.85671779 0.043699275 -4.366483e-23)
(0.85671779 0.043699275 0)
(0.85671779 0.043699275 0)
(0.85671779 0.043699275 0)
(0.85671779 0.043699275 1.7572758e-22)
(0.85671779 0.043699275 0)
(0.85671779 0.043699275 0)
(0.85671779 0.043699275 -1.7572756e-22)
(0.85671779 0.043699275 2.6359132e-22)
(0.85671779 0.043699275 -8.786377e-23)
(0.85671779 0.043699275 0)
(0.85671779 0.043699275 8.7863762e-23)
(0.85671779 0.043699275 -4.3931879e-23)
(0.85671779 0.043699275 -4.3931877e-23)
(0.85671779 0.043699275 -2.1965938e-23)
(0.85671779 0.043699275 1.0982968e-23)
(0.85671779 0.043699275 1.0982968e-23)
(0.85671779 0.043699275 1.7680892e-22)
(0.85671779 0.043699275 -1.7680891e-22)
(0.85671779 0.043699275 0)
(0.85671779 0.043699275 0)
(0.85671779 0.043699275 0)
(0.85671779 0.043699275 0)
(0.85671779 0.043699275 0)
(0.85671779 0.043699275 8.840443e-23)
(0.85671779 0.043699275 -8.8404426e-23)
(0.85671779 0.043699275 4.4202211e-23)
(0.85671779 0.043699275 -2.2101104e-23)
(0.85671779 0.043699275 -1.1050552e-23)
(0.85671779 0.043699275 -1.1050551e-23)
(0.85671779 0.043699275 0)
(0.85671779 0.043699275 1.7790364e-22)
(0.85671779 0.043699275 -1.7790363e-22)
(0.85671779 0.043699275 0)
(0.85671779 0.043699275 0)
(0.85671779 0.043699275 0)
(0.85671779 0.043699275 0)
(0.85671779 0.043699275 0)
(0.85671779 0.043699275 0)
(0.85671779 0.043699275 0)
(0.85671779 0.043699275 0)
(0.85671779 0.043699275 -2.2237945e-23)
(0.85671779 0.043699275 2.2237944e-23)
(0.85671779 0.043699275 0)
)
;

boundaryField
{
    Side
    {
        type            empty;
    }
    Inlet
    {
        type            inletOutlet;
        inletValue      uniform (0.85671779 0.043699275 0);
        value           nonuniform List<vector> 
28
(
(0.85671779 0.043699275 0)
(0.85671779 0.043699275 0)
(0.85671779 0.043699275 0)
(0.85671779 0.043699275 0)
(0.85671779 0.043699275 0)
(0.85671779 0.043699275 0)
(0.85671779 0.043699275 0)
(0.85671779 0.043699275 0)
(0.85671779 0.043699275 0)
(0.85671779 0.043699275 0)
(0.85671779 0.043699275 0)
(0.85671779 0.043699275 0)
(0.85671779 0.043699275 0)
(0.85671779 0.043699275 0)
(0.85671779 0.043699275 0)
(0.85671779 0.043699275 1.7790364e-22)
(0.85671779 0.043699275 -1.7790363e-22)
(0.85671779 0.043699275 0)
(0.85671779 0.043699275 0)
(0.85671779 0.043699275 0)
(0.85671779 0.043699275 0)
(0.85671779 0.043699275 0)
(0.85671779 0.043699275 0)
(0.85671779 0.043699275 0)
(0.85671779 0.043699275 0)
(0.85671779 0.043699275 -2.2237945e-23)
(0.85671779 0.043699275 2.2237944e-23)
(0.85671779 0.043699275 0)
)
;
    }
    Airfoil
    {
        type            noSlip;
    }
    Outlet
    {
        type            zeroGradient;
    }
    Flap
    {
        type            noSlip;
    }
    procBoundary7to6
    {
        type            processor;
        value           nonuniform List<vector> 
120
(
(0.85671779 0.043699275 0)
(0.85671779 0.043699275 0)
(0.85671779 0.043699275 4.3037036e-21)
(0.85671779 0.043699275 -4.3036439e-21)
(0.85671779 0.043699275 0)
(0.85671779 0.043699275 0)
(0.85671779 0.043699275 0)
(0.85671779 0.043699275 0)
(0.85671779 0.043699275 2.1516726e-21)
(0.85671779 0.043699275 -2.1516428e-21)
(0.85671779 0.043699275 0)
(0.85671779 0.043699275 5.3789576e-22)
(0.85671779 0.043699275 -5.3788829e-22)
(0.85671779 0.043699275 5.3788083e-22)
(0.85671779 0.043699275 -5.3787389e-22)
(0.85671779 0.043699275 0)
(0.85671779 0.043699275 0)
(0.85671779 0.043699275 -1.6744129e-22)
(0.85671779 0.043699275 -1.6840632e-22)
(0.85671779 0.043699275 -1.6938253e-22)
(0.85671779 0.043699275 0)
(0.85671779 0.043699275 1.7136931e-22)
(0.85671779 0.043699275 0)
(0.85671779 0.043699275 0)
(0.85671779 0.043699275 -1.7443843e-22)
(0.85671779 0.043699275 0)
(0.85671779 0.043699275 2.6480382e-34)
(0.85671779 0.043699275 0)
(0.85671779 0.043699275 1.7870578e-22)
(0.85671779 0.043699275 0)
(0.85671779 0.043699275 0)
(0.85671779 0.043699275 8.1297199e-23)
(0.85671779 0.043699275 8.1297199e-23)
(0.85671779 0.043699275 -8.1297023e-23)
(0.85671779 0.043699275 0)
(0.85671779 0.043699275 0)
(0.85671779 0.043699275 0)
(0.85671779 0.043699275 6.5037072e-22)
(0.85671779 0.043699275 -6.5036936e-22)
(0.85671779 0.043699275 6.5036799e-22)
(0.85671779 0.043699275 -1.3007333e-21)
(0.85671779 0.043699275 6.5036527e-22)
(0.85671779 0.043699275 0)
(0.85671779 0.043699275 -1.3007251e-21)
(0.85671779 0.043699275 1.3007224e-21)
(0.85671779 0.043699275 0)
(0.85671779 0.043699275 8.8815513e-21)
(0.85671779 0.043699275 -8.8815581e-21)
(0.85671779 0.043699275 -8.8815902e-21)
(0.85671779 0.043699275 -1.1905666e-32)
(0.85671779 0.043699275 8.8816538e-21)
(0.85671779 0.043699275 0)
(0.85671779 0.043699275 0)
(0.85671779 0.043699275 0)
(0.85671779 0.043699275 0)
(0.85671779 0.043699275 8.8818128e-21)
(0.85671779 0.043699275 -8.8818446e-21)
(0.85671779 0.043699275 0)
(0.85671779 0.043699275 8.8819079e-21)
(0.85671779 0.043699275 -8.8819403e-21)
(0.85671779 0.043699275 0)
(0.85671779 0.043699275 2.2775576e-21)
(0.85671779 0.043699275 4.746902e-21)
(0.85671779 0.043699275 -2.2972365e-33)
(0.85671779 0.043699275 1.592091e-33)
(0.85671779 0.043699275 -3.6310709e-34)
(0.85671779 0.043699275 -4.7468293e-21)
(0.85671779 0.043699275 0)
(0.85671779 0.043699275 4.746793e-21)
(0.85671779 0.043699275 -4.7467748e-21)
(0.85671779 0.043699275 -4.7467566e-21)
(0.85671779 0.043699275 9.493477e-21)
(0.85671779 0.043699275 -4.7467203e-21)
(0.85671779 0.043699275 0)
(0.85671779 0.043699275 0)
(0.85671779 0.043699275 0)
(0.85671779 0.043699275 0)
(0.85671779 0.043699275 -5.694084e-22)
(0.85671779 0.043699275 5.6940684e-22)
(0.85671779 0.043699275 -1.1388105e-21)
(0.85671779 0.043699275 1.1388074e-21)
(0.85671779 0.043699275 1.1388043e-21)
(0.85671779 0.043699275 -1.1388011e-21)
(0.85671779 0.043699275 0)
(0.85671779 0.043699275 0)
(0.85671779 0.043699275 0)
(0.85671779 0.043699275 0)
(0.85671779 0.043699275 -2.2775709e-21)
(0.85671779 0.043699275 2.2775646e-21)
(0.85671779 0.043699275 2.2775576e-21)
(0.85671779 0.043699275 5.7936792e-23)
(0.85671779 0.043699275 5.7936792e-23)
(0.85671779 0.043699275 -1.738106e-22)
(0.85671779 0.043699275 1.1587388e-22)
(0.85671779 0.043699275 0)
(0.85671779 0.043699275 2.3174837e-22)
(0.85671779 0.043699275 -6.3396925e-35)
(0.85671779 0.043699275 -6.9524693e-22)
(0.85671779 0.043699275 4.6349856e-22)
(0.85671779 0.043699275 4.6349917e-22)
(0.85671779 0.043699275 -4.6349978e-22)
(0.85671779 0.043699275 0)
(0.85671779 0.043699275 -4.6350099e-22)
(0.85671779 0.043699275 4.6350159e-22)
(0.85671779 0.043699275 0)
(0.85671779 0.043699275 -2.463101e-20)
(0.85671779 0.043699275 0)
(0.85671779 0.043699275 1.6559976e-22)
(0.85671779 0.043699275 0)
(0.85671779 0.043699275 0)
(0.85671779 0.043699275 1.6851337e-22)
(0.85671779 0.043699275 0)
(0.85671779 0.043699275 1.7051342e-22)
(0.85671779 0.043699275 0)
(0.85671779 0.043699275 1.7256151e-22)
(0.85671779 0.043699275 0)
(0.85671779 0.043699275 3.493188e-22)
(0.85671779 0.043699275 1.7572759e-22)
(0.85671779 0.043699275 0)
(0.85671779 0.043699275 0)
)
;
    }
}


// ************************************************************************* //
