/*--------------------------------*- C++ -*----------------------------------*\
| =========                 |                                                 |
| \\      /  F ield         | OpenFOAM: The Open Source CFD Toolbox           |
|  \\    /   O peration     | Version:  2206                                  |
|   \\  /    A nd           | Website:  www.openfoam.com                      |
|    \\/     M anipulation  |                                                 |
\*---------------------------------------------------------------------------*/
FoamFile
{
    version     2.0;
    format      ascii;
    arch        "LSB;label=32;scalar=64";
    class       volScalarField;
    location    "0.01";
    object      p;
}
// * * * * * * * * * * * * * * * * * * * * * * * * * * * * * * * * * * * * * //

dimensions      [1 -1 -2 0 0 0 0];

internalField   nonuniform List<scalar> 
1396
(
1
1
1
1
1
1
1
1
1
1
1
1
1
1
1
1
1
1
1
1
1
1
1
1
1
1
1
1
1
1
1
1
1
1
1
1
1
1
1
1
1
1
1
1
1
1
1
1
1
1
1
1
1
1
1
1
1
1
1
1
1
1
1
1
1
1
1
1
1
1
1
1
1
1
1
1
1
1
1
1
1
1
1
1
1
1
1
1
1
1
1
1
1
1
1
1
1
1
1
1
1
1
1
1
1
1
1
1
1
1
1
1
1
1
1
1
1
1
1
1
1
1
1
1
1
1
1
1
1
1
1
1
1
1
1
1
1
1
1
1
1
1
1
1
1
1
1
1
1
1
1
1
1
1
1
1
1
1
1
1
1
1
1
1
1
1
1
1
1
1
1
1
1
1
1
1
1
1
1
1
1
1
1
1
1
1
1
1
1
1
1
1
1
1
1
1
1
1
1
1
1
1
1
1
1
1
1
1
1
1
1
1
1
1
1
1
1
1
1
1
1
1
1
1
1
1
1
1
1
1
1
1
1
1
1
1
1
1
1
1
1
1
1
1
1
1
1
1
1
1
1
1
1
1
1
1
1
1
1
1
1
1
1
1
1
1
1
1
1
1
1
1
1
1
1
1
1
1
1
1
1
1
1
1
1
1
1
1
1
1
1
1
1
1
1
1
1
1
1
1
1
1
1
1
1
1
1
1
1
1
1
1
1
1
1
1
1
1
1
1
1
1
1
1
1
1
1
1
1
1
1
1
1
1
1
1
1
1
1
1
1
1
1
1
1
1
1
1
1
1
1
1
1
1
1
1
1
1
1
1
1
1
1
1
1
1
1
1
1
1
1
1
1
1
1
1
1
1
1
1
1
1
1
1
1
1
1
1
1
1
1
1
1
1
1
1
1
1
1
1
1
1
1
1
1
1
1
1
1
1
1
1
1
1
1
1
1
1
1
1
1
1
1
1
1
1
1
1
1
1
1
1
1
1
1
1
1
1
1
1
1
1
1
1
1
1
1
1
1
1
1
1
1
1
1
1
1
1
1
1
1
1
1
1
1
1
1
1
1
1
1
1
1
1
1
1
1
1
1
1
1
1
1
1
1
1
1
1
1
1
1
1
1
1
1
1
1
1
1
1
1
1
1
1
1
1
1
1
1
1
1
1
1
1
1
1
1
1
1
1
1
1
1
1
1
1
1
1
1
1
1
1
1
1
1
1
1
1
1
1
1
1
1
1
1
1
1
1
1
1
1
1
1
1
1
1
1
1
1
1
1
1
1
1
1
1
1
1
1
1
1
1
1
1
1
1
1
1
1
1
1
1
1
1
1
1
1
1
1
1
1
1
1
1
1
1
1
1
1
1
1
1
1
1
1
1
1
1
1
1
1
1
1
1
1
1
1
1
1
1
1
1
1
1
1
1
1
1
1
1
1
1
1
1
1
1
1
1
1
1
1
1
1
1
1
1
1
1
1
1
1
1
1
1
1
1
1
1
1
1
1
1
1
1
1
1
1
1
1
1
1
1
1
1
1
1
1
1
1
1
1
1
1
1
1
1
1
1
1
1
1
1
1
1
1
1
1
1
1
1
1
1
1
1.0000014
1.0001956
1.001214
1.0486156
1
1
1
1
1
1
1
1
1
1
1.0000015
1.0001919
1.0011414
1.0430833
1
1
1
1
1
1
1
1
1
1
1.0000015
1.0001816
1.0010126
1.0364069
1
1
1
1
1
1
1
1
1
1
1.0000016
1.000168
1.0008595
1.0298303
1.000155
1.0006742
1.023202
1.0530318
1.0565141
1.0599266
1.0635007
1.0673377
1.0714751
1.0757732
1.079959
1.0843455
1.0894308
1.0955374
1.1026431
1.1103137
1.1171385
1.0012436
1.0013275
1.0013755
1.00142
1.0014609
1.0014973
1.0015257
1.0015438
1.0015544
1.0015586
1.0015507
1.0015155
1.0014073
1.0011193
1.0001841
1.0001942
1.0002026
1.0002109
1.0002193
1.0002273
1.0002342
1.0002398
1.0002453
1.0002514
1.0002585
1.0002654
1.0002679
1.0002488
1.0000013
1.0000013
1.0000013
1.0000013
1.0000013
1.0000013
1.0000013
1.0000012
1.0000012
1.0000011
1.000001
1.0000009
1.0000006
1.0000002
1
1
1
1
1
1
1
1
1
1
1
1
1
1
1
1
1
1
1
1
1
1
1
1
1
1
1
1
1
1
1
1
1
1
1
1
1
1
1
1
1
1
1
1
1
1
1
1
1
1
1
1
1
1
1
1
1
1
1
1
1
1
1
1
1
1
1
1
1
1
1
1
1
1
1
1
1
1
1
1
1
1
1
1
1
1
1
1
1
1
1
1
1
1
1
1
1
1
1
1
1
1
1
1
1
1
1
1
1
1
1
1
1
1
1
1
1
1
1
1
1
1
1
1
1
1
1
1
1
1
1
1
1
1
1
1
1
1
1
1
1
1
1
1
1
1
1
1
1
1
1
1
1
1
1
1
1
1
1
1
1
1
1
1
1
1
1
1
1
1
1
1
1
1
1
1
1
1
1
1
1
1
1
1
1
1
1
1
1
1
1
1
1
1
1
1
1
1
1
1
1
1
1
1
1
1
1
1
1
1
1
1
1
1
1
1
1
1
1
1
1
1
1
1
1
1
1
1
1
1
1
1
1
1
1
1
1
1
1
1
1
1
1
1
1
1
1
1
1
1
1
1
1
1
1
1
1
0.99999999
0.99999999
0.99999999
0.99999999
1
1
1
1
1
1
1
1
1.0000001
1.0000002
1.0000003
1.0000004
1.0000004
1.0000003
1.0000002
1.0000001
1.0000001
1
1
1
0.99999949
0.99999804
0.99999496
0.99999086
0.9999871
0.99998479
0.99998385
0.9999858
0.9999908
0.99999517
0.99999771
0.99999905
0.99999967
1.0001426
1.0001783
1.0002526
1.0003922
1.0005421
1.0006646
1.0007303
1.0007608
1.0007015
1.000529
1.0003654
1.0002594
1.0002014
1.0001706
1.0010144
1.0007493
0.9997081
0.99734157
0.99500509
0.99333078
0.99233714
0.99186502
0.9926835
0.99522261
0.99790809
0.99958322
1.0004163
1.0007688
1.0906686
1.1197312
1.163889
1.2270925
1.2763315
1.3079476
1.3253071
1.3301912
1.3129109
1.2696652
1.2167337
1.1724759
1.1413233
1.1195952
1
1
1
1
1
1
1
1
1
1
1.0000006
1.0001978
1.0011735
1.0775963
1
1
1
1
1
1
1
1
1
1
1.000001
1.0001982
1.0012428
1.0658012
1
1
1
1
1
1
1
1
1
1
1.0000011
1.000182
1.0011811
1.0562534
1
1
1
1
1
1
1
1
1
1
1.0000011
1.0001662
1.0010849
1.0485242
1
1
1
1
1
1
1
1
1
1
1.0000011
1.0001524
1.0009885
1.0421744
1
1
1
1
1
1
1
1
1
1
1.0000011
1.0001397
1.0008923
1.0366047
1
1
1
1
1
1
1
1
1
1
1.000001
1.0001276
1.0008004
1.031818
1
1
1
1
1
1
1
1
1
1
1.000001
1.0001159
1.000705
1.0272755
1
1
1
1
1
1
1
1
1
1
1.0000009
1.0001042
1.0006101
1.0231535
1
1
1
1
1
1
1
1
1
1
1.0000008
1.0000931
1.0005143
1.0192936
1
1
1
1
1
1
1
1
1
1
1.0000008
1.0000828
1.0004168
1.0156478
1
1
1
1
1
1
1
1
1
1
1.0000007
1.0000746
1.0003159
1.0121698
1
1
1
1
1
1
1
1
1
1
1.0000008
1.0000741
1.0002055
1.0088567
1
1
1
1
1
1
1
1
1
1
1.0000004
1.0000349
1.0001285
1.0057284
1
1
1
1
1
1
1
1
1
1
1.0000001
1.0000077
1.0000301
1.0010976
1
1
1
1
1
1
1
1
1
1
0.99999983
0.99999235
0.99980417
0.9953836
1
1
1
1
1
1
1
1
1
0.99999999
0.99999934
0.99997112
0.99956673
0.98978815
1
1
1
1
1
1
1
1
1
0.99999998
0.99999867
0.99994602
0.99931106
0.98432581
)
;

boundaryField
{
    Side
    {
        type            empty;
    }
    Inlet
    {
        type            inletOutlet;
        inletValue      uniform 1;
        value           nonuniform List<scalar> 
49
(
1
1
1
1
1
1
1
1
1
1
1
1
1
1
1
1
1
1
1
1
1
1
1
1
1
1
1
1
1
1
1
1
1
1
1
1
1
1
1
1
1
1
1
1
1
1
1
1
1
)
;
    }
    Airfoil
    {
        type            zeroGradient;
    }
    Outlet
    {
        type            zeroGradient;
    }
    Flap
    {
        type            zeroGradient;
    }
    procBoundary0to1
    {
        type            processor;
        value           nonuniform List<scalar> 
58
(
1
1
1
1
1
1
1
1
1
1
1
1
1
1
1
1
1
1
1
1
1
1
1
1
1
1
1
1
1
1
1
1
1
1
1
1
1
1
1
1.0000017
1.0000017
1.0001636
1.0004023
1.0157523
1
1
1
1
1
1
1
1
1
0.99999997
0.99999782
0.99991826
0.99903673
0.97899694
)
;
    }
}


// ************************************************************************* //
