/*--------------------------------*- C++ -*----------------------------------*\
| =========                 |                                                 |
| \\      /  F ield         | OpenFOAM: The Open Source CFD Toolbox           |
|  \\    /   O peration     | Version:  2206                                  |
|   \\  /    A nd           | Website:  www.openfoam.com                      |
|    \\/     M anipulation  |                                                 |
\*---------------------------------------------------------------------------*/
FoamFile
{
    version     2.0;
    format      ascii;
    arch        "LSB;label=32;scalar=64";
    class       volScalarField;
    location    "0.01";
    object      rho;
}
// * * * * * * * * * * * * * * * * * * * * * * * * * * * * * * * * * * * * * //

dimensions      [1 -3 0 0 0 0 0];

internalField   nonuniform List<scalar> 
1396
(
0.99999904
0.99999904
0.99999904
0.99999904
0.99999904
0.99999904
0.99999904
0.99999904
0.99999904
0.99999904
0.99999904
0.99999904
0.99999904
0.99999904
0.99999904
0.99999904
0.99999904
0.99999904
0.99999904
0.99999904
0.99999904
0.99999904
0.99999904
0.99999904
0.99999904
0.99999904
0.99999904
0.99999904
0.99999904
0.99999904
0.99999904
0.99999904
0.99999904
0.99999904
0.99999904
0.99999904
0.99999904
0.99999904
0.99999904
0.99999904
0.99999904
0.99999904
0.99999904
0.99999904
0.99999904
0.99999904
0.99999904
0.99999904
0.99999904
0.99999904
0.99999904
0.99999904
0.99999904
0.99999904
0.99999904
0.99999904
0.99999904
0.99999904
0.99999904
0.99999904
0.99999904
0.99999904
0.99999904
0.99999904
0.99999904
0.99999904
0.99999904
0.99999904
0.99999904
0.99999904
0.99999904
0.99999904
0.99999904
0.99999904
0.99999904
0.99999904
0.99999904
0.99999904
0.99999904
0.99999904
0.99999904
0.99999904
0.99999904
0.99999904
0.99999904
0.99999904
0.99999904
0.99999904
0.99999904
0.99999904
0.99999904
0.99999904
0.99999904
0.99999904
0.99999904
0.99999904
0.99999904
0.99999904
0.99999904
0.99999904
0.99999904
0.99999904
0.99999904
0.99999904
0.99999904
0.99999904
0.99999904
0.99999904
0.99999904
0.99999904
0.99999904
0.99999904
0.99999904
0.99999904
0.99999904
0.99999904
0.99999904
0.99999904
0.99999904
0.99999904
0.99999904
0.99999904
0.99999904
0.99999904
0.99999904
0.99999904
0.99999904
0.99999904
0.99999904
0.99999904
0.99999904
0.99999904
0.99999904
0.99999904
0.99999904
0.99999904
0.99999904
0.99999904
0.99999904
0.99999904
0.99999904
0.99999904
0.99999904
0.99999904
0.99999904
0.99999904
0.99999904
0.99999904
0.99999904
0.99999904
0.99999904
0.99999904
0.99999904
0.99999904
0.99999904
0.99999904
0.99999904
0.99999904
0.99999904
0.99999904
0.99999904
0.99999904
0.99999904
0.99999904
0.99999904
0.99999904
0.99999904
0.99999904
0.99999904
0.99999904
0.99999904
0.99999904
0.99999904
0.99999904
0.99999904
0.99999904
0.99999904
0.99999904
0.99999904
0.99999904
0.99999904
0.99999904
0.99999904
0.99999904
0.99999904
0.99999904
0.99999904
0.99999904
0.99999904
0.99999904
0.99999904
0.99999904
0.99999904
0.99999904
0.99999904
0.99999904
0.99999904
0.99999904
0.99999904
0.99999904
0.99999904
0.99999904
0.99999904
0.99999904
0.99999904
0.99999904
0.99999904
0.99999904
0.99999904
0.99999904
0.99999904
0.99999904
0.99999904
0.99999904
0.99999904
0.99999904
0.99999904
0.99999904
0.99999904
0.99999904
0.99999904
0.99999904
0.99999904
0.99999904
0.99999904
0.99999904
0.99999904
0.99999904
0.99999904
0.99999904
0.99999904
0.99999904
0.99999904
0.99999904
0.99999904
0.99999904
0.99999904
0.99999904
0.99999904
0.99999904
0.99999904
0.99999904
0.99999904
0.99999904
0.99999904
0.99999904
0.99999904
0.99999904
0.99999904
0.99999904
0.99999904
0.99999904
0.99999904
0.99999904
0.99999904
0.99999904
0.99999904
0.99999904
0.99999904
0.99999904
0.99999904
0.99999904
0.99999904
0.99999904
0.99999904
0.99999904
0.99999904
0.99999904
0.99999904
0.99999904
0.99999904
0.99999904
0.99999904
0.99999904
0.99999904
0.99999904
0.99999904
0.99999904
0.99999904
0.99999904
0.99999904
0.99999904
0.99999904
0.99999904
0.99999904
0.99999904
0.99999904
0.99999904
0.99999904
0.99999904
0.99999904
0.99999904
0.99999904
0.99999904
0.99999904
0.99999904
0.99999904
0.99999904
0.99999904
0.99999904
0.99999904
0.99999904
0.99999904
0.99999904
0.99999904
0.99999904
0.99999904
0.99999904
0.99999904
0.99999904
0.99999904
0.99999904
0.99999904
0.99999904
0.99999904
0.99999904
0.99999904
0.99999904
0.99999904
0.99999904
0.99999904
0.99999904
0.99999904
0.99999904
0.99999904
0.99999904
0.99999904
0.99999904
0.99999904
0.99999904
0.99999904
0.99999904
0.99999904
0.99999904
0.99999904
0.99999904
0.99999904
0.99999904
0.99999904
0.99999904
0.99999904
0.99999904
0.99999904
0.99999904
0.99999904
0.99999904
0.99999904
0.99999904
0.99999904
0.99999904
0.99999904
0.99999904
0.99999904
0.99999904
0.99999904
0.99999904
0.99999904
0.99999904
0.99999904
0.99999904
0.99999904
0.99999904
0.99999904
0.99999904
0.99999904
0.99999904
0.99999904
0.99999904
0.99999904
0.99999904
0.99999904
0.99999904
0.99999904
0.99999904
0.99999904
0.99999904
0.99999904
0.99999904
0.99999904
0.99999904
0.99999904
0.99999904
0.99999904
0.99999904
0.99999904
0.99999904
0.99999904
0.99999904
0.99999904
0.99999904
0.99999904
0.99999904
0.99999904
0.99999904
0.99999904
0.99999904
0.99999904
0.99999904
0.99999904
0.99999904
0.99999904
0.99999904
0.99999904
0.99999904
0.99999904
0.99999904
0.99999904
0.99999904
0.99999904
0.99999904
0.99999904
0.99999904
0.99999904
0.99999904
0.99999904
0.99999904
0.99999904
0.99999904
0.99999904
0.99999904
0.99999904
0.99999904
0.99999904
0.99999904
0.99999904
0.99999904
0.99999904
0.99999904
0.99999904
0.99999904
0.99999904
0.99999904
0.99999904
0.99999904
0.99999904
0.99999904
0.99999904
0.99999904
0.99999904
0.99999904
0.99999904
0.99999904
0.99999904
0.99999904
0.99999904
0.99999904
0.99999904
0.99999904
0.99999904
0.99999904
0.99999904
0.99999904
0.99999904
0.99999904
0.99999904
0.99999904
0.99999904
0.99999904
0.99999904
0.99999904
0.99999904
0.99999904
0.99999904
0.99999904
0.99999904
0.99999904
0.99999904
0.99999904
0.99999904
0.99999904
0.99999904
0.99999904
0.99999904
0.99999904
0.99999904
0.99999904
0.99999904
0.99999904
0.99999904
0.99999904
0.99999904
0.99999904
0.99999904
0.99999904
0.99999904
0.99999904
0.99999904
0.99999904
0.99999904
0.99999904
0.99999904
0.99999904
0.99999904
0.99999904
0.99999904
0.99999904
0.99999904
0.99999904
0.99999904
0.99999904
0.99999904
0.99999904
0.99999904
0.99999904
0.99999904
0.99999904
0.99999904
0.99999904
0.99999904
0.99999904
0.99999904
0.99999904
0.99999904
0.99999904
0.99999904
0.99999904
0.99999904
0.99999904
0.99999904
0.99999904
0.99999904
0.99999904
0.99999904
0.99999904
0.99999904
0.99999904
0.99999904
0.99999904
0.99999904
0.99999904
0.99999904
0.99999904
0.99999904
0.99999904
0.99999904
0.99999904
0.99999904
0.99999904
0.99999904
0.99999904
0.99999904
0.99999904
0.99999904
0.99999904
0.99999904
0.99999904
0.99999904
0.99999904
0.99999904
0.99999904
0.99999904
0.99999904
0.99999904
0.99999904
0.99999904
0.99999904
0.99999904
0.99999904
0.99999904
0.99999904
0.99999904
0.99999904
0.99999904
0.99999904
0.99999904
0.99999904
0.99999904
0.99999904
0.99999904
0.99999904
0.99999904
0.99999904
0.99999904
0.99999904
0.99999904
0.99999904
0.99999904
0.99999904
0.99999904
0.99999904
0.99999904
0.99999904
0.99999904
0.99999904
0.99999904
0.99999904
0.99999904
0.99999904
0.99999904
0.99999904
0.99999904
0.99999904
0.99999904
0.99999904
0.99999904
0.99999904
0.99999904
0.99999904
0.99999904
0.99999904
0.99999904
0.99999904
0.99999904
0.99999904
0.99999904
0.99999904
0.99999904
0.99999904
0.99999904
0.99999904
0.99999904
0.99999904
0.99999904
0.99999904
0.99999904
0.99999904
0.99999904
0.99999904
0.99999904
0.99999904
0.99999904
0.99999904
0.99999904
0.99999904
0.99999904
0.99999904
0.99999904
0.99999904
0.99999904
0.99999904
0.99999904
0.99999904
0.99999904
0.99999904
0.99999904
0.99999904
0.99999904
0.99999904
0.99999904
0.99999904
0.99999904
0.99999904
0.99999904
0.99999904
0.99999904
0.99999904
0.99999904
0.99999904
0.99999904
0.99999904
0.99999904
0.99999904
0.99999904
0.99999904
0.99999904
0.99999904
0.99999904
0.99999904
0.99999904
0.99999904
0.99999904
0.99999904
0.99999904
0.99999904
0.99999904
0.99999904
0.99999904
0.99999904
0.99999904
0.99999904
0.99999904
0.99999904
0.99999904
0.99999904
0.99999904
0.99999904
0.99999904
0.99999904
0.99999904
0.99999904
0.99999904
0.99999904
0.99999904
0.99999904
0.99999904
0.99999904
0.99999904
0.99999904
0.99999904
0.99999904
0.99999904
0.99999904
0.99999904
0.99999904
0.99999904
0.99999904
0.99999904
0.99999904
0.99999904
0.99999904
0.99999904
0.99999904
0.99999905
0.99999987
1.000132
1.0007411
1.0341081
0.99999904
0.99999904
0.99999904
0.99999904
0.99999904
0.99999904
0.99999904
0.99999904
0.99999904
0.99999905
0.99999996
1.0001293
1.00071
1.0301451
0.99999904
0.99999904
0.99999904
0.99999904
0.99999904
0.99999904
0.99999904
0.99999904
0.99999904
0.99999906
1
1.0001223
1.0006409
1.025332
0.99999904
0.99999904
0.99999904
0.99999904
0.99999904
0.99999904
0.99999904
0.99999904
0.99999904
0.99999906
1
1.0001132
1.000552
1.0206957
1.0001043
1.0004378
1.016031
1.0371597
1.0396576
1.0420506
1.0445584
1.0472548
1.0501893
1.0532622
1.0562
1.0592367
1.0627563
1.0670142
1.07205
1.0777623
1.0832894
1.0007209
1.0007667
1.0007826
1.0007952
1.000803
1.0008046
1.0007977
1.0007831
1.0007616
1.0007302
1.0006814
1.0006036
1.0004641
1.0001691
1.0001235
1.0001305
1.0001363
1.000142
1.0001477
1.0001532
1.000158
1.0001619
1.0001657
1.00017
1.000175
1.0001803
1.0001837
1.0001736
0.99999974
0.99999976
0.99999976
0.99999975
0.99999973
0.9999997
0.99999966
0.99999961
0.99999956
0.9999995
0.99999942
0.9999993
0.99999911
0.99999881
0.99999906
0.99999906
0.99999906
0.99999906
0.99999906
0.99999906
0.99999906
0.99999906
0.99999906
0.99999906
0.99999906
0.99999906
0.99999905
0.99999905
0.99999904
0.99999904
0.99999904
0.99999904
0.99999904
0.99999904
0.99999904
0.99999904
0.99999904
0.99999904
0.99999904
0.99999904
0.99999904
0.99999904
0.99999904
0.99999904
0.99999904
0.99999904
0.99999904
0.99999904
0.99999904
0.99999904
0.99999904
0.99999904
0.99999904
0.99999904
0.99999904
0.99999904
0.99999904
0.99999904
0.99999904
0.99999904
0.99999904
0.99999904
0.99999904
0.99999904
0.99999904
0.99999904
0.99999904
0.99999904
0.99999904
0.99999904
0.99999904
0.99999904
0.99999904
0.99999904
0.99999904
0.99999904
0.99999904
0.99999904
0.99999904
0.99999904
0.99999904
0.99999904
0.99999904
0.99999904
0.99999904
0.99999904
0.99999904
0.99999904
0.99999904
0.99999904
0.99999904
0.99999904
0.99999904
0.99999904
0.99999904
0.99999904
0.99999904
0.99999904
0.99999904
0.99999904
0.99999904
0.99999904
0.99999904
0.99999904
0.99999904
0.99999904
0.99999904
0.99999904
0.99999904
0.99999904
0.99999904
0.99999904
0.99999904
0.99999904
0.99999904
0.99999904
0.99999904
0.99999904
0.99999904
0.99999904
0.99999904
0.99999904
0.99999904
0.99999904
0.99999904
0.99999904
0.99999904
0.99999904
0.99999904
0.99999904
0.99999904
0.99999904
0.99999904
0.99999904
0.99999904
0.99999904
0.99999904
0.99999904
0.99999904
0.99999904
0.99999904
0.99999904
0.99999904
0.99999904
0.99999904
0.99999904
0.99999904
0.99999904
0.99999904
0.99999904
0.99999904
0.99999904
0.99999904
0.99999904
0.99999904
0.99999904
0.99999904
0.99999904
0.99999904
0.99999904
0.99999904
0.99999904
0.99999904
0.99999904
0.99999904
0.99999904
0.99999904
0.99999904
0.99999904
0.99999904
0.99999904
0.99999904
0.99999904
0.99999904
0.99999904
0.99999904
0.99999904
0.99999904
0.99999904
0.99999904
0.99999904
0.99999904
0.99999904
0.99999904
0.99999904
0.99999904
0.99999904
0.99999904
0.99999904
0.99999904
0.99999904
0.99999904
0.99999904
0.99999904
0.99999904
0.99999904
0.99999904
0.99999904
0.99999904
0.99999904
0.99999904
0.99999904
0.99999904
0.99999904
0.99999904
0.99999904
0.99999904
0.99999904
0.99999904
0.99999904
0.99999904
0.99999904
0.99999904
0.99999904
0.99999904
0.99999904
0.99999904
0.99999904
0.99999904
0.99999904
0.99999904
0.99999904
0.99999904
0.99999904
0.99999904
0.99999904
0.99999904
0.99999904
0.99999904
0.99999904
0.99999904
0.99999904
0.99999904
0.99999904
0.99999904
0.99999904
0.99999904
0.99999904
0.99999904
0.99999904
0.99999904
0.99999904
0.99999904
0.99999904
0.99999904
0.99999904
0.99999904
0.99999904
0.99999904
0.99999904
0.99999904
0.99999904
0.99999904
0.99999904
0.99999904
0.99999904
0.99999904
0.99999904
0.99999904
0.99999904
0.99999904
0.99999904
0.99999904
0.99999904
0.99999904
0.99999904
0.99999904
0.99999904
0.99999904
0.99999904
0.99999904
0.99999904
0.99999903
0.99999903
0.99999903
0.99999904
0.99999904
0.99999904
0.99999904
0.99999904
0.99999905
0.99999905
0.99999908
0.99999915
0.99999926
0.99999937
0.99999945
0.99999948
0.99999941
0.99999927
0.99999915
0.99999909
0.99999906
0.99999905
0.99999882
0.99999822
0.99999675
0.9999933
0.99998857
0.99998416
0.9999814
0.99998025
0.99998258
0.99998846
0.99999345
0.99999626
0.99999768
0.99999838
1.0000958
1.0001243
1.0001876
1.0003234
1.0004791
1.0006083
1.0006821
1.0007154
1.0006502
1.000469
1.0003015
1.0001996
1.0001465
1.0001185
1.0003563
0.99985619
0.99849996
0.99543128
0.99234222
0.99013867
0.98879131
0.98821867
0.98935456
0.9925137
0.99586949
0.99801777
0.99917267
0.99977
1.0628083
1.0836537
1.1156628
1.1640277
1.2014476
1.2251803
1.2381782
1.2418585
1.229174
1.1963412
1.1561225
1.1230415
1.1002226
1.0840222
0.99999904
0.99999904
0.99999904
0.99999904
0.99999904
0.99999904
0.99999904
0.99999904
0.99999904
0.99999905
0.99999937
1.0001363
1.0006399
1.0541954
0.99999904
0.99999904
0.99999904
0.99999904
0.99999904
0.99999904
0.99999904
0.99999904
0.99999904
0.99999905
0.99999965
1.0001346
1.0007522
1.0456481
0.99999904
0.99999904
0.99999904
0.99999904
0.99999904
0.99999904
0.99999904
0.99999904
0.99999904
0.99999905
0.99999974
1.0001226
1.0007423
1.0389629
0.99999904
0.99999904
0.99999904
0.99999904
0.99999904
0.99999904
0.99999904
0.99999904
0.99999904
0.99999905
0.99999975
1.0001118
1.0006982
1.0336525
0.99999904
0.99999904
0.99999904
0.99999904
0.99999904
0.99999904
0.99999904
0.99999904
0.99999904
0.99999905
0.99999974
1.0001026
1.0006481
1.0292848
0.99999904
0.99999904
0.99999904
0.99999904
0.99999904
0.99999904
0.99999904
0.99999904
0.99999904
0.99999905
0.99999973
1.000094
1.0005937
1.0253869
0.99999904
0.99999904
0.99999904
0.99999904
0.99999904
0.99999904
0.99999904
0.99999904
0.99999904
0.99999905
0.9999997
1.0000858
1.0005387
1.0220744
0.99999904
0.99999904
0.99999904
0.99999904
0.99999904
0.99999904
0.99999904
0.99999904
0.99999904
0.99999905
0.99999967
1.0000779
1.0004791
1.0188662
0.99999904
0.99999904
0.99999904
0.99999904
0.99999904
0.99999904
0.99999904
0.99999904
0.99999904
0.99999905
0.99999963
1.0000699
1.0004177
1.0159829
0.99999904
0.99999904
0.99999904
0.99999904
0.99999904
0.99999904
0.99999904
0.99999904
0.99999904
0.99999905
0.99999959
1.0000624
1.0003543
1.0132738
0.99999904
0.99999904
0.99999904
0.99999904
0.99999904
0.99999904
0.99999904
0.99999904
0.99999904
0.99999905
0.99999956
1.0000554
1.0002883
1.0107081
0.99999904
0.99999904
0.99999904
0.99999904
0.99999904
0.99999904
0.99999904
0.99999904
0.99999904
0.99999905
0.99999951
1.0000497
1.0002191
1.008272
0.99999904
0.99999904
0.99999904
0.99999904
0.99999904
0.99999904
0.99999904
0.99999904
0.99999904
0.99999905
0.99999961
1.0000511
1.0001403
1.0059478
0.99999904
0.99999904
0.99999904
0.99999904
0.99999904
0.99999904
0.99999904
0.99999904
0.99999904
0.99999905
0.99999928
1.000021
1.0000881
1.0037552
0.99999904
0.99999904
0.99999904
0.99999904
0.99999904
0.99999904
0.99999904
0.99999904
0.99999904
0.99999904
0.99999913
1.0000037
1.0000174
1.0005434
0.99999904
0.99999904
0.99999904
0.99999904
0.99999904
0.99999904
0.99999904
0.99999904
0.99999904
0.99999904
0.99999892
0.9999938
0.9998611
0.99645598
0.99999904
0.99999904
0.99999904
0.99999904
0.99999904
0.99999904
0.99999904
0.99999904
0.99999904
0.99999904
0.9999986
0.99997935
0.99970749
0.99248045
0.99999904
0.99999904
0.99999904
0.99999904
0.99999904
0.99999904
0.99999904
0.99999904
0.99999904
0.99999903
0.99999817
0.99996251
0.99954952
0.98859856
)
;

boundaryField
{
    Side
    {
        type            empty;
    }
    Inlet
    {
        type            calculated;
        value           nonuniform List<scalar> 
49
(
0.99999904
0.99999904
0.99999904
0.99999904
0.99999904
0.99999904
0.99999904
0.99999904
0.99999904
0.99999904
0.99999904
0.99999904
0.99999904
0.99999904
0.99999904
0.99999904
0.99999904
0.99999904
0.99999904
0.99999904
0.99999904
0.99999904
0.99999904
0.99999904
0.99999904
0.99999904
0.99999904
0.99999904
0.99999904
0.99999904
0.99999904
0.99999904
0.99999904
0.99999904
0.99999904
0.99999904
0.99999904
0.99999904
0.99999904
0.99999904
0.99999904
0.99999904
0.99999904
0.99999904
0.99999904
0.99999904
0.99999904
0.99999904
0.99999904
)
;
    }
    Airfoil
    {
        type            calculated;
        value           nonuniform List<scalar> 
51
(
1.0486146
1.0430823
1.0364059
1.0298293
1.023201
1.0530308
1.0565131
1.0599256
1.0634997
1.0673367
1.0714741
1.0757722
1.079958
1.0843444
1.0894298
1.0955363
1.102642
1.1103126
1.1171375
1.0906676
1.1197301
1.1638878
1.2270914
1.2763303
1.3079463
1.3253059
1.3301899
1.3129097
1.269664
1.2167325
1.1724748
1.1413222
1.1195941
1.0775953
1.0658002
1.0562524
1.0485232
1.0421734
1.0366037
1.031817
1.0272746
1.0231525
1.0192926
1.0156469
1.0121688
1.0088557
1.0057274
1.0010966
0.99538264
0.9897872
0.98432487
)
;
    }
    Outlet
    {
        type            calculated;
        value           nonuniform List<scalar> 0();
    }
    Flap
    {
        type            calculated;
        value           nonuniform List<scalar> 0();
    }
    procBoundary0to1
    {
        type            processor;
        value           nonuniform List<scalar> 
58
(
0.99999904
0.99999904
0.99999904
0.99999904
0.99999904
0.99999904
0.99999904
0.99999904
0.99999904
0.99999904
0.99999904
0.99999904
0.99999904
0.99999904
0.99999904
0.99999904
0.99999904
0.99999904
0.99999904
0.99999904
0.99999904
0.99999904
0.99999904
0.99999904
0.99999904
0.99999904
0.99999904
0.99999904
0.99999904
0.99999904
0.99999904
0.99999904
0.99999904
0.99999904
0.99999904
0.99999904
0.99999904
0.99999904
0.99999906
1.0000001
1.0000001
1.0001136
1.0002564
1.0107582
0.99999904
0.99999904
0.99999904
0.99999904
0.99999904
0.99999904
0.99999904
0.99999904
0.99999904
0.99999902
0.99999762
0.99994405
0.99938624
0.9848016
)
;
    }
}


// ************************************************************************* //
