/*--------------------------------*- C++ -*----------------------------------*\
| =========                 |                                                 |
| \\      /  F ield         | OpenFOAM: The Open Source CFD Toolbox           |
|  \\    /   O peration     | Version:  2206                                  |
|   \\  /    A nd           | Website:  www.openfoam.com                      |
|    \\/     M anipulation  |                                                 |
\*---------------------------------------------------------------------------*/
FoamFile
{
    version     2.0;
    format      ascii;
    arch        "LSB;label=32;scalar=64";
    class       volScalarField;
    location    "0.01";
    object      T;
}
// * * * * * * * * * * * * * * * * * * * * * * * * * * * * * * * * * * * * * //

dimensions      [0 0 0 1 0 0 0];

internalField   nonuniform List<scalar> 
1396
(
1
1
1
1
1
1
1
1
1
1
1
1
1
1
1
1
1
1
1
1
1
1
1
1
1
1
1
1
1
1
1
1
1
1
1
1
1
1
1
1
1
1
1
1
1
1
1
1
1
1
1
1
1
1
1
1
1
1
1
1
1
1
1
1
1
1
1
1
1
1
1
1
1
1
1
1
1
1
1
1
1
1
1
1
1
1
1
1
1
1
1
1
1
1
1
1
1
1
1
1
1
1
1
1
1
1
1
1
1
1
1
1
1
1
1
1
1
1
1
1
1
1
1
1
1
1
1
1
1
1
1
1
1
1
1
1
1
1
1
1
1
1
1
1
1
1
1
1
1
1
1
1
1
1
1
1
1
1
1
1
1
1
1
1
1
1
1
1
1
1
1
1
1
1
1
1
1
1
1
1
1
1
1
1
1
1
1
1
1
1
1
1
1
1
1
1
1
1
1
1
1
1
1
1
1
1
1
1
1
1
1
1
1
1
1
1
1
1
1
1
1
1
1
1
1
1
1
1
1
1
1
1
1
1
1
1
1
1
1
1
1
1
1
1
1
1
1
1
1
1
1
1
1
1
1
1
1
1
1
1
1
1
1
1
1
1
1
1
1
1
1
1
1
1
1
1
1
1
1
1
1
1
1
1
1
1
1
1
1
1
1
1
1
1
1
1
1
1
1
1
1
1
1
1
1
1
1
1
1
1
1
1
1
1
1
1
1
1
1
1
1
1
1
1
1
1
1
1
1
1
1
1
1
1
1
1
1
1
1
1
1
1
1
1
1
1
1
1
1
1
1
1
1
1
1
1
1
1
1
1
1
1
1
1
1
1
1
1
1
1
1
1
1
1
1
1
1
1
1
1
1
1
1
1
1
1
1
1
1
1
1
1
1
1
1
1
1
1
1
1
1
1
1
1
1
1
1
1
1
1
1
1
1
1
1
1
1
1
1
1
1
1
1
1
1
1
1
1
1
1
1
1
1
1
1
1
1
1
1
1
1
1
1
1
1
1
1
1
1
1
1
1
1
1
1
1
1
1
1
1
1
1
1
1
1
1
1
1
1
1
1
1
1
1
1
1
1
1
1
1
1
1
1
1
1
1
1
1
1
1
1
1
1
1
1
1
1
1
1
1
1
1
1
1
1
1
1
1
1
1
1
1
1
1
1
1
1
1
1
1
1
1
1
1
1
1
1
1
1
1
1
1
1
1
1
1
1
1
1
1
1
1
1
1
1
1
1
1
1
1
1
1
1
1
1
1
1
1
1
1
1
1
1
1
1
1
1
1
1
1
1
1
1
1
1
1
1
1
1
1
1
1
1
1
1
1
1
1
1
1
1
1
1
1
1
1
1
1
1
1
1
1
1
1
1
1
1
1
1
1
1
1
1
1
1
1
1
1
1
1
1
1
1
1
1
1
1
1
1
1
1
1
1
1
1
1
1
1
1
1
1
1
1
1
1
1
1
1
1
1
1
1
1
1
1
1
1
1
1
1
1
1
1
1
1
1
1
1
1
1
1
1
1
1
1
1
1
1
1
1
1
1
1
1
1
1
1
1
1
1
1
1
1
1
1
1
1
1
1
1
1
1
1
1.0000005
1.0000627
1.0004715
1.014028
1
1
1
1
1
1
1
1
1
1
1.0000006
1.0000616
1.0004301
1.0125587
1
1
1
1
1
1
1
1
1
1
1.0000006
1.0000583
1.0003705
1.0108004
1
1
1
1
1
1
1
1
1
1
1.0000005
1.0000538
1.0003064
1.0089485
1.0000497
1.0002354
1.0070569
1.0153025
1.0162126
1.0171537
1.0181333
1.0191757
1.0202676
1.0213717
1.0224939
1.0237036
1.0250984
1.0267308
1.028536
1.0302018
1.0312456
1.0005214
1.0005595
1.0005915
1.0006234
1.0006565
1.0006911
1.0007264
1.0007591
1.0007912
1.0008268
1.0008677
1.0009104
1.0009418
1.0009491
1.0000596
1.0000627
1.0000654
1.000068
1.0000706
1.0000731
1.0000752
1.000077
1.0000786
1.0000805
1.0000825
1.0000841
1.0000833
1.0000742
1.0000006
1.0000006
1.0000006
1.0000006
1.0000006
1.0000007
1.0000007
1.0000007
1.0000007
1.0000007
1.0000006
1.0000006
1.0000006
1.0000004
1
1
1
1
1
1
1
1
1
1
1
1
1
1
1
1
1
1
1
1
1
1
1
1
1
1
1
1
1
1
1
1
1
1
1
1
1
1
1
1
1
1
1
1
1
1
1
1
1
1
1
1
1
1
1
1
1
1
1
1
1
1
1
1
1
1
1
1
1
1
1
1
1
1
1
1
1
1
1
1
1
1
1
1
1
1
1
1
1
1
1
1
1
1
1
1
1
1
1
1
1
1
1
1
1
1
1
1
1
1
1
1
1
1
1
1
1
1
1
1
1
1
1
1
1
1
1
1
1
1
1
1
1
1
1
1
1
1
1
1
1
1
1
1
1
1
1
1
1
1
1
1
1
1
1
1
1
1
1
1
1
1
1
1
1
1
1
1
1
1
1
1
1
1
1
1
1
1
1
1
1
1
1
1
1
1
1
1
1
1
1
1
1
1
1
1
1
1
1
1
1
1
1
1
1
1
1
1
1
1
1
1
1
1
1
1
1
1
1
1
1
1
1
1
1
1
1
1
1
1
1
1
1
1
1
1
1
1
1
1
1
1
1
1
1
1
1
1
1
1
1
1
1
1
1
1
1
1
1
1
1
1
1
1
1
1
1
1
1
1
0.99999998
0.99999997
0.99999996
0.99999995
0.99999996
0.99999998
1
1
1
1
1.0000002
1.0000003
1.0000003
1.0000007
1.0000013
1.000002
1.0000024
1.0000026
1.0000023
1.0000014
1.0000008
1.0000005
1.0000004
1.0000003
1.0000459
1.0000531
1.0000639
1.0000678
1.000062
1.0000554
1.0000471
1.0000444
1.0000503
1.0000591
1.0000629
1.0000588
1.0000539
1.0000511
1.0006569
1.0008923
1.001209
1.0019181
1.0026825
1.0032229
1.0035851
1.0036889
1.0033638
1.0027284
1.0020461
1.0015676
1.0012437
1.0009981
1.0262129
1.0332914
1.0432254
1.0541771
1.0623271
1.0675542
1.0703677
1.0711284
1.0681236
1.0612892
1.0524252
1.0440173
1.0373557
1.0328147
1
1
1
1
1
1
1
1
1
1
1.0000003
1.0000605
1.0005323
1.0221969
1
1
1
1
1
1
1
1
1
1
1.0000004
1.0000627
1.0004893
1.0192723
1
1
1
1
1
1
1
1
1
1
1.0000004
1.0000584
1.0004374
1.0166411
1
1
1
1
1
1
1
1
1
1
1.0000004
1.0000534
1.0003855
1.0143866
1
1
1
1
1
1
1
1
1
1
1.0000004
1.0000489
1.0003392
1.0125219
1
1
1
1
1
1
1
1
1
1
1.0000004
1.0000447
1.0002975
1.0109391
1
1
1
1
1
1
1
1
1
1
1.0000003
1.0000408
1.0002605
1.0095322
1
1
1
1
1
1
1
1
1
1
1.0000003
1.0000371
1.0002249
1.0082526
1
1
1
1
1
1
1
1
1
1
1.0000003
1.0000333
1.0001913
1.0070568
1
1
1
1
1
1
1
1
1
1
1.0000003
1.0000298
1.000159
1.00594
1
1
1
1
1
1
1
1
1
1
1.0000002
1.0000264
1.0001275
1.0048864
1
1
1
1
1
1
1
1
1
1
1.0000002
1.0000239
1.0000959
1.0038649
1
1
1
1
1
1
1
1
1
1
1.0000003
1.000022
1.0000643
1.0028908
1
1
1
1
1
1
1
1
1
1
1.0000001
1.0000129
1.0000394
1.0019649
1
1
1
1
1
1
1
1
1
1
1.0000001
1.000003
1.0000118
1.0005529
1
1
1
1
1
1
1
1
1
1
0.99999995
0.99999759
0.9999421
0.99892284
1
1
1
1
1
1
1
1
1
1
0.99999978
0.99999081
0.99985824
0.99728634
1
1
1
1
1
1
1
1
1
0.99999999
0.99999954
0.99998255
0.99976047
0.99567703
)
;

boundaryField
{
    Side
    {
        type            empty;
    }
    Inlet
    {
        type            inletOutlet;
        inletValue      uniform 1;
        value           nonuniform List<scalar> 
49
(
1
1
1
1
1
1
1
1
1
1
1
1
1
1
1
1
1
1
1
1
1
1
1
1
1
1
1
1
1
1
1
1
1
1
1
1
1
1
1
1
1
1
1
1
1
1
1
1
1
)
;
    }
    Airfoil
    {
        type            fixedValue;
        value           uniform 1;
    }
    Outlet
    {
        type            zeroGradient;
    }
    Flap
    {
        type            fixedValue;
        value           nonuniform List<scalar> 0();
    }
    procBoundary0to1
    {
        type            processor;
        value           nonuniform List<scalar> 
58
(
1
1
1
1
1
1
1
1
1
1
1
1
1
1
1
1
1
1
1
1
1
1
1
1
1
1
1
1
1
1
1
1
1
1
1
1
1
1
1
1.0000006
1.0000006
1.000049
1.0001448
1.0049401
1
1
1
1
1
1
1
1
1
0.99999999
0.99999924
0.99997325
0.99964933
0.99410481
)
;
    }
}


// ************************************************************************* //
