/*--------------------------------*- C++ -*----------------------------------*\
| =========                 |                                                 |
| \\      /  F ield         | OpenFOAM: The Open Source CFD Toolbox           |
|  \\    /   O peration     | Version:  2206                                  |
|   \\  /    A nd           | Website:  www.openfoam.com                      |
|    \\/     M anipulation  |                                                 |
\*---------------------------------------------------------------------------*/
FoamFile
{
    version     2.0;
    format      ascii;
    arch        "LSB;label=32;scalar=64";
    class       labelList;
    location    "constant/polyMesh";
    object      cellProcAddressing;
}
// * * * * * * * * * * * * * * * * * * * * * * * * * * * * * * * * * * * * * //


1396
(
1022
1023
1024
1025
1026
1027
1028
1029
1030
1031
1032
1033
1034
1035
1036
1037
1038
1039
1040
1041
1042
1043
1044
1045
1046
1047
1048
1049
1050
1051
1052
1053
1054
1055
1056
1057
1058
1059
1060
1061
1062
1063
1064
1065
1066
1067
1068
1069
1070
1071
1072
1073
1074
1075
1076
1077
1078
1079
1080
1081
1082
1083
1084
1085
1086
1087
1088
1089
1090
1091
1092
1093
1094
1095
1096
1097
1098
1099
1100
1101
1102
1103
1104
1105
1106
1107
1108
1109
1110
1111
1112
1113
1114
1115
1116
1117
1118
1119
1120
1121
1122
1123
1124
1125
1126
1127
1128
1129
1130
1131
1132
1133
1965
1966
1967
1968
1969
1970
1971
1972
1973
1981
1982
1983
1984
1985
1986
1987
1997
1998
1999
2000
2001
2013
2014
2015
2028
2029
2556
2557
2558
2559
2560
2561
2570
2571
2572
2573
2574
2575
2584
2585
2586
2587
2588
2589
2598
2599
2600
2601
2602
2603
2612
2613
2614
2615
2616
2617
2625
2626
2627
2628
2629
2630
2631
2639
2640
2641
2642
2643
2644
2645
2653
2654
2655
2656
2657
2658
2659
2667
2668
2669
2670
2671
2672
2673
2680
2681
2682
2683
2684
2685
2686
2687
2694
2695
2696
2697
2698
2699
2700
2701
2708
2709
2710
2711
2712
2713
2714
2715
2722
2723
2724
2725
2726
2727
2728
2729
2736
2737
2738
2739
2740
2741
2742
2743
2747
2748
2749
2750
2751
2752
2753
2754
2761
2762
2763
2764
2765
2766
2767
2768
2774
2775
2776
2777
2778
2779
2780
2781
2782
2787
2788
2789
2790
2791
2792
2793
2794
2795
2796
2801
2802
2803
2804
2805
2806
2807
2808
2809
2814
2815
2816
2817
2818
2819
2820
2821
2822
2823
2828
2829
2830
2831
2832
2833
2834
2835
2836
2837
2842
2843
2844
2845
2846
2847
2848
2849
2850
2851
2856
2857
2858
2859
2860
2861
2862
2863
2864
2870
2871
2872
2873
2874
2875
2876
2877
2878
2884
2885
2886
2887
2888
2889
2890
2891
2892
2898
2899
2900
2901
2902
2903
2904
2905
2912
2913
2914
2915
2916
2917
2918
2919
2926
2927
2928
2929
2930
2931
2932
2953
2963
2964
2965
2966
2967
2972
2973
2974
2975
2976
2977
2978
2979
2980
2981
2982
2983
2984
2985
2986
2987
2988
2989
2990
2991
2992
2993
2994
2995
2996
2997
2998
2999
3000
3001
3002
3003
3004
3005
3006
3007
3008
3009
3010
3011
3012
3013
3014
3015
3016
3017
3018
3019
3020
3021
3022
3023
3024
3025
3026
3027
3028
3029
3030
3031
3032
3033
3034
3035
3036
3037
3038
3039
3040
3041
3042
3043
3044
3045
3046
3047
3048
3049
3050
3051
3052
3053
3054
3055
3056
3057
3058
3059
3060
3061
3062
3063
3064
3065
3066
3067
3068
3069
3070
3071
3072
3073
3074
3075
3076
3077
3078
3079
3080
3081
3082
3083
3084
3085
3086
3087
3088
3089
3402
3416
3430
3444
3445
3458
3459
3472
3473
3486
3487
3488
3500
3501
3502
3514
3515
3516
3538
3539
3540
3541
3552
3553
3554
3555
3566
3567
3568
3569
3581
3582
3583
3595
3596
3597
3609
3610
3611
3623
3624
3625
3637
3638
3639
3651
3652
3653
3665
3666
3667
3679
3680
3681
3693
3694
3695
3707
3708
3709
3721
3722
3723
3724
3725
3726
3727
3728
3729
3730
3731
3732
3733
3734
3735
3736
3737
3738
3739
3740
3741
3742
3743
3744
3745
3746
3747
3748
3749
3750
3751
3752
3753
3754
3755
3756
3757
3758
3759
3760
3761
3762
3763
3764
3765
3766
3767
3768
3769
3770
3771
3772
3773
3774
3775
3776
3777
3778
3779
3780
3781
3782
3783
3784
3785
3786
3787
3788
3789
3790
3791
3792
3793
3794
3795
3796
3797
3798
3799
3800
3801
3802
3803
3804
3805
3806
3807
3808
3809
3810
3811
3812
3813
3814
3815
3816
3817
3818
3819
3820
3821
3822
3823
3824
3825
3826
3827
3828
3829
3830
3831
3832
3833
3834
3835
3836
3837
3838
3839
3840
3841
3842
3843
3844
3845
3846
3847
3848
3849
3850
3851
3852
3853
3854
3855
3856
3857
3858
3859
3860
3861
3862
3863
3924
3925
3926
3927
3928
3929
3930
3931
3932
3933
3938
3939
3940
3941
3942
3943
3944
3945
3946
3947
3952
3953
3954
3955
3956
3957
3958
3959
3960
3961
3966
3967
3968
3969
3970
3971
3972
3973
3974
3975
3980
3981
3982
3983
3984
3985
3986
3987
3988
3989
3994
3995
3996
3997
3998
3999
4000
4001
4002
4003
4008
4009
4010
4011
4012
4013
4014
4015
4016
4017
4022
4023
4024
4025
4026
4027
4028
4029
4030
4031
4036
4037
4038
4039
4040
4041
4042
4043
4044
4045
4050
4051
4052
4053
4054
4055
4056
4057
4058
4059
4064
4065
4066
4067
4068
4069
4070
4071
4072
4073
4078
4079
4080
4081
4082
4083
4084
4085
4086
4087
4092
4093
4094
4095
4096
4097
4098
4099
4100
4101
4106
4107
4108
4109
4110
4111
4112
4113
4114
4115
4223
4224
4225
4226
4227
4233
4234
4235
4236
4237
4238
4239
4240
4241
4244
4245
4246
4247
4248
4249
4250
4251
4252
4253
4254
4255
4256
4257
4258
4259
4260
4261
4262
4263
4264
4265
4266
4267
4268
4269
4270
4271
4272
4273
4274
4275
4276
4277
4278
4279
4280
4281
4282
4283
4284
4285
4286
4287
4288
4289
4290
4291
4292
4293
4294
4295
4296
4297
4298
4299
4300
4301
4302
4303
4304
4305
4306
4307
4308
4309
4310
4311
4312
4313
4314
4315
4316
4317
4318
4319
4320
4321
4322
4323
4324
4325
4326
4327
4328
4329
4330
4331
4332
4333
4334
4335
4336
4337
4338
4339
4340
4341
4342
4343
4344
4345
4346
4347
4348
4349
4350
4351
4352
4353
4354
4355
4356
4357
4358
4359
4360
4361
4362
4363
4364
4365
4366
4367
4368
4369
4370
4371
4372
4373
4374
4375
4376
4377
4378
4379
4380
4381
4382
4383
4384
4385
4386
4387
4388
4389
4390
4391
4392
4393
4394
4395
4396
4397
4398
4399
4400
4401
4402
4403
4404
4405
4406
4407
4408
4409
4410
4411
4412
4413
4414
4415
4416
4417
4418
4419
4420
4421
4422
4423
4424
4425
4426
4427
4428
4429
4430
4431
4432
4433
4434
4435
4436
4437
4438
4439
4440
4441
4442
4443
4444
4445
4446
4447
4448
4449
4450
4451
4708
4709
4710
4711
4712
4713
4714
4715
4716
4717
4721
4722
4723
4724
4725
4726
4727
4728
4729
4730
4731
4734
4735
4736
4737
4738
4739
4740
4741
4742
4743
4744
4745
4747
4748
4749
4750
4751
4752
4753
4754
4755
4756
4757
4758
4759
4761
4762
4763
4764
4765
4766
4767
4768
4769
4770
4771
4772
4773
4774
4775
4776
4777
4778
4779
4780
4781
4782
4783
4784
4785
4786
4787
4788
4789
4790
4791
4792
4793
4794
4795
4796
4797
4798
4799
4800
4801
4802
4803
4804
4805
4806
4807
4808
4809
4810
4811
4812
4813
4814
4815
4816
4817
4818
4819
4820
4821
4822
4823
4824
4825
4826
4827
4828
4829
4830
4831
4832
4833
4834
4835
4836
4837
4838
4839
4840
4841
4842
4843
4844
4845
4846
4847
4848
4849
4850
4851
4852
4853
4854
4855
4856
4858
4859
4860
4861
4862
4863
4864
4865
4866
4867
4868
4869
4872
4873
4874
4875
4876
4877
4878
4879
4880
4881
4882
4886
4887
4888
4889
4890
4891
4892
4893
4894
4895
5109
5111
5112
5113
5114
5115
5116
5117
5118
5119
5120
5121
5122
5123
5124
5125
5126
5127
5128
5129
5130
5131
5132
5133
5134
5135
5136
5137
5138
5139
5140
5141
5142
5143
5144
5145
5446
5447
5448
5449
5450
5460
5461
5462
5463
5464
5465
5466
5467
5468
5469
5470
5471
5472
5473
5474
5475
5476
5477
5478
5479
5480
5481
5482
5483
5484
5485
5486
5487
5530
5544
5545
5546
5547
5558
5559
5560
5561
5562
5563
5574
5575
5576
5577
5578
5579
5590
5591
5592
5593
5594
5606
5607
5608
5609
5621
5622
5623
5624
5636
5637
5638
5650
5651
5652
5653
5665
5666
5667
5680
5681
6474
6475
6476
6477
6478
6479
6480
6481
6490
6491
6492
6493
6494
6495
6505
6506
6507
6508
6509
6520
6521
6522
6523
6535
6536
6537
6550
6551
6565
6579
6593
7840
7841
7842
7843
7844
7845
7846
7847
7848
7849
7850
7851
7852
7853
7854
7855
7856
8049
8063
8077
9576
9577
9578
9590
9591
9592
9593
9594
9595
9596
)


// ************************************************************************* //
