/*--------------------------------*- C++ -*----------------------------------*\
| =========                 |                                                 |
| \\      /  F ield         | OpenFOAM: The Open Source CFD Toolbox           |
|  \\    /   O peration     | Version:  2206                                  |
|   \\  /    A nd           | Website:  www.openfoam.com                      |
|    \\/     M anipulation  |                                                 |
\*---------------------------------------------------------------------------*/
FoamFile
{
    version     2.0;
    format      ascii;
    arch        "LSB;label=32;scalar=64";
    class       vectorField;
    location    "constant/polyMesh";
    object      points;
}
// * * * * * * * * * * * * * * * * * * * * * * * * * * * * * * * * * * * * * //


3186
(
(1.23 -0.115 0)
(1.23 -0.11 0)
(1.22 -0.08 0)
(1.25 -0.24 0)
(1.27 -5 0)
(1.3 0.23 0)
(1.35 0.22 0)
(1.19 0.25 0)
(1.19 0.25 1)
(1.3 0.23 1)
(1.35 0.22 1)
(1.22 -0.08 1)
(1.23 -0.11 1)
(1.23 -0.115 1)
(1.25 -0.24 1)
(1.27 -5 1)
(1.221934571 -0.1082881543 0)
(1.223950929 -0.1087161157 0)
(1.225967286 -0.1091440771 0)
(1.227983643 -0.1095720386 0)
(1.221822 -0.11199756 0)
(1.2238665 -0.11274817 0)
(1.225911 -0.11349878 0)
(1.2279555 -0.11424939 0)
(1.23 -0.1103571429 0)
(1.23 -0.1107142857 0)
(1.23 -0.1110714286 0)
(1.23 -0.1114285714 0)
(1.23 -0.1117857143 0)
(1.23 -0.1121428571 0)
(1.23 -0.1125 0)
(1.23 -0.1128571429 0)
(1.23 -0.1132142857 0)
(1.23 -0.1135714286 0)
(1.23 -0.1139285714 0)
(1.23 -0.1142857143 0)
(1.23 -0.1146428571 0)
(1.249285714 -0.1092857143 0)
(1.268571429 -0.1085714286 0)
(1.287857143 -0.1078571429 0)
(1.307142857 -0.1071428571 0)
(1.326428571 -0.1064285714 0)
(1.345714286 -0.1057142857 0)
(1.365 -0.105 0)
(1.384285714 -0.1042857143 0)
(1.403571429 -0.1035714286 0)
(1.422857143 -0.1028571429 0)
(1.220714286 -0.08214285714 0)
(1.221428571 -0.08428571429 0)
(1.222142857 -0.08642857143 0)
(1.222857143 -0.08857142857 0)
(1.223571429 -0.09071428571 0)
(1.224285714 -0.09285714286 0)
(1.225 -0.095 0)
(1.225714286 -0.09714285714 0)
(1.226428571 -0.09928571429 0)
(1.227142857 -0.1014285714 0)
(1.227857143 -0.1035714286 0)
(1.228571429 -0.1057142857 0)
(1.229285714 -0.1078571429 0)
(1.249285714 -0.1153571429 0)
(1.268571429 -0.1157142857 0)
(1.287857143 -0.1160714286 0)
(1.307142857 -0.1164285714 0)
(1.326428571 -0.1167857143 0)
(1.345714286 -0.1171428571 0)
(1.365 -0.1175 0)
(1.384285714 -0.1178571429 0)
(1.403571429 -0.1182142857 0)
(1.422857143 -0.1185714286 0)
(1.24 -0.08 0)
(1.26 -0.08 0)
(1.28 -0.08 0)
(1.3 -0.08 0)
(1.32 -0.08 0)
(1.34 -0.08 0)
(1.36 -0.08 0)
(1.38 -0.08 0)
(1.4 -0.08 0)
(1.42 -0.08 0)
(1.217857143 -0.24 0)
(1.221428571 -0.24 0)
(1.225 -0.24 0)
(1.228571429 -0.24 0)
(1.232142857 -0.24 0)
(1.235714286 -0.24 0)
(1.239285714 -0.24 0)
(1.242857143 -0.24 0)
(1.246428571 -0.24 0)
(1.267857143 -0.2428571429 0)
(1.285714286 -0.2457142857 0)
(1.303571429 -0.2485714286 0)
(1.321428571 -0.2514285714 0)
(1.339285714 -0.2542857143 0)
(1.357142857 -0.2571428571 0)
(1.375 -0.26 0)
(1.392857143 -0.2628571429 0)
(1.410714286 -0.2657142857 0)
(1.428571429 -0.2685714286 0)
(1.257142857 0.9542857143 0)
(1.335714286 1.291428571 0)
(1.414285714 1.628571429 0)
(1.186428571 5 0)
(1.278571429 5 0)
(1.370714286 5 0)
(1.462857143 5 0)
(1.22 -1.6 0)
(1.225 -1.94 0)
(1.23 -2.28 0)
(1.235 -2.62 0)
(1.24 -2.96 0)
(1.245 -3.3 0)
(1.25 -3.64 0)
(1.255 -3.98 0)
(1.26 -4.32 0)
(1.265 -4.66 0)
(1.267857143 -0.58 0)
(1.285714286 -0.92 0)
(1.303571429 -1.26 0)
(1.321428571 -1.6 0)
(1.339285714 -1.94 0)
(1.357142857 -2.28 0)
(1.375 -2.62 0)
(1.392857143 -2.96 0)
(1.410714286 -3.3 0)
(1.428571429 -3.64 0)
(1.286428571 -5 0)
(1.302857143 -5 0)
(1.319285714 -5 0)
(1.335714286 -5 0)
(1.352142857 -5 0)
(1.368571429 -5 0)
(1.385 -5 0)
(1.401428571 -5 0)
(1.417857143 -5 0)
(1.434285714 -5 0)
(1.231428571 -0.1239285714 0)
(1.232857143 -0.1328571429 0)
(1.234285714 -0.1417857143 0)
(1.235714286 -0.1507142857 0)
(1.237142857 -0.1596428571 0)
(1.238571429 -0.1685714286 0)
(1.24 -0.1775 0)
(1.241428571 -0.1864285714 0)
(1.242857143 -0.1953571429 0)
(1.244285714 -0.2042857143 0)
(1.245714286 -0.2132142857 0)
(1.247142857 -0.2221428571 0)
(1.248571429 -0.2310714286 0)
(1.285714286 0.2123214286 0)
(1.271428571 0.1946428571 0)
(1.257142857 0.1769642857 0)
(1.242857143 0.1592857143 0)
(1.228571429 0.1416071429 0)
(1.214285714 0.1239285714 0)
(1.214285714 -0.07642857143 0)
(1.217142857 -0.03214285714 0)
(1.242857143 -0.03285714286 0)
(1.268571429 -0.03357142857 0)
(1.294285714 -0.03428571429 0)
(1.32 -0.035 0)
(1.345714286 -0.03571428571 0)
(1.371428571 -0.03642857143 0)
(1.397142857 -0.03714285714 0)
(1.422857143 -0.03785714286 0)
(1.215 0.07857142857 0)
(1.23 0.09428571429 0)
(1.245 0.11 0)
(1.26 0.1257142857 0)
(1.275 0.1414285714 0)
(1.29 0.1571428571 0)
(1.305 0.1728571429 0)
(1.32 0.1885714286 0)
(1.335 0.2042857143 0)
(1.375 0.5707142857 0)
(1.45 0.9114285714 0)
(1.217142857 -0.004285714286 0)
(1.242857143 -0.005714285714 0)
(1.268571429 -0.007142857143 0)
(1.294285714 -0.008571428571 0)
(1.32 -0.01 0)
(1.345714286 -0.01142857143 0)
(1.371428571 -0.01285714286 0)
(1.397142857 -0.01428571429 0)
(1.422857143 -0.01571428571 0)
(1.426428571 0.5614285714 0)
(1.303571429 0.2292857143 0)
(1.307142857 0.2285714286 0)
(1.310714286 0.2278571429 0)
(1.314285714 0.2271428571 0)
(1.317857143 0.2264285714 0)
(1.321428571 0.2257142857 0)
(1.325 0.225 0)
(1.328571429 0.2242857143 0)
(1.332142857 0.2235714286 0)
(1.335714286 0.2228571429 0)
(1.339285714 0.2221428571 0)
(1.342857143 0.2214285714 0)
(1.346428571 0.2207142857 0)
(1.360714286 0.2185714286 0)
(1.371428571 0.2171428571 0)
(1.382142857 0.2157142857 0)
(1.392857143 0.2142857143 0)
(1.403571429 0.2128571429 0)
(1.414285714 0.2114285714 0)
(1.425 0.21 0)
(1.421428571 1.267857143 0)
(1.344285714 0.9285714286 0)
(1.267142857 0.5892857143 0)
(1.183571429 0.2521428571 0)
(1.197857143 0.2485714286 0)
(1.205714286 0.2471428571 0)
(1.213571429 0.2457142857 0)
(1.221428571 0.2442857143 0)
(1.229285714 0.2428571429 0)
(1.237142857 0.2414285714 0)
(1.245 0.24 0)
(1.252857143 0.2385714286 0)
(1.260714286 0.2371428571 0)
(1.268571429 0.2357142857 0)
(1.276428571 0.2342857143 0)
(1.284285714 0.2328571429 0)
(1.292142857 0.2314285714 0)
(1.234285714 -5 0)
(1.252142857 -5 0)
(1.217142857 -0.004285714286 1)
(1.242857143 -0.005714285714 1)
(1.268571429 -0.007142857143 1)
(1.294285714 -0.008571428571 1)
(1.32 -0.01 1)
(1.345714286 -0.01142857143 1)
(1.371428571 -0.01285714286 1)
(1.397142857 -0.01428571429 1)
(1.422857143 -0.01571428571 1)
(1.422857143 -0.03785714286 1)
(1.397142857 -0.03714285714 1)
(1.371428571 -0.03642857143 1)
(1.345714286 -0.03571428571 1)
(1.32 -0.035 1)
(1.294285714 -0.03428571429 1)
(1.268571429 -0.03357142857 1)
(1.242857143 -0.03285714286 1)
(1.217142857 -0.03214285714 1)
(1.214285714 0.1239285714 1)
(1.228571429 0.1416071429 1)
(1.242857143 0.1592857143 1)
(1.257142857 0.1769642857 1)
(1.271428571 0.1946428571 1)
(1.285714286 0.2123214286 1)
(1.292142857 0.2314285714 1)
(1.284285714 0.2328571429 1)
(1.276428571 0.2342857143 1)
(1.268571429 0.2357142857 1)
(1.260714286 0.2371428571 1)
(1.252857143 0.2385714286 1)
(1.245 0.24 1)
(1.237142857 0.2414285714 1)
(1.229285714 0.2428571429 1)
(1.221428571 0.2442857143 1)
(1.213571429 0.2457142857 1)
(1.205714286 0.2471428571 1)
(1.197857143 0.2485714286 1)
(1.183571429 0.2521428571 1)
(1.215 0.07857142857 1)
(1.23 0.09428571429 1)
(1.245 0.11 1)
(1.26 0.1257142857 1)
(1.275 0.1414285714 1)
(1.29 0.1571428571 1)
(1.305 0.1728571429 1)
(1.32 0.1885714286 1)
(1.335 0.2042857143 1)
(1.346428571 0.2207142857 1)
(1.342857143 0.2214285714 1)
(1.339285714 0.2221428571 1)
(1.335714286 0.2228571429 1)
(1.332142857 0.2235714286 1)
(1.328571429 0.2242857143 1)
(1.325 0.225 1)
(1.321428571 0.2257142857 1)
(1.317857143 0.2264285714 1)
(1.314285714 0.2271428571 1)
(1.310714286 0.2278571429 1)
(1.307142857 0.2285714286 1)
(1.303571429 0.2292857143 1)
(1.360714286 0.2185714286 1)
(1.371428571 0.2171428571 1)
(1.382142857 0.2157142857 1)
(1.392857143 0.2142857143 1)
(1.403571429 0.2128571429 1)
(1.414285714 0.2114285714 1)
(1.425 0.21 1)
(1.42 -0.08 1)
(1.4 -0.08 1)
(1.38 -0.08 1)
(1.36 -0.08 1)
(1.34 -0.08 1)
(1.32 -0.08 1)
(1.3 -0.08 1)
(1.28 -0.08 1)
(1.26 -0.08 1)
(1.24 -0.08 1)
(1.214285714 -0.07642857143 1)
(1.220714286 -0.08214285714 1)
(1.221428571 -0.08428571429 1)
(1.222142857 -0.08642857143 1)
(1.222857143 -0.08857142857 1)
(1.223571429 -0.09071428571 1)
(1.224285714 -0.09285714286 1)
(1.225 -0.095 1)
(1.225714286 -0.09714285714 1)
(1.226428571 -0.09928571429 1)
(1.227142857 -0.1014285714 1)
(1.227857143 -0.1035714286 1)
(1.228571429 -0.1057142857 1)
(1.229285714 -0.1078571429 1)
(1.227983643 -0.1095720386 1)
(1.225967286 -0.1091440771 1)
(1.223950929 -0.1087161157 1)
(1.221934571 -0.1082881543 1)
(1.221822 -0.11199756 1)
(1.2238665 -0.11274817 1)
(1.225911 -0.11349878 1)
(1.2279555 -0.11424939 1)
(1.23 -0.1146428571 1)
(1.23 -0.1142857143 1)
(1.23 -0.1139285714 1)
(1.23 -0.1135714286 1)
(1.23 -0.1132142857 1)
(1.23 -0.1128571429 1)
(1.23 -0.1125 1)
(1.23 -0.1121428571 1)
(1.23 -0.1117857143 1)
(1.23 -0.1114285714 1)
(1.23 -0.1110714286 1)
(1.23 -0.1107142857 1)
(1.23 -0.1103571429 1)
(1.422857143 -0.1028571429 1)
(1.403571429 -0.1035714286 1)
(1.384285714 -0.1042857143 1)
(1.365 -0.105 1)
(1.345714286 -0.1057142857 1)
(1.326428571 -0.1064285714 1)
(1.307142857 -0.1071428571 1)
(1.287857143 -0.1078571429 1)
(1.268571429 -0.1085714286 1)
(1.249285714 -0.1092857143 1)
(1.249285714 -0.1153571429 1)
(1.268571429 -0.1157142857 1)
(1.287857143 -0.1160714286 1)
(1.307142857 -0.1164285714 1)
(1.326428571 -0.1167857143 1)
(1.345714286 -0.1171428571 1)
(1.365 -0.1175 1)
(1.384285714 -0.1178571429 1)
(1.403571429 -0.1182142857 1)
(1.422857143 -0.1185714286 1)
(1.231428571 -0.1239285714 1)
(1.232857143 -0.1328571429 1)
(1.234285714 -0.1417857143 1)
(1.235714286 -0.1507142857 1)
(1.237142857 -0.1596428571 1)
(1.238571429 -0.1685714286 1)
(1.24 -0.1775 1)
(1.241428571 -0.1864285714 1)
(1.242857143 -0.1953571429 1)
(1.244285714 -0.2042857143 1)
(1.245714286 -0.2132142857 1)
(1.247142857 -0.2221428571 1)
(1.248571429 -0.2310714286 1)
(1.246428571 -0.24 1)
(1.242857143 -0.24 1)
(1.239285714 -0.24 1)
(1.235714286 -0.24 1)
(1.232142857 -0.24 1)
(1.228571429 -0.24 1)
(1.225 -0.24 1)
(1.221428571 -0.24 1)
(1.217857143 -0.24 1)
(1.428571429 -0.2685714286 1)
(1.410714286 -0.2657142857 1)
(1.392857143 -0.2628571429 1)
(1.375 -0.26 1)
(1.357142857 -0.2571428571 1)
(1.339285714 -0.2542857143 1)
(1.321428571 -0.2514285714 1)
(1.303571429 -0.2485714286 1)
(1.285714286 -0.2457142857 1)
(1.267857143 -0.2428571429 1)
(1.267857143 -0.58 1)
(1.285714286 -0.92 1)
(1.303571429 -1.26 1)
(1.321428571 -1.6 1)
(1.339285714 -1.94 1)
(1.357142857 -2.28 1)
(1.375 -2.62 1)
(1.392857143 -2.96 1)
(1.410714286 -3.3 1)
(1.428571429 -3.64 1)
(1.434285714 -5 1)
(1.417857143 -5 1)
(1.401428571 -5 1)
(1.385 -5 1)
(1.368571429 -5 1)
(1.352142857 -5 1)
(1.335714286 -5 1)
(1.319285714 -5 1)
(1.302857143 -5 1)
(1.286428571 -5 1)
(1.265 -4.66 1)
(1.26 -4.32 1)
(1.255 -3.98 1)
(1.25 -3.64 1)
(1.245 -3.3 1)
(1.24 -2.96 1)
(1.235 -2.62 1)
(1.23 -2.28 1)
(1.225 -1.94 1)
(1.22 -1.6 1)
(1.257142857 0.9542857143 1)
(1.335714286 1.291428571 1)
(1.414285714 1.628571429 1)
(1.421428571 1.267857143 1)
(1.344285714 0.9285714286 1)
(1.267142857 0.5892857143 1)
(1.375 0.5707142857 1)
(1.45 0.9114285714 1)
(1.186428571 5 1)
(1.278571429 5 1)
(1.370714286 5 1)
(1.462857143 5 1)
(1.426428571 0.5614285714 1)
(1.234285714 -5 1)
(1.252142857 -5 1)
(1.217142857 -0.006275510204 0)
(1.217142857 -0.008265306122 0)
(1.217142857 -0.01025510204 0)
(1.217142857 -0.01224489796 0)
(1.217142857 -0.01423469388 0)
(1.217142857 -0.0162244898 0)
(1.217142857 -0.01821428571 0)
(1.217142857 -0.02020408163 0)
(1.217142857 -0.02219387755 0)
(1.217142857 -0.02418367347 0)
(1.217142857 -0.02617346939 0)
(1.217142857 -0.02816326531 0)
(1.217142857 -0.03015306122 0)
(1.242857143 -0.007653061224 0)
(1.242857143 -0.009591836735 0)
(1.242857143 -0.01153061224 0)
(1.242857143 -0.01346938776 0)
(1.242857143 -0.01540816327 0)
(1.242857143 -0.01734693878 0)
(1.242857143 -0.01928571429 0)
(1.242857143 -0.0212244898 0)
(1.242857143 -0.02316326531 0)
(1.242857143 -0.02510204082 0)
(1.242857143 -0.02704081633 0)
(1.242857143 -0.02897959184 0)
(1.242857143 -0.03091836735 0)
(1.268571429 -0.009030612245 0)
(1.268571429 -0.01091836735 0)
(1.268571429 -0.01280612245 0)
(1.268571429 -0.01469387755 0)
(1.268571429 -0.01658163265 0)
(1.268571429 -0.01846938776 0)
(1.268571429 -0.02035714286 0)
(1.268571429 -0.02224489796 0)
(1.268571429 -0.02413265306 0)
(1.268571429 -0.02602040816 0)
(1.268571429 -0.02790816327 0)
(1.268571429 -0.02979591837 0)
(1.268571429 -0.03168367347 0)
(1.294285714 -0.01040816327 0)
(1.294285714 -0.01224489796 0)
(1.294285714 -0.01408163265 0)
(1.294285714 -0.01591836735 0)
(1.294285714 -0.01775510204 0)
(1.294285714 -0.01959183673 0)
(1.294285714 -0.02142857143 0)
(1.294285714 -0.02326530612 0)
(1.294285714 -0.02510204082 0)
(1.294285714 -0.02693877551 0)
(1.294285714 -0.0287755102 0)
(1.294285714 -0.0306122449 0)
(1.294285714 -0.03244897959 0)
(1.32 -0.01178571429 0)
(1.32 -0.01357142857 0)
(1.32 -0.01535714286 0)
(1.32 -0.01714285714 0)
(1.32 -0.01892857143 0)
(1.32 -0.02071428571 0)
(1.32 -0.0225 0)
(1.32 -0.02428571429 0)
(1.32 -0.02607142857 0)
(1.32 -0.02785714286 0)
(1.32 -0.02964285714 0)
(1.32 -0.03142857143 0)
(1.32 -0.03321428571 0)
(1.345714286 -0.01316326531 0)
(1.345714286 -0.01489795918 0)
(1.345714286 -0.01663265306 0)
(1.345714286 -0.01836734694 0)
(1.345714286 -0.02010204082 0)
(1.345714286 -0.02183673469 0)
(1.345714286 -0.02357142857 0)
(1.345714286 -0.02530612245 0)
(1.345714286 -0.02704081633 0)
(1.345714286 -0.0287755102 0)
(1.345714286 -0.03051020408 0)
(1.345714286 -0.03224489796 0)
(1.345714286 -0.03397959184 0)
(1.371428571 -0.01454081633 0)
(1.371428571 -0.0162244898 0)
(1.371428571 -0.01790816327 0)
(1.371428571 -0.01959183673 0)
(1.371428571 -0.0212755102 0)
(1.371428571 -0.02295918367 0)
(1.371428571 -0.02464285714 0)
(1.371428571 -0.02632653061 0)
(1.371428571 -0.02801020408 0)
(1.371428571 -0.02969387755 0)
(1.371428571 -0.03137755102 0)
(1.371428571 -0.03306122449 0)
(1.371428571 -0.03474489796 0)
(1.397142857 -0.01591836735 0)
(1.397142857 -0.01755102041 0)
(1.397142857 -0.01918367347 0)
(1.397142857 -0.02081632653 0)
(1.397142857 -0.02244897959 0)
(1.397142857 -0.02408163265 0)
(1.397142857 -0.02571428571 0)
(1.397142857 -0.02734693878 0)
(1.397142857 -0.02897959184 0)
(1.397142857 -0.0306122449 0)
(1.397142857 -0.03224489796 0)
(1.397142857 -0.03387755102 0)
(1.397142857 -0.03551020408 0)
(1.422857143 -0.01729591837 0)
(1.422857143 -0.01887755102 0)
(1.422857143 -0.02045918367 0)
(1.422857143 -0.02204081633 0)
(1.422857143 -0.02362244898 0)
(1.422857143 -0.02520408163 0)
(1.422857143 -0.02678571429 0)
(1.422857143 -0.02836734694 0)
(1.422857143 -0.02994897959 0)
(1.422857143 -0.03153061224 0)
(1.422857143 -0.0331122449 0)
(1.422857143 -0.03469387755 0)
(1.422857143 -0.0362755102 0)
(1.215 0.2255229592 0)
(1.222857143 0.2240561224 0)
(1.230714286 0.2225892857 0)
(1.238571429 0.221122449 0)
(1.246428571 0.2196556122 0)
(1.254285714 0.2181887755 0)
(1.262142857 0.2167219388 0)
(1.27 0.215255102 0)
(1.277857143 0.2137882653 0)
(1.216428571 0.2051785714 0)
(1.224285714 0.2036734694 0)
(1.232142857 0.2021683673 0)
(1.24 0.2006632653 0)
(1.247857143 0.1991581633 0)
(1.255714286 0.1976530612 0)
(1.263571429 0.1961479592 0)
(1.217857143 0.1846811224 0)
(1.225714286 0.1831377551 0)
(1.233571429 0.1815943878 0)
(1.241428571 0.1800510204 0)
(1.249285714 0.1785076531 0)
(1.219285714 0.1640306122 0)
(1.227142857 0.1624489796 0)
(1.235 0.1608673469 0)
(1.212857143 0.1448469388 0)
(1.220714286 0.1432270408 0)
(1.21755102 0.1240561224 0)
(1.231887755 0.1415943878 0)
(1.24622449 0.1591326531 0)
(1.260561224 0.1766709184 0)
(1.274897959 0.1942091837 0)
(1.289234694 0.211747449 0)
(1.220816327 0.1241836735 0)
(1.235204082 0.1415816327 0)
(1.249591837 0.1589795918 0)
(1.263979592 0.176377551 0)
(1.278367347 0.1937755102 0)
(1.292755102 0.2111734694 0)
(1.224081633 0.1243112245 0)
(1.238520408 0.1415688776 0)
(1.252959184 0.1588265306 0)
(1.267397959 0.1760841837 0)
(1.281836735 0.1933418367 0)
(1.29627551 0.2105994898 0)
(1.227346939 0.1244387755 0)
(1.241836735 0.1415561224 0)
(1.256326531 0.1586734694 0)
(1.270816327 0.1757908163 0)
(1.285306122 0.1929081633 0)
(1.299795918 0.2100255102 0)
(1.216071429 0.1075892857 0)
(1.230612245 0.1245663265 0)
(1.245153061 0.1415433673 0)
(1.259693878 0.1585204082 0)
(1.274234694 0.175497449 0)
(1.28877551 0.1924744898 0)
(1.303316327 0.2094515306 0)
(1.219285714 0.1078571429 0)
(1.233877551 0.1246938776 0)
(1.248469388 0.1415306122 0)
(1.263061224 0.1583673469 0)
(1.277653061 0.1752040816 0)
(1.292244898 0.1920408163 0)
(1.306836735 0.208877551 0)
(1.2225 0.108125 0)
(1.237142857 0.1248214286 0)
(1.251785714 0.1415178571 0)
(1.266428571 0.1582142857 0)
(1.281071429 0.1749107143 0)
(1.295714286 0.1916071429 0)
(1.310357143 0.2083035714 0)
(1.225714286 0.1083928571 0)
(1.240408163 0.1249489796 0)
(1.255102041 0.141505102 0)
(1.269795918 0.1580612245 0)
(1.284489796 0.1746173469 0)
(1.299183673 0.1911734694 0)
(1.313877551 0.2077295918 0)
(1.214183673 0.09224489796 0)
(1.228928571 0.1086607143 0)
(1.243673469 0.1250765306 0)
(1.258418367 0.1414923469 0)
(1.273163265 0.1579081633 0)
(1.287908163 0.1743239796 0)
(1.302653061 0.1907397959 0)
(1.317397959 0.2071556122 0)
(1.217346939 0.09265306122 0)
(1.232142857 0.1089285714 0)
(1.246938776 0.1252040816 0)
(1.261734694 0.1414795918 0)
(1.276530612 0.157755102 0)
(1.291326531 0.1740306122 0)
(1.306122449 0.1903061224 0)
(1.320918367 0.2065816327 0)
(1.220510204 0.09306122449 0)
(1.235357143 0.1091964286 0)
(1.250204082 0.1253316327 0)
(1.26505102 0.1414668367 0)
(1.279897959 0.1576020408 0)
(1.294744898 0.1737372449 0)
(1.309591837 0.189872449 0)
(1.324438776 0.2060076531 0)
(1.223673469 0.09346938775 0)
(1.238571429 0.1094642857 0)
(1.253469388 0.1254591837 0)
(1.268367347 0.1414540816 0)
(1.283265306 0.1574489796 0)
(1.298163265 0.1734438776 0)
(1.313061224 0.1894387755 0)
(1.327959184 0.2054336735 0)
(1.226836735 0.09387755102 0)
(1.241785714 0.1097321429 0)
(1.256734694 0.1255867347 0)
(1.271683673 0.1414413265 0)
(1.286632653 0.1572959184 0)
(1.301581633 0.1731505102 0)
(1.316530612 0.189005102 0)
(1.331479592 0.2048596939 0)
(1.228928571 0.01142857143 0)
(1.253571429 0.01 0)
(1.278214286 0.008571428571 0)
(1.302857143 0.007142857143 0)
(1.3275 0.005714285714 0)
(1.352142857 0.004285714286 0)
(1.376785714 0.002857142857 0)
(1.401428571 0.001428571429 0)
(1.426071429 3.147091962e-14 0)
(1.217142857 0.02857142857 0)
(1.240714286 0.02714285714 0)
(1.264285714 0.02571428571 0)
(1.287857143 0.02428571429 0)
(1.311428571 0.02285714286 0)
(1.335 0.02142857143 0)
(1.358571429 0.02 0)
(1.382142857 0.01857142857 0)
(1.405714286 0.01714285714 0)
(1.429285714 0.01571428571 0)
(1.2075 0.04571428571 0)
(1.23 0.04428571429 0)
(1.2525 0.04285714286 0)
(1.275 0.04142857143 0)
(1.2975 0.04 0)
(1.32 0.03857142857 0)
(1.3425 0.03714285714 0)
(1.365 0.03571428571 0)
(1.3875 0.03428571429 0)
(1.41 0.03285714286 0)
(1.4325 0.03142857143 0)
(1.221428571 0.06142857143 0)
(1.242857143 0.06 0)
(1.264285714 0.05857142857 0)
(1.285714286 0.05714285714 0)
(1.307142857 0.05571428571 0)
(1.328571429 0.05428571429 0)
(1.35 0.05285714286 0)
(1.371428571 0.05142857143 0)
(1.392857143 0.05 0)
(1.414285714 0.04857142857 0)
(1.435714286 0.04714285714 0)
(1.235357143 0.07714285714 0)
(1.255714286 0.07571428571 0)
(1.276071429 0.07428571429 0)
(1.296428571 0.07285714286 0)
(1.316785714 0.07142857143 0)
(1.337142857 0.07 0)
(1.3575 0.06857142857 0)
(1.377857143 0.06714285714 0)
(1.398214286 0.06571428571 0)
(1.418571429 0.06428571429 0)
(1.249285714 0.09285714286 0)
(1.268571429 0.09142857143 0)
(1.287857143 0.09 0)
(1.307142857 0.08857142857 0)
(1.326428571 0.08714285714 0)
(1.345714286 0.08571428571 0)
(1.365 0.08428571429 0)
(1.384285714 0.08285714286 0)
(1.403571429 0.08142857143 0)
(1.422857143 0.08 0)
(1.263214286 0.1085714286 0)
(1.281428571 0.1071428571 0)
(1.299642857 0.1057142857 0)
(1.317857143 0.1042857143 0)
(1.336071429 0.1028571429 0)
(1.354285714 0.1014285714 0)
(1.3725 0.1 0)
(1.390714286 0.09857142857 0)
(1.408928571 0.09714285714 0)
(1.427142857 0.09571428571 0)
(1.277142857 0.1242857143 0)
(1.294285714 0.1228571429 0)
(1.311428571 0.1214285714 0)
(1.328571429 0.12 0)
(1.345714286 0.1185714286 0)
(1.362857143 0.1171428571 0)
(1.38 0.1157142857 0)
(1.397142857 0.1142857143 0)
(1.414285714 0.1128571429 0)
(1.431428571 0.1114285714 0)
(1.291071429 0.14 0)
(1.307142857 0.1385714286 0)
(1.323214286 0.1371428571 0)
(1.339285714 0.1357142857 0)
(1.355357143 0.1342857143 0)
(1.371428571 0.1328571429 0)
(1.3875 0.1314285714 0)
(1.403571429 0.13 0)
(1.419642857 0.1285714286 0)
(1.305 0.1557142857 0)
(1.32 0.1542857143 0)
(1.335 0.1528571429 0)
(1.35 0.1514285714 0)
(1.365 0.15 0)
(1.38 0.1485714286 0)
(1.395 0.1471428571 0)
(1.41 0.1457142857 0)
(1.425 0.1442857143 0)
(1.318928571 0.1714285714 0)
(1.332857143 0.17 0)
(1.346785714 0.1685714286 0)
(1.360714286 0.1671428571 0)
(1.374642857 0.1657142857 0)
(1.388571429 0.1642857143 0)
(1.4025 0.1628571429 0)
(1.416428571 0.1614285714 0)
(1.430357143 0.16 0)
(1.332857143 0.1871428571 0)
(1.345714286 0.1857142857 0)
(1.358571429 0.1842857143 0)
(1.371428571 0.1828571429 0)
(1.384285714 0.1814285714 0)
(1.397142857 0.18 0)
(1.41 0.1785714286 0)
(1.422857143 0.1771428571 0)
(1.346785714 0.2028571429 0)
(1.358571429 0.2014285714 0)
(1.370357143 0.2 0)
(1.382142857 0.1985714286 0)
(1.393928571 0.1971428571 0)
(1.405714286 0.1957142857 0)
(1.4175 0.1942857143 0)
(1.429285714 0.1928571429 0)
(1.213469388 -0.06239795918 0)
(1.21877551 -0.06591836735 0)
(1.224081633 -0.06943877551 0)
(1.229387755 -0.07295918367 0)
(1.234693878 -0.07647959184 0)
(1.211020408 -0.04530612245 0)
(1.215918367 -0.0487755102 0)
(1.220816327 -0.05224489796 0)
(1.225714286 -0.05571428571 0)
(1.230612245 -0.05918367347 0)
(1.235510204 -0.06265306122 0)
(1.240408163 -0.06612244898 0)
(1.245306122 -0.06959183673 0)
(1.250204082 -0.07306122449 0)
(1.255102041 -0.07653061224 0)
(1.221632653 -0.03556122449 0)
(1.226122449 -0.03897959184 0)
(1.230612245 -0.04239795918 0)
(1.235102041 -0.04581632653 0)
(1.239591837 -0.04923469388 0)
(1.244081633 -0.05265306122 0)
(1.248571429 -0.05607142857 0)
(1.253061224 -0.05948979592 0)
(1.25755102 -0.06290816327 0)
(1.262040816 -0.06632653061 0)
(1.266530612 -0.06974489796 0)
(1.271020408 -0.07316326531 0)
(1.275510204 -0.07658163265 0)
(1.246938776 -0.0362244898 0)
(1.251020408 -0.03959183673 0)
(1.255102041 -0.04295918367 0)
(1.259183673 -0.04632653061 0)
(1.263265306 -0.04969387755 0)
(1.267346939 -0.05306122449 0)
(1.271428571 -0.05642857143 0)
(1.275510204 -0.05979591837 0)
(1.279591837 -0.06316326531 0)
(1.283673469 -0.06653061224 0)
(1.287755102 -0.06989795918 0)
(1.291836735 -0.07326530612 0)
(1.295918367 -0.07663265306 0)
(1.272244898 -0.0368877551 0)
(1.275918367 -0.04020408163 0)
(1.279591837 -0.04352040816 0)
(1.283265306 -0.04683673469 0)
(1.286938776 -0.05015306122 0)
(1.290612245 -0.05346938776 0)
(1.294285714 -0.05678571429 0)
(1.297959184 -0.06010204082 0)
(1.301632653 -0.06341836735 0)
(1.305306122 -0.06673469388 0)
(1.308979592 -0.07005102041 0)
(1.312653061 -0.07336734694 0)
(1.316326531 -0.07668367347 0)
(1.29755102 -0.03755102041 0)
(1.300816327 -0.04081632653 0)
(1.304081633 -0.04408163265 0)
(1.307346939 -0.04734693878 0)
(1.310612245 -0.0506122449 0)
(1.313877551 -0.05387755102 0)
(1.317142857 -0.05714285714 0)
(1.320408163 -0.06040816327 0)
(1.323673469 -0.06367346939 0)
(1.326938776 -0.06693877551 0)
(1.330204082 -0.07020408163 0)
(1.333469388 -0.07346938776 0)
(1.336734694 -0.07673469388 0)
(1.322857143 -0.03821428571 0)
(1.325714286 -0.04142857143 0)
(1.328571429 -0.04464285714 0)
(1.331428571 -0.04785714286 0)
(1.334285714 -0.05107142857 0)
(1.337142857 -0.05428571429 0)
(1.34 -0.0575 0)
(1.342857143 -0.06071428571 0)
(1.345714286 -0.06392857143 0)
(1.348571429 -0.06714285714 0)
(1.351428571 -0.07035714286 0)
(1.354285714 -0.07357142857 0)
(1.357142857 -0.07678571429 0)
(1.348163265 -0.03887755102 0)
(1.350612245 -0.04204081633 0)
(1.353061224 -0.04520408163 0)
(1.355510204 -0.04836734694 0)
(1.357959184 -0.05153061224 0)
(1.360408163 -0.05469387755 0)
(1.362857143 -0.05785714286 0)
(1.365306122 -0.06102040816 0)
(1.367755102 -0.06418367347 0)
(1.370204082 -0.06734693878 0)
(1.372653061 -0.07051020408 0)
(1.375102041 -0.07367346939 0)
(1.37755102 -0.07683673469 0)
(1.373469388 -0.03954081633 0)
(1.375510204 -0.04265306122 0)
(1.37755102 -0.04576530612 0)
(1.379591837 -0.04887755102 0)
(1.381632653 -0.05198979592 0)
(1.383673469 -0.05510204082 0)
(1.385714286 -0.05821428571 0)
(1.387755102 -0.06132653061 0)
(1.389795918 -0.06443877551 0)
(1.391836735 -0.06755102041 0)
(1.393877551 -0.07066326531 0)
(1.395918367 -0.0737755102 0)
(1.397959184 -0.0768877551 0)
(1.39877551 -0.04020408163 0)
(1.400408163 -0.04326530612 0)
(1.402040816 -0.04632653061 0)
(1.403673469 -0.0493877551 0)
(1.405306122 -0.05244897959 0)
(1.406938776 -0.05551020408 0)
(1.408571429 -0.05857142857 0)
(1.410204082 -0.06163265306 0)
(1.411836735 -0.06469387755 0)
(1.413469388 -0.06775510204 0)
(1.415102041 -0.07081632653 0)
(1.416734694 -0.07387755102 0)
(1.418367347 -0.07693877551 0)
(1.424081633 -0.04086734694 0)
(1.425306122 -0.04387755102 0)
(1.426530612 -0.0468877551 0)
(1.427755102 -0.04989795918 0)
(1.428979592 -0.05290816327 0)
(1.430204082 -0.05591836735 0)
(1.431428571 -0.05892857143 0)
(1.432653061 -0.06193877551 0)
(1.433877551 -0.06494897959 0)
(1.435102041 -0.06795918367 0)
(1.221932934 -0.09056144235 0)
(1.222605235 -0.09267373082 0)
(1.223277536 -0.09478601929 0)
(1.223949837 -0.09689830776 0)
(1.222185388 -0.09665375837 0)
(1.224622138 -0.09901059622 0)
(1.222815704 -0.09873547816 0)
(1.225294439 -0.1011228847 0)
(1.22344602 -0.100817198 0)
(1.22596674 -0.1032351732 0)
(1.224076337 -0.1028989178 0)
(1.222185934 -0.1025626623 0)
(1.226639041 -0.1053474616 0)
(1.224706653 -0.1049806376 0)
(1.222774265 -0.1046138135 0)
(1.227311342 -0.1074597501 0)
(1.225336969 -0.1070623573 0)
(1.223362597 -0.1066649646 0)
(1.221926531 -0.1085531118 0)
(1.223944898 -0.1090041196 0)
(1.225963265 -0.1094551273 0)
(1.227981633 -0.1099061351 0)
(1.22191849 -0.1088180694 0)
(1.223938867 -0.1092921235 0)
(1.225959245 -0.1097661776 0)
(1.227979622 -0.1102402316 0)
(1.221910449 -0.1090830269 0)
(1.223932837 -0.1095801273 0)
(1.225955224 -0.1100772278 0)
(1.227977612 -0.1105743282 0)
(1.223926806 -0.1098681312 0)
(1.225951204 -0.110388278 0)
(1.227975602 -0.1109084247 0)
(1.223920776 -0.1101561351 0)
(1.225947184 -0.1106993282 0)
(1.227973592 -0.1112425212 0)
(1.223914745 -0.110444139 0)
(1.225943163 -0.1110103784 0)
(1.227971582 -0.1115766178 0)
(1.223908714 -0.1107321429 0)
(1.225939143 -0.1113214286 0)
(1.227969571 -0.1119107143 0)
(1.223902684 -0.1110201467 0)
(1.225935122 -0.1116324788 0)
(1.227967561 -0.1122448108 0)
(1.223896653 -0.1113081506 0)
(1.225931102 -0.111943529 0)
(1.227965551 -0.1125789073 0)
(1.223890622 -0.1115961545 0)
(1.225927082 -0.1122545792 0)
(1.227963541 -0.1129130039 0)
(1.223884592 -0.1118841584 0)
(1.225923061 -0.1125656294 0)
(1.227961531 -0.1132471004 0)
(1.223878561 -0.1121721622 0)
(1.225919041 -0.1128766796 0)
(1.22795952 -0.1135811969 0)
(1.223872531 -0.1124601661 0)
(1.22591502 -0.1131877298 0)
(1.22795751 -0.1139152935 0)
(1.240663265 -0.08209183673 0)
(1.241326531 -0.08418367347 0)
(1.241989796 -0.0862755102 0)
(1.242653061 -0.08836734694 0)
(1.243316327 -0.09045918367 0)
(1.243979592 -0.09255102041 0)
(1.244642857 -0.09464285714 0)
(1.245306122 -0.09673469388 0)
(1.245969388 -0.09882653061 0)
(1.246632653 -0.1009183673 0)
(1.247295918 -0.1030102041 0)
(1.247959184 -0.1051020408 0)
(1.248622449 -0.1071938776 0)
(1.260612245 -0.08204081633 0)
(1.26122449 -0.08408163265 0)
(1.261836735 -0.08612244898 0)
(1.26244898 -0.08816326531 0)
(1.263061224 -0.09020408163 0)
(1.263673469 -0.09224489796 0)
(1.264285714 -0.09428571429 0)
(1.264897959 -0.09632653061 0)
(1.265510204 -0.09836734694 0)
(1.266122449 -0.1004081633 0)
(1.266734694 -0.1024489796 0)
(1.267346939 -0.1044897959 0)
(1.267959184 -0.1065306122 0)
(1.280561224 -0.08198979592 0)
(1.281122449 -0.08397959184 0)
(1.281683673 -0.08596938776 0)
(1.282244898 -0.08795918367 0)
(1.282806122 -0.08994897959 0)
(1.283367347 -0.09193877551 0)
(1.283928571 -0.09392857143 0)
(1.284489796 -0.09591836735 0)
(1.28505102 -0.09790816327 0)
(1.285612245 -0.09989795918 0)
(1.286173469 -0.1018877551 0)
(1.286734694 -0.103877551 0)
(1.287295918 -0.1058673469 0)
(1.300510204 -0.08193877551 0)
(1.301020408 -0.08387755102 0)
(1.301530612 -0.08581632653 0)
(1.302040816 -0.08775510204 0)
(1.30255102 -0.08969387755 0)
(1.303061224 -0.09163265306 0)
(1.303571429 -0.09357142857 0)
(1.304081633 -0.09551020408 0)
(1.304591837 -0.09744897959 0)
(1.305102041 -0.0993877551 0)
(1.305612245 -0.1013265306 0)
(1.306122449 -0.1032653061 0)
(1.306632653 -0.1052040816 0)
(1.320459184 -0.0818877551 0)
(1.320918367 -0.0837755102 0)
(1.321377551 -0.08566326531 0)
(1.321836735 -0.08755102041 0)
(1.322295918 -0.08943877551 0)
(1.322755102 -0.09132653061 0)
(1.323214286 -0.09321428571 0)
(1.323673469 -0.09510204082 0)
(1.324132653 -0.09698979592 0)
(1.324591837 -0.09887755102 0)
(1.32505102 -0.1007653061 0)
(1.325510204 -0.1026530612 0)
(1.325969388 -0.1045408163 0)
(1.340408163 -0.08183673469 0)
(1.340816327 -0.08367346939 0)
(1.34122449 -0.08551020408 0)
(1.341632653 -0.08734693878 0)
(1.342040816 -0.08918367347 0)
(1.34244898 -0.09102040816 0)
(1.342857143 -0.09285714286 0)
(1.343265306 -0.09469387755 0)
(1.343673469 -0.09653061224 0)
(1.344081633 -0.09836734694 0)
(1.344489796 -0.1002040816 0)
(1.344897959 -0.1020408163 0)
(1.345306122 -0.103877551 0)
(1.360357143 -0.08178571429 0)
(1.360714286 -0.08357142857 0)
(1.361071429 -0.08535714286 0)
(1.361428571 -0.08714285714 0)
(1.361785714 -0.08892857143 0)
(1.362142857 -0.09071428571 0)
(1.3625 -0.0925 0)
(1.362857143 -0.09428571429 0)
(1.363214286 -0.09607142857 0)
(1.363571429 -0.09785714286 0)
(1.363928571 -0.09964285714 0)
(1.364285714 -0.1014285714 0)
(1.364642857 -0.1032142857 0)
(1.380306122 -0.08173469388 0)
(1.380612245 -0.08346938776 0)
(1.380918367 -0.08520408163 0)
(1.38122449 -0.08693877551 0)
(1.381530612 -0.08867346939 0)
(1.381836735 -0.09040816327 0)
(1.382142857 -0.09214285714 0)
(1.38244898 -0.09387755102 0)
(1.382755102 -0.0956122449 0)
(1.383061224 -0.09734693878 0)
(1.383367347 -0.09908163265 0)
(1.383673469 -0.1008163265 0)
(1.383979592 -0.1025510204 0)
(1.400255102 -0.08168367347 0)
(1.400510204 -0.08336734694 0)
(1.400765306 -0.08505102041 0)
(1.401020408 -0.08673469388 0)
(1.40127551 -0.08841836735 0)
(1.401530612 -0.09010204082 0)
(1.401785714 -0.09178571429 0)
(1.402040816 -0.09346938776 0)
(1.402295918 -0.09515306122 0)
(1.40255102 -0.09683673469 0)
(1.402806122 -0.09852040816 0)
(1.403061224 -0.1002040816 0)
(1.403316327 -0.1018877551 0)
(1.420204082 -0.08163265306 0)
(1.420408163 -0.08326530612 0)
(1.420612245 -0.08489795918 0)
(1.420816327 -0.08653061224 0)
(1.421020408 -0.08816326531 0)
(1.42122449 -0.08979591837 0)
(1.421428571 -0.09142857143 0)
(1.421632653 -0.09306122449 0)
(1.421836735 -0.09469387755 0)
(1.422040816 -0.09632653061 0)
(1.422244898 -0.09795918367 0)
(1.42244898 -0.09959183673 0)
(1.422653061 -0.1012244898 0)
(1.422857143 -0.1174489796 0)
(1.403571429 -0.1171683673 0)
(1.384285714 -0.1168877551 0)
(1.365 -0.1166071429 0)
(1.345714286 -0.1163265306 0)
(1.326428571 -0.1160459184 0)
(1.307142857 -0.1157653061 0)
(1.287857143 -0.1154846939 0)
(1.268571429 -0.1152040816 0)
(1.249285714 -0.1149234694 0)
(1.422857143 -0.1163265306 0)
(1.403571429 -0.116122449 0)
(1.384285714 -0.1159183673 0)
(1.365 -0.1157142857 0)
(1.345714286 -0.1155102041 0)
(1.326428571 -0.1153061224 0)
(1.307142857 -0.1151020408 0)
(1.287857143 -0.1148979592 0)
(1.268571429 -0.1146938776 0)
(1.249285714 -0.1144897959 0)
(1.422857143 -0.1152040816 0)
(1.403571429 -0.1150765306 0)
(1.384285714 -0.1149489796 0)
(1.365 -0.1148214286 0)
(1.345714286 -0.1146938776 0)
(1.326428571 -0.1145663265 0)
(1.307142857 -0.1144387755 0)
(1.287857143 -0.1143112245 0)
(1.268571429 -0.1141836735 0)
(1.249285714 -0.1140561224 0)
(1.422857143 -0.1140816327 0)
(1.403571429 -0.1140306122 0)
(1.384285714 -0.1139795918 0)
(1.365 -0.1139285714 0)
(1.345714286 -0.113877551 0)
(1.326428571 -0.1138265306 0)
(1.307142857 -0.1137755102 0)
(1.287857143 -0.1137244898 0)
(1.268571429 -0.1136734694 0)
(1.249285714 -0.113622449 0)
(1.422857143 -0.1129591837 0)
(1.403571429 -0.1129846939 0)
(1.384285714 -0.1130102041 0)
(1.365 -0.1130357143 0)
(1.345714286 -0.1130612245 0)
(1.326428571 -0.1130867347 0)
(1.307142857 -0.1131122449 0)
(1.287857143 -0.1131377551 0)
(1.268571429 -0.1131632653 0)
(1.249285714 -0.1131887755 0)
(1.422857143 -0.1118367347 0)
(1.403571429 -0.1119387755 0)
(1.384285714 -0.1120408163 0)
(1.365 -0.1121428571 0)
(1.345714286 -0.112244898 0)
(1.326428571 -0.1123469388 0)
(1.307142857 -0.1124489796 0)
(1.287857143 -0.1125510204 0)
(1.268571429 -0.1126530612 0)
(1.249285714 -0.112755102 0)
(1.422857143 -0.1107142857 0)
(1.403571429 -0.1108928571 0)
(1.384285714 -0.1110714286 0)
(1.365 -0.11125 0)
(1.345714286 -0.1114285714 0)
(1.326428571 -0.1116071429 0)
(1.307142857 -0.1117857143 0)
(1.287857143 -0.1119642857 0)
(1.268571429 -0.1121428571 0)
(1.249285714 -0.1123214286 0)
(1.422857143 -0.1095918367 0)
(1.403571429 -0.1098469388 0)
(1.384285714 -0.1101020408 0)
(1.365 -0.1103571429 0)
(1.345714286 -0.1106122449 0)
(1.326428571 -0.1108673469 0)
(1.307142857 -0.111122449 0)
(1.287857143 -0.111377551 0)
(1.268571429 -0.1116326531 0)
(1.249285714 -0.1118877551 0)
(1.422857143 -0.1084693878 0)
(1.403571429 -0.1088010204 0)
(1.384285714 -0.1091326531 0)
(1.365 -0.1094642857 0)
(1.345714286 -0.1097959184 0)
(1.326428571 -0.110127551 0)
(1.307142857 -0.1104591837 0)
(1.287857143 -0.1107908163 0)
(1.268571429 -0.111122449 0)
(1.249285714 -0.1114540816 0)
(1.422857143 -0.1073469388 0)
(1.403571429 -0.107755102 0)
(1.384285714 -0.1081632653 0)
(1.365 -0.1085714286 0)
(1.345714286 -0.1089795918 0)
(1.326428571 -0.1093877551 0)
(1.307142857 -0.1097959184 0)
(1.287857143 -0.1102040816 0)
(1.268571429 -0.1106122449 0)
(1.249285714 -0.1110204082 0)
(1.422857143 -0.1062244898 0)
(1.403571429 -0.1067091837 0)
(1.384285714 -0.1071938776 0)
(1.365 -0.1076785714 0)
(1.345714286 -0.1081632653 0)
(1.326428571 -0.1086479592 0)
(1.307142857 -0.1091326531 0)
(1.287857143 -0.1096173469 0)
(1.268571429 -0.1101020408 0)
(1.249285714 -0.1105867347 0)
(1.422857143 -0.1051020408 0)
(1.403571429 -0.1056632653 0)
(1.384285714 -0.1062244898 0)
(1.365 -0.1067857143 0)
(1.345714286 -0.1073469388 0)
(1.326428571 -0.1079081633 0)
(1.307142857 -0.1084693878 0)
(1.287857143 -0.1090306122 0)
(1.268571429 -0.1095918367 0)
(1.249285714 -0.1101530612 0)
(1.422857143 -0.1039795918 0)
(1.403571429 -0.1046173469 0)
(1.384285714 -0.105255102 0)
(1.365 -0.1058928571 0)
(1.345714286 -0.1065306122 0)
(1.326428571 -0.1071683673 0)
(1.307142857 -0.1078061224 0)
(1.287857143 -0.1084438776 0)
(1.268571429 -0.1090816327 0)
(1.249285714 -0.1097193878 0)
(1.221674464 -0.1934806179 0)
(1.222339571 -0.2027844943 0)
(1.223004679 -0.2120883707 0)
(1.223669786 -0.2213922471 0)
(1.224334893 -0.2306961236 0)
(1.221603867 -0.1567476471 0)
(1.222378041 -0.1659979086 0)
(1.223152214 -0.17524817 0)
(1.223926388 -0.1844984314 0)
(1.224700561 -0.1937486929 0)
(1.225474735 -0.2029989543 0)
(1.226248908 -0.2122492157 0)
(1.227023082 -0.2214994771 0)
(1.227797255 -0.2307497386 0)
(1.22154398 -0.1296402429 0)
(1.222427219 -0.1388368893 0)
(1.223310459 -0.1480335357 0)
(1.224193699 -0.1572301821 0)
(1.225076939 -0.1664268286 0)
(1.225960179 -0.175623475 0)
(1.226843418 -0.1848201214 0)
(1.227726658 -0.1940167679 0)
(1.228609898 -0.2032134143 0)
(1.229493138 -0.2124100607 0)
(1.230376378 -0.2216067071 0)
(1.231259617 -0.2308033536 0)
(1.222814306 -0.1211405914 0)
(1.223806612 -0.1302836229 0)
(1.224798918 -0.1394266543 0)
(1.225791224 -0.1485696857 0)
(1.226783531 -0.1577127171 0)
(1.227775837 -0.1668557486 0)
(1.228768143 -0.17599878 0)
(1.229760449 -0.1851418114 0)
(1.230752755 -0.1942848429 0)
(1.231745061 -0.2034278743 0)
(1.232737367 -0.2125709057 0)
(1.233729673 -0.2217139371 0)
(1.23472198 -0.2308569686 0)
(1.224967872 -0.1218375864 0)
(1.226069245 -0.1309270029 0)
(1.227170617 -0.1400164193 0)
(1.22827199 -0.1491058357 0)
(1.229373362 -0.1581952521 0)
(1.230474735 -0.1672846686 0)
(1.231576107 -0.176374085 0)
(1.23267748 -0.1854635014 0)
(1.233778852 -0.1945529179 0)
(1.234880224 -0.2036423343 0)
(1.235981597 -0.2127317507 0)
(1.237082969 -0.2218211671 0)
(1.238184342 -0.2309105836 0)
(1.227121439 -0.1225345814 0)
(1.228331878 -0.1315703829 0)
(1.229542316 -0.1406061843 0)
(1.230752755 -0.1496419857 0)
(1.231963194 -0.1586777871 0)
(1.233173633 -0.1677135886 0)
(1.234384071 -0.17674939 0)
(1.23559451 -0.1857851914 0)
(1.236804949 -0.1948209929 0)
(1.238015388 -0.2038567943 0)
(1.239225827 -0.2128925957 0)
(1.240436265 -0.2219283971 0)
(1.241646704 -0.2309641986 0)
(1.229275005 -0.1232315764 0)
(1.23059451 -0.1322137629 0)
(1.231914015 -0.1411959493 0)
(1.23323352 -0.1501781357 0)
(1.234553026 -0.1591603221 0)
(1.235872531 -0.1681425086 0)
(1.237192036 -0.177124695 0)
(1.238511541 -0.1861068814 0)
(1.239831046 -0.1950890679 0)
(1.241150551 -0.2040712543 0)
(1.242470056 -0.2130534407 0)
(1.243789561 -0.2220356271 0)
(1.245109066 -0.2310178136 0)
(1.250612245 -0.1244642857 0)
(1.251938776 -0.1335714286 0)
(1.253265306 -0.1426785714 0)
(1.254591837 -0.1517857143 0)
(1.255918367 -0.1608928571 0)
(1.257244898 -0.17 0)
(1.258571429 -0.1791071429 0)
(1.259897959 -0.1882142857 0)
(1.26122449 -0.1973214286 0)
(1.26255102 -0.2064285714 0)
(1.263877551 -0.2155357143 0)
(1.265204082 -0.2246428571 0)
(1.266530612 -0.23375 0)
(1.269795918 -0.125 0)
(1.271020408 -0.1342857143 0)
(1.272244898 -0.1435714286 0)
(1.273469388 -0.1528571429 0)
(1.274693878 -0.1621428571 0)
(1.275918367 -0.1714285714 0)
(1.277142857 -0.1807142857 0)
(1.278367347 -0.19 0)
(1.279591837 -0.1992857143 0)
(1.280816327 -0.2085714286 0)
(1.282040816 -0.2178571429 0)
(1.283265306 -0.2271428571 0)
(1.284489796 -0.2364285714 0)
(1.288979592 -0.1255357143 0)
(1.290102041 -0.135 0)
(1.29122449 -0.1444642857 0)
(1.292346939 -0.1539285714 0)
(1.293469388 -0.1633928571 0)
(1.294591837 -0.1728571429 0)
(1.295714286 -0.1823214286 0)
(1.296836735 -0.1917857143 0)
(1.297959184 -0.20125 0)
(1.299081633 -0.2107142857 0)
(1.300204082 -0.2201785714 0)
(1.301326531 -0.2296428571 0)
(1.30244898 -0.2391071429 0)
(1.308163265 -0.1260714286 0)
(1.309183673 -0.1357142857 0)
(1.310204082 -0.1453571429 0)
(1.31122449 -0.155 0)
(1.312244898 -0.1646428571 0)
(1.313265306 -0.1742857143 0)
(1.314285714 -0.1839285714 0)
(1.315306122 -0.1935714286 0)
(1.316326531 -0.2032142857 0)
(1.317346939 -0.2128571429 0)
(1.318367347 -0.2225 0)
(1.319387755 -0.2321428571 0)
(1.320408163 -0.2417857143 0)
(1.327346939 -0.1266071429 0)
(1.328265306 -0.1364285714 0)
(1.329183673 -0.14625 0)
(1.330102041 -0.1560714286 0)
(1.331020408 -0.1658928571 0)
(1.331938776 -0.1757142857 0)
(1.332857143 -0.1855357143 0)
(1.33377551 -0.1953571429 0)
(1.334693878 -0.2051785714 0)
(1.335612245 -0.215 0)
(1.336530612 -0.2248214286 0)
(1.33744898 -0.2346428571 0)
(1.338367347 -0.2444642857 0)
(1.346530612 -0.1271428571 0)
(1.347346939 -0.1371428571 0)
(1.348163265 -0.1471428571 0)
(1.348979592 -0.1571428571 0)
(1.349795918 -0.1671428571 0)
(1.350612245 -0.1771428571 0)
(1.351428571 -0.1871428571 0)
(1.352244898 -0.1971428571 0)
(1.353061224 -0.2071428571 0)
(1.353877551 -0.2171428571 0)
(1.354693878 -0.2271428571 0)
(1.355510204 -0.2371428571 0)
(1.356326531 -0.2471428571 0)
(1.365714286 -0.1276785714 0)
(1.366428571 -0.1378571429 0)
(1.367142857 -0.1480357143 0)
(1.367857143 -0.1582142857 0)
(1.368571429 -0.1683928571 0)
(1.369285714 -0.1785714286 0)
(1.37 -0.18875 0)
(1.370714286 -0.1989285714 0)
(1.371428571 -0.2091071429 0)
(1.372142857 -0.2192857143 0)
(1.372857143 -0.2294642857 0)
(1.373571429 -0.2396428571 0)
(1.374285714 -0.2498214286 0)
(1.384897959 -0.1282142857 0)
(1.385510204 -0.1385714286 0)
(1.386122449 -0.1489285714 0)
(1.386734694 -0.1592857143 0)
(1.387346939 -0.1696428571 0)
(1.387959184 -0.18 0)
(1.388571429 -0.1903571429 0)
(1.389183673 -0.2007142857 0)
(1.389795918 -0.2110714286 0)
(1.390408163 -0.2214285714 0)
(1.391020408 -0.2317857143 0)
(1.391632653 -0.2421428571 0)
(1.392244898 -0.2525 0)
(1.404081633 -0.12875 0)
(1.404591837 -0.1392857143 0)
(1.405102041 -0.1498214286 0)
(1.405612245 -0.1603571429 0)
(1.406122449 -0.1708928571 0)
(1.406632653 -0.1814285714 0)
(1.407142857 -0.1919642857 0)
(1.407653061 -0.2025 0)
(1.408163265 -0.2130357143 0)
(1.408673469 -0.2235714286 0)
(1.409183673 -0.2341071429 0)
(1.409693878 -0.2446428571 0)
(1.410204082 -0.2551785714 0)
(1.423265306 -0.1292857143 0)
(1.423673469 -0.14 0)
(1.424081633 -0.1507142857 0)
(1.424489796 -0.1614285714 0)
(1.424897959 -0.1721428571 0)
(1.425306122 -0.1828571429 0)
(1.425714286 -0.1935714286 0)
(1.426122449 -0.2042857143 0)
(1.426530612 -0.215 0)
(1.426938776 -0.2257142857 0)
(1.427346939 -0.2364285714 0)
(1.427755102 -0.2471428571 0)
(1.428163265 -0.2578571429 0)
(1.221326531 -1.26 0)
(1.227244898 -1.6 0)
(1.233163265 -1.94 0)
(1.239081633 -2.28 0)
(1.245 -2.62 0)
(1.250918367 -2.96 0)
(1.256836735 -3.3 0)
(1.262755102 -3.64 0)
(1.268673469 -3.98 0)
(1.274591837 -4.32 0)
(1.280510204 -4.66 0)
(1.220816327 -0.92 0)
(1.227653061 -1.26 0)
(1.234489796 -1.6 0)
(1.241326531 -1.94 0)
(1.248163265 -2.28 0)
(1.255 -2.62 0)
(1.261836735 -2.96 0)
(1.268673469 -3.3 0)
(1.275510204 -3.64 0)
(1.282346939 -3.98 0)
(1.289183673 -4.32 0)
(1.296020408 -4.66 0)
(1.218469388 -0.58 0)
(1.22622449 -0.92 0)
(1.233979592 -1.26 0)
(1.241734694 -1.6 0)
(1.249489796 -1.94 0)
(1.257244898 -2.28 0)
(1.265 -2.62 0)
(1.272755102 -2.96 0)
(1.280510204 -3.3 0)
(1.288265306 -3.64 0)
(1.296020408 -3.98 0)
(1.30377551 -4.32 0)
(1.311530612 -4.66 0)
(1.222959184 -0.58 0)
(1.231632653 -0.92 0)
(1.240306122 -1.26 0)
(1.248979592 -1.6 0)
(1.257653061 -1.94 0)
(1.266326531 -2.28 0)
(1.275 -2.62 0)
(1.283673469 -2.96 0)
(1.292346939 -3.3 0)
(1.301020408 -3.64 0)
(1.309693878 -3.98 0)
(1.318367347 -4.32 0)
(1.327040816 -4.66 0)
(1.22744898 -0.58 0)
(1.237040816 -0.92 0)
(1.246632653 -1.26 0)
(1.25622449 -1.6 0)
(1.265816327 -1.94 0)
(1.275408163 -2.28 0)
(1.285 -2.62 0)
(1.294591837 -2.96 0)
(1.304183673 -3.3 0)
(1.31377551 -3.64 0)
(1.323367347 -3.98 0)
(1.332959184 -4.32 0)
(1.34255102 -4.66 0)
(1.231938776 -0.58 0)
(1.24244898 -0.92 0)
(1.252959184 -1.26 0)
(1.263469388 -1.6 0)
(1.273979592 -1.94 0)
(1.284489796 -2.28 0)
(1.295 -2.62 0)
(1.305510204 -2.96 0)
(1.316020408 -3.3 0)
(1.326530612 -3.64 0)
(1.337040816 -3.98 0)
(1.34755102 -4.32 0)
(1.358061224 -4.66 0)
(1.236428571 -0.58 0)
(1.247857143 -0.92 0)
(1.259285714 -1.26 0)
(1.270714286 -1.6 0)
(1.282142857 -1.94 0)
(1.293571429 -2.28 0)
(1.305 -2.62 0)
(1.316428571 -2.96 0)
(1.327857143 -3.3 0)
(1.339285714 -3.64 0)
(1.350714286 -3.98 0)
(1.362142857 -4.32 0)
(1.373571429 -4.66 0)
(1.240918367 -0.58 0)
(1.253265306 -0.92 0)
(1.265612245 -1.26 0)
(1.277959184 -1.6 0)
(1.290306122 -1.94 0)
(1.302653061 -2.28 0)
(1.315 -2.62 0)
(1.327346939 -2.96 0)
(1.339693878 -3.3 0)
(1.352040816 -3.64 0)
(1.364387755 -3.98 0)
(1.376734694 -4.32 0)
(1.389081633 -4.66 0)
(1.245408163 -0.58 0)
(1.258673469 -0.92 0)
(1.271938776 -1.26 0)
(1.285204082 -1.6 0)
(1.298469388 -1.94 0)
(1.311734694 -2.28 0)
(1.325 -2.62 0)
(1.338265306 -2.96 0)
(1.351530612 -3.3 0)
(1.364795918 -3.64 0)
(1.378061224 -3.98 0)
(1.391326531 -4.32 0)
(1.404591837 -4.66 0)
(1.249897959 -0.58 0)
(1.264081633 -0.92 0)
(1.278265306 -1.26 0)
(1.29244898 -1.6 0)
(1.306632653 -1.94 0)
(1.320816327 -2.28 0)
(1.335 -2.62 0)
(1.349183673 -2.96 0)
(1.363367347 -3.3 0)
(1.37755102 -3.64 0)
(1.391734694 -3.98 0)
(1.405918367 -4.32 0)
(1.420102041 -4.66 0)
(1.254387755 -0.58 0)
(1.269489796 -0.92 0)
(1.284591837 -1.26 0)
(1.299693878 -1.6 0)
(1.314795918 -1.94 0)
(1.329897959 -2.28 0)
(1.345 -2.62 0)
(1.360102041 -2.96 0)
(1.375204082 -3.3 0)
(1.390306122 -3.64 0)
(1.405408163 -3.98 0)
(1.420510204 -4.32 0)
(1.435612245 -4.66 0)
(1.258877551 -0.58 0)
(1.274897959 -0.92 0)
(1.290918367 -1.26 0)
(1.306938776 -1.6 0)
(1.322959184 -1.94 0)
(1.338979592 -2.28 0)
(1.355 -2.62 0)
(1.371020408 -2.96 0)
(1.387040816 -3.3 0)
(1.403061224 -3.64 0)
(1.419081633 -3.98 0)
(1.435102041 -4.32 0)
(1.263367347 -0.58 0)
(1.280306122 -0.92 0)
(1.297244898 -1.26 0)
(1.314183673 -1.6 0)
(1.331122449 -1.94 0)
(1.348061224 -2.28 0)
(1.365 -2.62 0)
(1.381938776 -2.96 0)
(1.398877551 -3.3 0)
(1.415816327 -3.64 0)
(1.432755102 -3.98 0)
(1.184897959 0.6151530612 0)
(1.19122449 0.6131632653 0)
(1.19755102 0.6111734694 0)
(1.203877551 0.6091836735 0)
(1.210204082 0.6071938776 0)
(1.216530612 0.6052040816 0)
(1.222857143 0.6032142857 0)
(1.229183673 0.6012244898 0)
(1.235510204 0.5992346939 0)
(1.241836735 0.597244898 0)
(1.248163265 0.595255102 0)
(1.254489796 0.5932653061 0)
(1.260816327 0.5912755102 0)
(1.263367347 0.9524489796 0)
(1.269591837 0.9506122449 0)
(1.275816327 0.9487755102 0)
(1.282040816 0.9469387755 0)
(1.288265306 0.9451020408 0)
(1.294489796 0.9432653061 0)
(1.300714286 0.9414285714 0)
(1.306938776 0.9395918367 0)
(1.313163265 0.937755102 0)
(1.319387755 0.9359183673 0)
(1.325612245 0.9340816327 0)
(1.331836735 0.932244898 0)
(1.338061224 0.9304081633 0)
(1.341836735 1.289744898 0)
(1.347959184 1.288061224 0)
(1.354081633 1.286377551 0)
(1.360204082 1.284693878 0)
(1.366326531 1.283010204 0)
(1.37244898 1.281326531 0)
(1.378571429 1.279642857 0)
(1.384693878 1.277959184 0)
(1.390816327 1.27627551 0)
(1.396938776 1.274591837 0)
(1.403061224 1.272908163 0)
(1.409183673 1.27122449 0)
(1.415306122 1.269540816 0)
(1.420306122 1.627040816 0)
(1.426326531 1.625510204 0)
(1.432346939 1.623979592 0)
(1.438367347 1.62244898 0)
(1.444387755 1.620918367 0)
(1.450408163 1.619387755 0)
(1.456428571 1.617857143 0)
(1.46244898 1.616326531 0)
(1.428826531 1.266734694 0)
(1.43622449 1.265612245 0)
(1.443622449 1.264489796 0)
(1.451020408 1.263367347 0)
(1.458418367 1.262244898 0)
(1.351836735 0.9273469388 0)
(1.359387755 0.926122449 0)
(1.366938776 0.9248979592 0)
(1.374489796 0.9236734694 0)
(1.382040816 0.9224489796 0)
(1.389591837 0.9212244898 0)
(1.397142857 0.92 0)
(1.404693878 0.9187755102 0)
(1.412244898 0.9175510204 0)
(1.419795918 0.9163265306 0)
(1.427346939 0.9151020408 0)
(1.434897959 0.913877551 0)
(1.44244898 0.9126530612 0)
(1.274846939 0.5879591837 0)
(1.28255102 0.5866326531 0)
(1.290255102 0.5853061224 0)
(1.297959184 0.5839795918 0)
(1.305663265 0.5826530612 0)
(1.313367347 0.5813265306 0)
(1.321071429 0.58 0)
(1.32877551 0.5786734694 0)
(1.336479592 0.5773469388 0)
(1.344183673 0.5760204082 0)
(1.351887755 0.5746938776 0)
(1.359591837 0.5733673469 0)
(1.367295918 0.5720408163 0)
(1.169591837 4.665102041 0)
(1.256122449 4.664897959 0)
(1.233673469 4.329795918 0)
(1.21122449 3.994693878 0)
(1.18877551 3.659591837 0)
(1.342653061 4.664693878 0)
(1.314591837 4.329387755 0)
(1.286530612 3.994081633 0)
(1.258469388 3.65877551 0)
(1.230408163 3.323469388 0)
(1.202346939 2.988163265 0)
(1.429183673 4.664489796 0)
(1.395510204 4.328979592 0)
(1.361836735 3.993469388 0)
(1.328163265 3.657959184 0)
(1.294489796 3.32244898 0)
(1.260816327 2.986938776 0)
(1.227142857 2.651428571 0)
(1.193469388 2.315918367 0)
(1.476428571 4.328571429 0)
(1.437142857 3.992857143 0)
(1.397857143 3.657142857 0)
(1.358571429 3.321428571 0)
(1.319285714 2.985714286 0)
(1.28 2.65 0)
(1.240714286 2.314285714 0)
(1.201428571 1.978571429 0)
(1.46755102 3.656326531 0)
(1.422653061 3.320408163 0)
(1.377755102 2.984489796 0)
(1.332857143 2.648571429 0)
(1.287959184 2.312653061 0)
(1.243061224 1.976734694 0)
(1.198163265 1.640816327 0)
(1.43622449 2.983265306 0)
(1.385714286 2.647142857 0)
(1.335204082 2.311020408 0)
(1.284693878 1.974897959 0)
(1.234183673 1.63877551 0)
(1.183673469 1.302653061 0)
(1.438571429 2.645714286 0)
(1.38244898 2.309387755 0)
(1.326326531 1.973061224 0)
(1.270204082 1.636734694 0)
(1.214081633 1.300408163 0)
(1.429693878 2.307755102 0)
(1.367959184 1.97122449 0)
(1.30622449 1.634693878 0)
(1.244489796 1.298163265 0)
(1.182755102 0.9616326531 0)
(1.476938776 2.306122449 0)
(1.409591837 1.969387755 0)
(1.342244898 1.632653061 0)
(1.274897959 1.295918367 0)
(1.20755102 0.9591836735 0)
(1.45122449 1.96755102 0)
(1.378265306 1.630612245 0)
(1.305306122 1.293673469 0)
(1.232346939 0.9567346939 0)
(1.441326531 -0.6012244898 0)
(1.419642857 -0.5985714286 0)
(1.397959184 -0.5959183673 0)
(1.37627551 -0.5932653061 0)
(1.354591837 -0.5906122449 0)
(1.332908163 -0.5879591837 0)
(1.31122449 -0.5853061224 0)
(1.289540816 -0.5826530612 0)
(1.43877551 -0.9346938775 0)
(1.413265306 -0.932244898 0)
(1.387755102 -0.9297959184 0)
(1.362244898 -0.9273469388 0)
(1.336734694 -0.9248979592 0)
(1.31122449 -0.9224489796 0)
(1.450255102 -1.27122449 0)
(1.420918367 -1.268979592 0)
(1.391581633 -1.266734694 0)
(1.362244898 -1.264489796 0)
(1.332908163 -1.262244898 0)
(1.454081633 -1.608163265 0)
(1.420918367 -1.606122449 0)
(1.387755102 -1.604081633 0)
(1.354591837 -1.602040816 0)
(1.450255102 -1.945510204 0)
(1.413265306 -1.943673469 0)
(1.37627551 -1.941836735 0)
(1.43877551 -2.283265306 0)
(1.397959184 -2.281632653 0)
(1.419642857 -2.621428571 0)
(1.441326531 -2.96122449 0)
(1.463010204 -3.301020408 0)
(1.378673469 0.5700510204 0)
(1.382346939 0.5693877551 0)
(1.386020408 0.5687244898 0)
(1.389693878 0.5680612245 0)
(1.393367347 0.5673979592 0)
(1.397040816 0.5667346939 0)
(1.400714286 0.5660714286 0)
(1.404387755 0.5654081633 0)
(1.408061224 0.564744898 0)
(1.411734694 0.5640816327 0)
(1.415408163 0.5634183673 0)
(1.419081633 0.562755102 0)
(1.422755102 0.5620918367 0)
(1.45377551 0.9108163265 0)
(1.45755102 0.9102040816 0)
(1.461326531 0.9095918367 0)
(1.436785714 0.5601020408 0)
(1.447142857 0.5587755102 0)
(1.4575 0.5574489796 0)
(1.228673469 -4.660612245 0)
(1.223061224 -4.32122449 0)
(1.21744898 -3.981836735 0)
(1.246836735 -4.660306122 0)
(1.241530612 -4.320612245 0)
(1.23622449 -3.980918367 0)
(1.230918367 -3.64122449 0)
(1.225612245 -3.301530612 0)
(1.220306122 -2.961836735 0)
(1.215 -2.622142857 0)
(1.217142857 -0.006275510204 1)
(1.217142857 -0.008265306122 1)
(1.217142857 -0.01025510204 1)
(1.217142857 -0.01224489796 1)
(1.217142857 -0.01423469388 1)
(1.217142857 -0.0162244898 1)
(1.217142857 -0.01821428571 1)
(1.217142857 -0.02020408163 1)
(1.217142857 -0.02219387755 1)
(1.217142857 -0.02418367347 1)
(1.217142857 -0.02617346939 1)
(1.217142857 -0.02816326531 1)
(1.217142857 -0.03015306122 1)
(1.242857143 -0.007653061224 1)
(1.242857143 -0.009591836735 1)
(1.242857143 -0.01153061224 1)
(1.242857143 -0.01346938776 1)
(1.242857143 -0.01540816327 1)
(1.242857143 -0.01734693878 1)
(1.242857143 -0.01928571429 1)
(1.242857143 -0.0212244898 1)
(1.242857143 -0.02316326531 1)
(1.242857143 -0.02510204082 1)
(1.242857143 -0.02704081633 1)
(1.242857143 -0.02897959184 1)
(1.242857143 -0.03091836735 1)
(1.268571429 -0.009030612245 1)
(1.268571429 -0.01091836735 1)
(1.268571429 -0.01280612245 1)
(1.268571429 -0.01469387755 1)
(1.268571429 -0.01658163265 1)
(1.268571429 -0.01846938776 1)
(1.268571429 -0.02035714286 1)
(1.268571429 -0.02224489796 1)
(1.268571429 -0.02413265306 1)
(1.268571429 -0.02602040816 1)
(1.268571429 -0.02790816327 1)
(1.268571429 -0.02979591837 1)
(1.268571429 -0.03168367347 1)
(1.294285714 -0.01040816327 1)
(1.294285714 -0.01224489796 1)
(1.294285714 -0.01408163265 1)
(1.294285714 -0.01591836735 1)
(1.294285714 -0.01775510204 1)
(1.294285714 -0.01959183673 1)
(1.294285714 -0.02142857143 1)
(1.294285714 -0.02326530612 1)
(1.294285714 -0.02510204082 1)
(1.294285714 -0.02693877551 1)
(1.294285714 -0.0287755102 1)
(1.294285714 -0.0306122449 1)
(1.294285714 -0.03244897959 1)
(1.32 -0.01178571429 1)
(1.32 -0.01357142857 1)
(1.32 -0.01535714286 1)
(1.32 -0.01714285714 1)
(1.32 -0.01892857143 1)
(1.32 -0.02071428571 1)
(1.32 -0.0225 1)
(1.32 -0.02428571429 1)
(1.32 -0.02607142857 1)
(1.32 -0.02785714286 1)
(1.32 -0.02964285714 1)
(1.32 -0.03142857143 1)
(1.32 -0.03321428571 1)
(1.345714286 -0.01316326531 1)
(1.345714286 -0.01489795918 1)
(1.345714286 -0.01663265306 1)
(1.345714286 -0.01836734694 1)
(1.345714286 -0.02010204082 1)
(1.345714286 -0.02183673469 1)
(1.345714286 -0.02357142857 1)
(1.345714286 -0.02530612245 1)
(1.345714286 -0.02704081633 1)
(1.345714286 -0.0287755102 1)
(1.345714286 -0.03051020408 1)
(1.345714286 -0.03224489796 1)
(1.345714286 -0.03397959184 1)
(1.371428571 -0.01454081633 1)
(1.371428571 -0.0162244898 1)
(1.371428571 -0.01790816327 1)
(1.371428571 -0.01959183673 1)
(1.371428571 -0.0212755102 1)
(1.371428571 -0.02295918367 1)
(1.371428571 -0.02464285714 1)
(1.371428571 -0.02632653061 1)
(1.371428571 -0.02801020408 1)
(1.371428571 -0.02969387755 1)
(1.371428571 -0.03137755102 1)
(1.371428571 -0.03306122449 1)
(1.371428571 -0.03474489796 1)
(1.397142857 -0.01591836735 1)
(1.397142857 -0.01755102041 1)
(1.397142857 -0.01918367347 1)
(1.397142857 -0.02081632653 1)
(1.397142857 -0.02244897959 1)
(1.397142857 -0.02408163265 1)
(1.397142857 -0.02571428571 1)
(1.397142857 -0.02734693878 1)
(1.397142857 -0.02897959184 1)
(1.397142857 -0.0306122449 1)
(1.397142857 -0.03224489796 1)
(1.397142857 -0.03387755102 1)
(1.397142857 -0.03551020408 1)
(1.422857143 -0.01729591837 1)
(1.422857143 -0.01887755102 1)
(1.422857143 -0.02045918367 1)
(1.422857143 -0.02204081633 1)
(1.422857143 -0.02362244898 1)
(1.422857143 -0.02520408163 1)
(1.422857143 -0.02678571429 1)
(1.422857143 -0.02836734694 1)
(1.422857143 -0.02994897959 1)
(1.422857143 -0.03153061224 1)
(1.422857143 -0.0331122449 1)
(1.422857143 -0.03469387755 1)
(1.422857143 -0.0362755102 1)
(1.215 0.2255229592 1)
(1.222857143 0.2240561224 1)
(1.230714286 0.2225892857 1)
(1.238571429 0.221122449 1)
(1.246428571 0.2196556122 1)
(1.254285714 0.2181887755 1)
(1.262142857 0.2167219388 1)
(1.27 0.215255102 1)
(1.277857143 0.2137882653 1)
(1.216428571 0.2051785714 1)
(1.224285714 0.2036734694 1)
(1.232142857 0.2021683673 1)
(1.24 0.2006632653 1)
(1.247857143 0.1991581633 1)
(1.255714286 0.1976530612 1)
(1.263571429 0.1961479592 1)
(1.217857143 0.1846811224 1)
(1.225714286 0.1831377551 1)
(1.233571429 0.1815943878 1)
(1.241428571 0.1800510204 1)
(1.249285714 0.1785076531 1)
(1.219285714 0.1640306122 1)
(1.227142857 0.1624489796 1)
(1.235 0.1608673469 1)
(1.212857143 0.1448469388 1)
(1.220714286 0.1432270408 1)
(1.21755102 0.1240561224 1)
(1.231887755 0.1415943878 1)
(1.24622449 0.1591326531 1)
(1.260561224 0.1766709184 1)
(1.274897959 0.1942091837 1)
(1.289234694 0.211747449 1)
(1.220816327 0.1241836735 1)
(1.235204082 0.1415816327 1)
(1.249591837 0.1589795918 1)
(1.263979592 0.176377551 1)
(1.278367347 0.1937755102 1)
(1.292755102 0.2111734694 1)
(1.224081633 0.1243112245 1)
(1.238520408 0.1415688776 1)
(1.252959184 0.1588265306 1)
(1.267397959 0.1760841837 1)
(1.281836735 0.1933418367 1)
(1.29627551 0.2105994898 1)
(1.227346939 0.1244387755 1)
(1.241836735 0.1415561224 1)
(1.256326531 0.1586734694 1)
(1.270816327 0.1757908163 1)
(1.285306122 0.1929081633 1)
(1.299795918 0.2100255102 1)
(1.216071429 0.1075892857 1)
(1.230612245 0.1245663265 1)
(1.245153061 0.1415433673 1)
(1.259693878 0.1585204082 1)
(1.274234694 0.175497449 1)
(1.28877551 0.1924744898 1)
(1.303316327 0.2094515306 1)
(1.219285714 0.1078571429 1)
(1.233877551 0.1246938776 1)
(1.248469388 0.1415306122 1)
(1.263061224 0.1583673469 1)
(1.277653061 0.1752040816 1)
(1.292244898 0.1920408163 1)
(1.306836735 0.208877551 1)
(1.2225 0.108125 1)
(1.237142857 0.1248214286 1)
(1.251785714 0.1415178571 1)
(1.266428571 0.1582142857 1)
(1.281071429 0.1749107143 1)
(1.295714286 0.1916071429 1)
(1.310357143 0.2083035714 1)
(1.225714286 0.1083928571 1)
(1.240408163 0.1249489796 1)
(1.255102041 0.141505102 1)
(1.269795918 0.1580612245 1)
(1.284489796 0.1746173469 1)
(1.299183673 0.1911734694 1)
(1.313877551 0.2077295918 1)
(1.214183673 0.09224489796 1)
(1.228928571 0.1086607143 1)
(1.243673469 0.1250765306 1)
(1.258418367 0.1414923469 1)
(1.273163265 0.1579081633 1)
(1.287908163 0.1743239796 1)
(1.302653061 0.1907397959 1)
(1.317397959 0.2071556122 1)
(1.217346939 0.09265306122 1)
(1.232142857 0.1089285714 1)
(1.246938776 0.1252040816 1)
(1.261734694 0.1414795918 1)
(1.276530612 0.157755102 1)
(1.291326531 0.1740306122 1)
(1.306122449 0.1903061224 1)
(1.320918367 0.2065816327 1)
(1.220510204 0.09306122449 1)
(1.235357143 0.1091964286 1)
(1.250204082 0.1253316327 1)
(1.26505102 0.1414668367 1)
(1.279897959 0.1576020408 1)
(1.294744898 0.1737372449 1)
(1.309591837 0.189872449 1)
(1.324438776 0.2060076531 1)
(1.223673469 0.09346938775 1)
(1.238571429 0.1094642857 1)
(1.253469388 0.1254591837 1)
(1.268367347 0.1414540816 1)
(1.283265306 0.1574489796 1)
(1.298163265 0.1734438776 1)
(1.313061224 0.1894387755 1)
(1.327959184 0.2054336735 1)
(1.226836735 0.09387755102 1)
(1.241785714 0.1097321429 1)
(1.256734694 0.1255867347 1)
(1.271683673 0.1414413265 1)
(1.286632653 0.1572959184 1)
(1.301581633 0.1731505102 1)
(1.316530612 0.189005102 1)
(1.331479592 0.2048596939 1)
(1.228928571 0.01142857143 1)
(1.253571429 0.01 1)
(1.278214286 0.008571428571 1)
(1.302857143 0.007142857143 1)
(1.3275 0.005714285714 1)
(1.352142857 0.004285714286 1)
(1.376785714 0.002857142857 1)
(1.401428571 0.001428571429 1)
(1.426071429 3.147091962e-14 1)
(1.217142857 0.02857142857 1)
(1.240714286 0.02714285714 1)
(1.264285714 0.02571428571 1)
(1.287857143 0.02428571429 1)
(1.311428571 0.02285714286 1)
(1.335 0.02142857143 1)
(1.358571429 0.02 1)
(1.382142857 0.01857142857 1)
(1.405714286 0.01714285714 1)
(1.429285714 0.01571428571 1)
(1.2075 0.04571428571 1)
(1.23 0.04428571429 1)
(1.2525 0.04285714286 1)
(1.275 0.04142857143 1)
(1.2975 0.04 1)
(1.32 0.03857142857 1)
(1.3425 0.03714285714 1)
(1.365 0.03571428571 1)
(1.3875 0.03428571429 1)
(1.41 0.03285714286 1)
(1.4325 0.03142857143 1)
(1.221428571 0.06142857143 1)
(1.242857143 0.06 1)
(1.264285714 0.05857142857 1)
(1.285714286 0.05714285714 1)
(1.307142857 0.05571428571 1)
(1.328571429 0.05428571429 1)
(1.35 0.05285714286 1)
(1.371428571 0.05142857143 1)
(1.392857143 0.05 1)
(1.414285714 0.04857142857 1)
(1.435714286 0.04714285714 1)
(1.235357143 0.07714285714 1)
(1.255714286 0.07571428571 1)
(1.276071429 0.07428571429 1)
(1.296428571 0.07285714286 1)
(1.316785714 0.07142857143 1)
(1.337142857 0.07 1)
(1.3575 0.06857142857 1)
(1.377857143 0.06714285714 1)
(1.398214286 0.06571428571 1)
(1.418571429 0.06428571429 1)
(1.249285714 0.09285714286 1)
(1.268571429 0.09142857143 1)
(1.287857143 0.09 1)
(1.307142857 0.08857142857 1)
(1.326428571 0.08714285714 1)
(1.345714286 0.08571428571 1)
(1.365 0.08428571429 1)
(1.384285714 0.08285714286 1)
(1.403571429 0.08142857143 1)
(1.422857143 0.08 1)
(1.263214286 0.1085714286 1)
(1.281428571 0.1071428571 1)
(1.299642857 0.1057142857 1)
(1.317857143 0.1042857143 1)
(1.336071429 0.1028571429 1)
(1.354285714 0.1014285714 1)
(1.3725 0.1 1)
(1.390714286 0.09857142857 1)
(1.408928571 0.09714285714 1)
(1.427142857 0.09571428571 1)
(1.277142857 0.1242857143 1)
(1.294285714 0.1228571429 1)
(1.311428571 0.1214285714 1)
(1.328571429 0.12 1)
(1.345714286 0.1185714286 1)
(1.362857143 0.1171428571 1)
(1.38 0.1157142857 1)
(1.397142857 0.1142857143 1)
(1.414285714 0.1128571429 1)
(1.431428571 0.1114285714 1)
(1.291071429 0.14 1)
(1.307142857 0.1385714286 1)
(1.323214286 0.1371428571 1)
(1.339285714 0.1357142857 1)
(1.355357143 0.1342857143 1)
(1.371428571 0.1328571429 1)
(1.3875 0.1314285714 1)
(1.403571429 0.13 1)
(1.419642857 0.1285714286 1)
(1.305 0.1557142857 1)
(1.32 0.1542857143 1)
(1.335 0.1528571429 1)
(1.35 0.1514285714 1)
(1.365 0.15 1)
(1.38 0.1485714286 1)
(1.395 0.1471428571 1)
(1.41 0.1457142857 1)
(1.425 0.1442857143 1)
(1.318928571 0.1714285714 1)
(1.332857143 0.17 1)
(1.346785714 0.1685714286 1)
(1.360714286 0.1671428571 1)
(1.374642857 0.1657142857 1)
(1.388571429 0.1642857143 1)
(1.4025 0.1628571429 1)
(1.416428571 0.1614285714 1)
(1.430357143 0.16 1)
(1.332857143 0.1871428571 1)
(1.345714286 0.1857142857 1)
(1.358571429 0.1842857143 1)
(1.371428571 0.1828571429 1)
(1.384285714 0.1814285714 1)
(1.397142857 0.18 1)
(1.41 0.1785714286 1)
(1.422857143 0.1771428571 1)
(1.346785714 0.2028571429 1)
(1.358571429 0.2014285714 1)
(1.370357143 0.2 1)
(1.382142857 0.1985714286 1)
(1.393928571 0.1971428571 1)
(1.405714286 0.1957142857 1)
(1.4175 0.1942857143 1)
(1.429285714 0.1928571429 1)
(1.213469388 -0.06239795918 1)
(1.21877551 -0.06591836735 1)
(1.224081633 -0.06943877551 1)
(1.229387755 -0.07295918367 1)
(1.234693878 -0.07647959184 1)
(1.211020408 -0.04530612245 1)
(1.215918367 -0.0487755102 1)
(1.220816327 -0.05224489796 1)
(1.225714286 -0.05571428571 1)
(1.230612245 -0.05918367347 1)
(1.235510204 -0.06265306122 1)
(1.240408163 -0.06612244898 1)
(1.245306122 -0.06959183673 1)
(1.250204082 -0.07306122449 1)
(1.255102041 -0.07653061224 1)
(1.221632653 -0.03556122449 1)
(1.226122449 -0.03897959184 1)
(1.230612245 -0.04239795918 1)
(1.235102041 -0.04581632653 1)
(1.239591837 -0.04923469388 1)
(1.244081633 -0.05265306122 1)
(1.248571429 -0.05607142857 1)
(1.253061224 -0.05948979592 1)
(1.25755102 -0.06290816327 1)
(1.262040816 -0.06632653061 1)
(1.266530612 -0.06974489796 1)
(1.271020408 -0.07316326531 1)
(1.275510204 -0.07658163265 1)
(1.246938776 -0.0362244898 1)
(1.251020408 -0.03959183673 1)
(1.255102041 -0.04295918367 1)
(1.259183673 -0.04632653061 1)
(1.263265306 -0.04969387755 1)
(1.267346939 -0.05306122449 1)
(1.271428571 -0.05642857143 1)
(1.275510204 -0.05979591837 1)
(1.279591837 -0.06316326531 1)
(1.283673469 -0.06653061224 1)
(1.287755102 -0.06989795918 1)
(1.291836735 -0.07326530612 1)
(1.295918367 -0.07663265306 1)
(1.272244898 -0.0368877551 1)
(1.275918367 -0.04020408163 1)
(1.279591837 -0.04352040816 1)
(1.283265306 -0.04683673469 1)
(1.286938776 -0.05015306122 1)
(1.290612245 -0.05346938776 1)
(1.294285714 -0.05678571429 1)
(1.297959184 -0.06010204082 1)
(1.301632653 -0.06341836735 1)
(1.305306122 -0.06673469388 1)
(1.308979592 -0.07005102041 1)
(1.312653061 -0.07336734694 1)
(1.316326531 -0.07668367347 1)
(1.29755102 -0.03755102041 1)
(1.300816327 -0.04081632653 1)
(1.304081633 -0.04408163265 1)
(1.307346939 -0.04734693878 1)
(1.310612245 -0.0506122449 1)
(1.313877551 -0.05387755102 1)
(1.317142857 -0.05714285714 1)
(1.320408163 -0.06040816327 1)
(1.323673469 -0.06367346939 1)
(1.326938776 -0.06693877551 1)
(1.330204082 -0.07020408163 1)
(1.333469388 -0.07346938776 1)
(1.336734694 -0.07673469388 1)
(1.322857143 -0.03821428571 1)
(1.325714286 -0.04142857143 1)
(1.328571429 -0.04464285714 1)
(1.331428571 -0.04785714286 1)
(1.334285714 -0.05107142857 1)
(1.337142857 -0.05428571429 1)
(1.34 -0.0575 1)
(1.342857143 -0.06071428571 1)
(1.345714286 -0.06392857143 1)
(1.348571429 -0.06714285714 1)
(1.351428571 -0.07035714286 1)
(1.354285714 -0.07357142857 1)
(1.357142857 -0.07678571429 1)
(1.348163265 -0.03887755102 1)
(1.350612245 -0.04204081633 1)
(1.353061224 -0.04520408163 1)
(1.355510204 -0.04836734694 1)
(1.357959184 -0.05153061224 1)
(1.360408163 -0.05469387755 1)
(1.362857143 -0.05785714286 1)
(1.365306122 -0.06102040816 1)
(1.367755102 -0.06418367347 1)
(1.370204082 -0.06734693878 1)
(1.372653061 -0.07051020408 1)
(1.375102041 -0.07367346939 1)
(1.37755102 -0.07683673469 1)
(1.373469388 -0.03954081633 1)
(1.375510204 -0.04265306122 1)
(1.37755102 -0.04576530612 1)
(1.379591837 -0.04887755102 1)
(1.381632653 -0.05198979592 1)
(1.383673469 -0.05510204082 1)
(1.385714286 -0.05821428571 1)
(1.387755102 -0.06132653061 1)
(1.389795918 -0.06443877551 1)
(1.391836735 -0.06755102041 1)
(1.393877551 -0.07066326531 1)
(1.395918367 -0.0737755102 1)
(1.397959184 -0.0768877551 1)
(1.39877551 -0.04020408163 1)
(1.400408163 -0.04326530612 1)
(1.402040816 -0.04632653061 1)
(1.403673469 -0.0493877551 1)
(1.405306122 -0.05244897959 1)
(1.406938776 -0.05551020408 1)
(1.408571429 -0.05857142857 1)
(1.410204082 -0.06163265306 1)
(1.411836735 -0.06469387755 1)
(1.413469388 -0.06775510204 1)
(1.415102041 -0.07081632653 1)
(1.416734694 -0.07387755102 1)
(1.418367347 -0.07693877551 1)
(1.424081633 -0.04086734694 1)
(1.425306122 -0.04387755102 1)
(1.426530612 -0.0468877551 1)
(1.427755102 -0.04989795918 1)
(1.428979592 -0.05290816327 1)
(1.430204082 -0.05591836735 1)
(1.431428571 -0.05892857143 1)
(1.432653061 -0.06193877551 1)
(1.433877551 -0.06494897959 1)
(1.435102041 -0.06795918367 1)
(1.221932934 -0.09056144235 1)
(1.222605235 -0.09267373082 1)
(1.223277536 -0.09478601929 1)
(1.223949837 -0.09689830776 1)
(1.222185388 -0.09665375837 1)
(1.224622138 -0.09901059622 1)
(1.222815704 -0.09873547816 1)
(1.225294439 -0.1011228847 1)
(1.22344602 -0.100817198 1)
(1.22596674 -0.1032351732 1)
(1.224076337 -0.1028989178 1)
(1.222185934 -0.1025626623 1)
(1.226639041 -0.1053474616 1)
(1.224706653 -0.1049806376 1)
(1.222774265 -0.1046138135 1)
(1.227311342 -0.1074597501 1)
(1.225336969 -0.1070623573 1)
(1.223362597 -0.1066649646 1)
(1.221926531 -0.1085531118 1)
(1.223944898 -0.1090041196 1)
(1.225963265 -0.1094551273 1)
(1.227981633 -0.1099061351 1)
(1.22191849 -0.1088180694 1)
(1.223938867 -0.1092921235 1)
(1.225959245 -0.1097661776 1)
(1.227979622 -0.1102402316 1)
(1.221910449 -0.1090830269 1)
(1.223932837 -0.1095801273 1)
(1.225955224 -0.1100772278 1)
(1.227977612 -0.1105743282 1)
(1.223926806 -0.1098681312 1)
(1.225951204 -0.110388278 1)
(1.227975602 -0.1109084247 1)
(1.223920776 -0.1101561351 1)
(1.225947184 -0.1106993282 1)
(1.227973592 -0.1112425212 1)
(1.223914745 -0.110444139 1)
(1.225943163 -0.1110103784 1)
(1.227971582 -0.1115766178 1)
(1.223908714 -0.1107321429 1)
(1.225939143 -0.1113214286 1)
(1.227969571 -0.1119107143 1)
(1.223902684 -0.1110201467 1)
(1.225935122 -0.1116324788 1)
(1.227967561 -0.1122448108 1)
(1.223896653 -0.1113081506 1)
(1.225931102 -0.111943529 1)
(1.227965551 -0.1125789073 1)
(1.223890622 -0.1115961545 1)
(1.225927082 -0.1122545792 1)
(1.227963541 -0.1129130039 1)
(1.223884592 -0.1118841584 1)
(1.225923061 -0.1125656294 1)
(1.227961531 -0.1132471004 1)
(1.223878561 -0.1121721622 1)
(1.225919041 -0.1128766796 1)
(1.22795952 -0.1135811969 1)
(1.223872531 -0.1124601661 1)
(1.22591502 -0.1131877298 1)
(1.22795751 -0.1139152935 1)
(1.240663265 -0.08209183673 1)
(1.241326531 -0.08418367347 1)
(1.241989796 -0.0862755102 1)
(1.242653061 -0.08836734694 1)
(1.243316327 -0.09045918367 1)
(1.243979592 -0.09255102041 1)
(1.244642857 -0.09464285714 1)
(1.245306122 -0.09673469388 1)
(1.245969388 -0.09882653061 1)
(1.246632653 -0.1009183673 1)
(1.247295918 -0.1030102041 1)
(1.247959184 -0.1051020408 1)
(1.248622449 -0.1071938776 1)
(1.260612245 -0.08204081633 1)
(1.26122449 -0.08408163265 1)
(1.261836735 -0.08612244898 1)
(1.26244898 -0.08816326531 1)
(1.263061224 -0.09020408163 1)
(1.263673469 -0.09224489796 1)
(1.264285714 -0.09428571429 1)
(1.264897959 -0.09632653061 1)
(1.265510204 -0.09836734694 1)
(1.266122449 -0.1004081633 1)
(1.266734694 -0.1024489796 1)
(1.267346939 -0.1044897959 1)
(1.267959184 -0.1065306122 1)
(1.280561224 -0.08198979592 1)
(1.281122449 -0.08397959184 1)
(1.281683673 -0.08596938776 1)
(1.282244898 -0.08795918367 1)
(1.282806122 -0.08994897959 1)
(1.283367347 -0.09193877551 1)
(1.283928571 -0.09392857143 1)
(1.284489796 -0.09591836735 1)
(1.28505102 -0.09790816327 1)
(1.285612245 -0.09989795918 1)
(1.286173469 -0.1018877551 1)
(1.286734694 -0.103877551 1)
(1.287295918 -0.1058673469 1)
(1.300510204 -0.08193877551 1)
(1.301020408 -0.08387755102 1)
(1.301530612 -0.08581632653 1)
(1.302040816 -0.08775510204 1)
(1.30255102 -0.08969387755 1)
(1.303061224 -0.09163265306 1)
(1.303571429 -0.09357142857 1)
(1.304081633 -0.09551020408 1)
(1.304591837 -0.09744897959 1)
(1.305102041 -0.0993877551 1)
(1.305612245 -0.1013265306 1)
(1.306122449 -0.1032653061 1)
(1.306632653 -0.1052040816 1)
(1.320459184 -0.0818877551 1)
(1.320918367 -0.0837755102 1)
(1.321377551 -0.08566326531 1)
(1.321836735 -0.08755102041 1)
(1.322295918 -0.08943877551 1)
(1.322755102 -0.09132653061 1)
(1.323214286 -0.09321428571 1)
(1.323673469 -0.09510204082 1)
(1.324132653 -0.09698979592 1)
(1.324591837 -0.09887755102 1)
(1.32505102 -0.1007653061 1)
(1.325510204 -0.1026530612 1)
(1.325969388 -0.1045408163 1)
(1.340408163 -0.08183673469 1)
(1.340816327 -0.08367346939 1)
(1.34122449 -0.08551020408 1)
(1.341632653 -0.08734693878 1)
(1.342040816 -0.08918367347 1)
(1.34244898 -0.09102040816 1)
(1.342857143 -0.09285714286 1)
(1.343265306 -0.09469387755 1)
(1.343673469 -0.09653061224 1)
(1.344081633 -0.09836734694 1)
(1.344489796 -0.1002040816 1)
(1.344897959 -0.1020408163 1)
(1.345306122 -0.103877551 1)
(1.360357143 -0.08178571429 1)
(1.360714286 -0.08357142857 1)
(1.361071429 -0.08535714286 1)
(1.361428571 -0.08714285714 1)
(1.361785714 -0.08892857143 1)
(1.362142857 -0.09071428571 1)
(1.3625 -0.0925 1)
(1.362857143 -0.09428571429 1)
(1.363214286 -0.09607142857 1)
(1.363571429 -0.09785714286 1)
(1.363928571 -0.09964285714 1)
(1.364285714 -0.1014285714 1)
(1.364642857 -0.1032142857 1)
(1.380306122 -0.08173469388 1)
(1.380612245 -0.08346938776 1)
(1.380918367 -0.08520408163 1)
(1.38122449 -0.08693877551 1)
(1.381530612 -0.08867346939 1)
(1.381836735 -0.09040816327 1)
(1.382142857 -0.09214285714 1)
(1.38244898 -0.09387755102 1)
(1.382755102 -0.0956122449 1)
(1.383061224 -0.09734693878 1)
(1.383367347 -0.09908163265 1)
(1.383673469 -0.1008163265 1)
(1.383979592 -0.1025510204 1)
(1.400255102 -0.08168367347 1)
(1.400510204 -0.08336734694 1)
(1.400765306 -0.08505102041 1)
(1.401020408 -0.08673469388 1)
(1.40127551 -0.08841836735 1)
(1.401530612 -0.09010204082 1)
(1.401785714 -0.09178571429 1)
(1.402040816 -0.09346938776 1)
(1.402295918 -0.09515306122 1)
(1.40255102 -0.09683673469 1)
(1.402806122 -0.09852040816 1)
(1.403061224 -0.1002040816 1)
(1.403316327 -0.1018877551 1)
(1.420204082 -0.08163265306 1)
(1.420408163 -0.08326530612 1)
(1.420612245 -0.08489795918 1)
(1.420816327 -0.08653061224 1)
(1.421020408 -0.08816326531 1)
(1.42122449 -0.08979591837 1)
(1.421428571 -0.09142857143 1)
(1.421632653 -0.09306122449 1)
(1.421836735 -0.09469387755 1)
(1.422040816 -0.09632653061 1)
(1.422244898 -0.09795918367 1)
(1.42244898 -0.09959183673 1)
(1.422653061 -0.1012244898 1)
(1.422857143 -0.1174489796 1)
(1.403571429 -0.1171683673 1)
(1.384285714 -0.1168877551 1)
(1.365 -0.1166071429 1)
(1.345714286 -0.1163265306 1)
(1.326428571 -0.1160459184 1)
(1.307142857 -0.1157653061 1)
(1.287857143 -0.1154846939 1)
(1.268571429 -0.1152040816 1)
(1.249285714 -0.1149234694 1)
(1.422857143 -0.1163265306 1)
(1.403571429 -0.116122449 1)
(1.384285714 -0.1159183673 1)
(1.365 -0.1157142857 1)
(1.345714286 -0.1155102041 1)
(1.326428571 -0.1153061224 1)
(1.307142857 -0.1151020408 1)
(1.287857143 -0.1148979592 1)
(1.268571429 -0.1146938776 1)
(1.249285714 -0.1144897959 1)
(1.422857143 -0.1152040816 1)
(1.403571429 -0.1150765306 1)
(1.384285714 -0.1149489796 1)
(1.365 -0.1148214286 1)
(1.345714286 -0.1146938776 1)
(1.326428571 -0.1145663265 1)
(1.307142857 -0.1144387755 1)
(1.287857143 -0.1143112245 1)
(1.268571429 -0.1141836735 1)
(1.249285714 -0.1140561224 1)
(1.422857143 -0.1140816327 1)
(1.403571429 -0.1140306122 1)
(1.384285714 -0.1139795918 1)
(1.365 -0.1139285714 1)
(1.345714286 -0.113877551 1)
(1.326428571 -0.1138265306 1)
(1.307142857 -0.1137755102 1)
(1.287857143 -0.1137244898 1)
(1.268571429 -0.1136734694 1)
(1.249285714 -0.113622449 1)
(1.422857143 -0.1129591837 1)
(1.403571429 -0.1129846939 1)
(1.384285714 -0.1130102041 1)
(1.365 -0.1130357143 1)
(1.345714286 -0.1130612245 1)
(1.326428571 -0.1130867347 1)
(1.307142857 -0.1131122449 1)
(1.287857143 -0.1131377551 1)
(1.268571429 -0.1131632653 1)
(1.249285714 -0.1131887755 1)
(1.422857143 -0.1118367347 1)
(1.403571429 -0.1119387755 1)
(1.384285714 -0.1120408163 1)
(1.365 -0.1121428571 1)
(1.345714286 -0.112244898 1)
(1.326428571 -0.1123469388 1)
(1.307142857 -0.1124489796 1)
(1.287857143 -0.1125510204 1)
(1.268571429 -0.1126530612 1)
(1.249285714 -0.112755102 1)
(1.422857143 -0.1107142857 1)
(1.403571429 -0.1108928571 1)
(1.384285714 -0.1110714286 1)
(1.365 -0.11125 1)
(1.345714286 -0.1114285714 1)
(1.326428571 -0.1116071429 1)
(1.307142857 -0.1117857143 1)
(1.287857143 -0.1119642857 1)
(1.268571429 -0.1121428571 1)
(1.249285714 -0.1123214286 1)
(1.422857143 -0.1095918367 1)
(1.403571429 -0.1098469388 1)
(1.384285714 -0.1101020408 1)
(1.365 -0.1103571429 1)
(1.345714286 -0.1106122449 1)
(1.326428571 -0.1108673469 1)
(1.307142857 -0.111122449 1)
(1.287857143 -0.111377551 1)
(1.268571429 -0.1116326531 1)
(1.249285714 -0.1118877551 1)
(1.422857143 -0.1084693878 1)
(1.403571429 -0.1088010204 1)
(1.384285714 -0.1091326531 1)
(1.365 -0.1094642857 1)
(1.345714286 -0.1097959184 1)
(1.326428571 -0.110127551 1)
(1.307142857 -0.1104591837 1)
(1.287857143 -0.1107908163 1)
(1.268571429 -0.111122449 1)
(1.249285714 -0.1114540816 1)
(1.422857143 -0.1073469388 1)
(1.403571429 -0.107755102 1)
(1.384285714 -0.1081632653 1)
(1.365 -0.1085714286 1)
(1.345714286 -0.1089795918 1)
(1.326428571 -0.1093877551 1)
(1.307142857 -0.1097959184 1)
(1.287857143 -0.1102040816 1)
(1.268571429 -0.1106122449 1)
(1.249285714 -0.1110204082 1)
(1.422857143 -0.1062244898 1)
(1.403571429 -0.1067091837 1)
(1.384285714 -0.1071938776 1)
(1.365 -0.1076785714 1)
(1.345714286 -0.1081632653 1)
(1.326428571 -0.1086479592 1)
(1.307142857 -0.1091326531 1)
(1.287857143 -0.1096173469 1)
(1.268571429 -0.1101020408 1)
(1.249285714 -0.1105867347 1)
(1.422857143 -0.1051020408 1)
(1.403571429 -0.1056632653 1)
(1.384285714 -0.1062244898 1)
(1.365 -0.1067857143 1)
(1.345714286 -0.1073469388 1)
(1.326428571 -0.1079081633 1)
(1.307142857 -0.1084693878 1)
(1.287857143 -0.1090306122 1)
(1.268571429 -0.1095918367 1)
(1.249285714 -0.1101530612 1)
(1.422857143 -0.1039795918 1)
(1.403571429 -0.1046173469 1)
(1.384285714 -0.105255102 1)
(1.365 -0.1058928571 1)
(1.345714286 -0.1065306122 1)
(1.326428571 -0.1071683673 1)
(1.307142857 -0.1078061224 1)
(1.287857143 -0.1084438776 1)
(1.268571429 -0.1090816327 1)
(1.249285714 -0.1097193878 1)
(1.221674464 -0.1934806179 1)
(1.222339571 -0.2027844943 1)
(1.223004679 -0.2120883707 1)
(1.223669786 -0.2213922471 1)
(1.224334893 -0.2306961236 1)
(1.221603867 -0.1567476471 1)
(1.222378041 -0.1659979086 1)
(1.223152214 -0.17524817 1)
(1.223926388 -0.1844984314 1)
(1.224700561 -0.1937486929 1)
(1.225474735 -0.2029989543 1)
(1.226248908 -0.2122492157 1)
(1.227023082 -0.2214994771 1)
(1.227797255 -0.2307497386 1)
(1.22154398 -0.1296402429 1)
(1.222427219 -0.1388368893 1)
(1.223310459 -0.1480335357 1)
(1.224193699 -0.1572301821 1)
(1.225076939 -0.1664268286 1)
(1.225960179 -0.175623475 1)
(1.226843418 -0.1848201214 1)
(1.227726658 -0.1940167679 1)
(1.228609898 -0.2032134143 1)
(1.229493138 -0.2124100607 1)
(1.230376378 -0.2216067071 1)
(1.231259617 -0.2308033536 1)
(1.222814306 -0.1211405914 1)
(1.223806612 -0.1302836229 1)
(1.224798918 -0.1394266543 1)
(1.225791224 -0.1485696857 1)
(1.226783531 -0.1577127171 1)
(1.227775837 -0.1668557486 1)
(1.228768143 -0.17599878 1)
(1.229760449 -0.1851418114 1)
(1.230752755 -0.1942848429 1)
(1.231745061 -0.2034278743 1)
(1.232737367 -0.2125709057 1)
(1.233729673 -0.2217139371 1)
(1.23472198 -0.2308569686 1)
(1.224967872 -0.1218375864 1)
(1.226069245 -0.1309270029 1)
(1.227170617 -0.1400164193 1)
(1.22827199 -0.1491058357 1)
(1.229373362 -0.1581952521 1)
(1.230474735 -0.1672846686 1)
(1.231576107 -0.176374085 1)
(1.23267748 -0.1854635014 1)
(1.233778852 -0.1945529179 1)
(1.234880224 -0.2036423343 1)
(1.235981597 -0.2127317507 1)
(1.237082969 -0.2218211671 1)
(1.238184342 -0.2309105836 1)
(1.227121439 -0.1225345814 1)
(1.228331878 -0.1315703829 1)
(1.229542316 -0.1406061843 1)
(1.230752755 -0.1496419857 1)
(1.231963194 -0.1586777871 1)
(1.233173633 -0.1677135886 1)
(1.234384071 -0.17674939 1)
(1.23559451 -0.1857851914 1)
(1.236804949 -0.1948209929 1)
(1.238015388 -0.2038567943 1)
(1.239225827 -0.2128925957 1)
(1.240436265 -0.2219283971 1)
(1.241646704 -0.2309641986 1)
(1.229275005 -0.1232315764 1)
(1.23059451 -0.1322137629 1)
(1.231914015 -0.1411959493 1)
(1.23323352 -0.1501781357 1)
(1.234553026 -0.1591603221 1)
(1.235872531 -0.1681425086 1)
(1.237192036 -0.177124695 1)
(1.238511541 -0.1861068814 1)
(1.239831046 -0.1950890679 1)
(1.241150551 -0.2040712543 1)
(1.242470056 -0.2130534407 1)
(1.243789561 -0.2220356271 1)
(1.245109066 -0.2310178136 1)
(1.250612245 -0.1244642857 1)
(1.251938776 -0.1335714286 1)
(1.253265306 -0.1426785714 1)
(1.254591837 -0.1517857143 1)
(1.255918367 -0.1608928571 1)
(1.257244898 -0.17 1)
(1.258571429 -0.1791071429 1)
(1.259897959 -0.1882142857 1)
(1.26122449 -0.1973214286 1)
(1.26255102 -0.2064285714 1)
(1.263877551 -0.2155357143 1)
(1.265204082 -0.2246428571 1)
(1.266530612 -0.23375 1)
(1.269795918 -0.125 1)
(1.271020408 -0.1342857143 1)
(1.272244898 -0.1435714286 1)
(1.273469388 -0.1528571429 1)
(1.274693878 -0.1621428571 1)
(1.275918367 -0.1714285714 1)
(1.277142857 -0.1807142857 1)
(1.278367347 -0.19 1)
(1.279591837 -0.1992857143 1)
(1.280816327 -0.2085714286 1)
(1.282040816 -0.2178571429 1)
(1.283265306 -0.2271428571 1)
(1.284489796 -0.2364285714 1)
(1.288979592 -0.1255357143 1)
(1.290102041 -0.135 1)
(1.29122449 -0.1444642857 1)
(1.292346939 -0.1539285714 1)
(1.293469388 -0.1633928571 1)
(1.294591837 -0.1728571429 1)
(1.295714286 -0.1823214286 1)
(1.296836735 -0.1917857143 1)
(1.297959184 -0.20125 1)
(1.299081633 -0.2107142857 1)
(1.300204082 -0.2201785714 1)
(1.301326531 -0.2296428571 1)
(1.30244898 -0.2391071429 1)
(1.308163265 -0.1260714286 1)
(1.309183673 -0.1357142857 1)
(1.310204082 -0.1453571429 1)
(1.31122449 -0.155 1)
(1.312244898 -0.1646428571 1)
(1.313265306 -0.1742857143 1)
(1.314285714 -0.1839285714 1)
(1.315306122 -0.1935714286 1)
(1.316326531 -0.2032142857 1)
(1.317346939 -0.2128571429 1)
(1.318367347 -0.2225 1)
(1.319387755 -0.2321428571 1)
(1.320408163 -0.2417857143 1)
(1.327346939 -0.1266071429 1)
(1.328265306 -0.1364285714 1)
(1.329183673 -0.14625 1)
(1.330102041 -0.1560714286 1)
(1.331020408 -0.1658928571 1)
(1.331938776 -0.1757142857 1)
(1.332857143 -0.1855357143 1)
(1.33377551 -0.1953571429 1)
(1.334693878 -0.2051785714 1)
(1.335612245 -0.215 1)
(1.336530612 -0.2248214286 1)
(1.33744898 -0.2346428571 1)
(1.338367347 -0.2444642857 1)
(1.346530612 -0.1271428571 1)
(1.347346939 -0.1371428571 1)
(1.348163265 -0.1471428571 1)
(1.348979592 -0.1571428571 1)
(1.349795918 -0.1671428571 1)
(1.350612245 -0.1771428571 1)
(1.351428571 -0.1871428571 1)
(1.352244898 -0.1971428571 1)
(1.353061224 -0.2071428571 1)
(1.353877551 -0.2171428571 1)
(1.354693878 -0.2271428571 1)
(1.355510204 -0.2371428571 1)
(1.356326531 -0.2471428571 1)
(1.365714286 -0.1276785714 1)
(1.366428571 -0.1378571429 1)
(1.367142857 -0.1480357143 1)
(1.367857143 -0.1582142857 1)
(1.368571429 -0.1683928571 1)
(1.369285714 -0.1785714286 1)
(1.37 -0.18875 1)
(1.370714286 -0.1989285714 1)
(1.371428571 -0.2091071429 1)
(1.372142857 -0.2192857143 1)
(1.372857143 -0.2294642857 1)
(1.373571429 -0.2396428571 1)
(1.374285714 -0.2498214286 1)
(1.384897959 -0.1282142857 1)
(1.385510204 -0.1385714286 1)
(1.386122449 -0.1489285714 1)
(1.386734694 -0.1592857143 1)
(1.387346939 -0.1696428571 1)
(1.387959184 -0.18 1)
(1.388571429 -0.1903571429 1)
(1.389183673 -0.2007142857 1)
(1.389795918 -0.2110714286 1)
(1.390408163 -0.2214285714 1)
(1.391020408 -0.2317857143 1)
(1.391632653 -0.2421428571 1)
(1.392244898 -0.2525 1)
(1.404081633 -0.12875 1)
(1.404591837 -0.1392857143 1)
(1.405102041 -0.1498214286 1)
(1.405612245 -0.1603571429 1)
(1.406122449 -0.1708928571 1)
(1.406632653 -0.1814285714 1)
(1.407142857 -0.1919642857 1)
(1.407653061 -0.2025 1)
(1.408163265 -0.2130357143 1)
(1.408673469 -0.2235714286 1)
(1.409183673 -0.2341071429 1)
(1.409693878 -0.2446428571 1)
(1.410204082 -0.2551785714 1)
(1.423265306 -0.1292857143 1)
(1.423673469 -0.14 1)
(1.424081633 -0.1507142857 1)
(1.424489796 -0.1614285714 1)
(1.424897959 -0.1721428571 1)
(1.425306122 -0.1828571429 1)
(1.425714286 -0.1935714286 1)
(1.426122449 -0.2042857143 1)
(1.426530612 -0.215 1)
(1.426938776 -0.2257142857 1)
(1.427346939 -0.2364285714 1)
(1.427755102 -0.2471428571 1)
(1.428163265 -0.2578571429 1)
(1.221326531 -1.26 1)
(1.227244898 -1.6 1)
(1.233163265 -1.94 1)
(1.239081633 -2.28 1)
(1.245 -2.62 1)
(1.250918367 -2.96 1)
(1.256836735 -3.3 1)
(1.262755102 -3.64 1)
(1.268673469 -3.98 1)
(1.274591837 -4.32 1)
(1.280510204 -4.66 1)
(1.220816327 -0.92 1)
(1.227653061 -1.26 1)
(1.234489796 -1.6 1)
(1.241326531 -1.94 1)
(1.248163265 -2.28 1)
(1.255 -2.62 1)
(1.261836735 -2.96 1)
(1.268673469 -3.3 1)
(1.275510204 -3.64 1)
(1.282346939 -3.98 1)
(1.289183673 -4.32 1)
(1.296020408 -4.66 1)
(1.218469388 -0.58 1)
(1.22622449 -0.92 1)
(1.233979592 -1.26 1)
(1.241734694 -1.6 1)
(1.249489796 -1.94 1)
(1.257244898 -2.28 1)
(1.265 -2.62 1)
(1.272755102 -2.96 1)
(1.280510204 -3.3 1)
(1.288265306 -3.64 1)
(1.296020408 -3.98 1)
(1.30377551 -4.32 1)
(1.311530612 -4.66 1)
(1.222959184 -0.58 1)
(1.231632653 -0.92 1)
(1.240306122 -1.26 1)
(1.248979592 -1.6 1)
(1.257653061 -1.94 1)
(1.266326531 -2.28 1)
(1.275 -2.62 1)
(1.283673469 -2.96 1)
(1.292346939 -3.3 1)
(1.301020408 -3.64 1)
(1.309693878 -3.98 1)
(1.318367347 -4.32 1)
(1.327040816 -4.66 1)
(1.22744898 -0.58 1)
(1.237040816 -0.92 1)
(1.246632653 -1.26 1)
(1.25622449 -1.6 1)
(1.265816327 -1.94 1)
(1.275408163 -2.28 1)
(1.285 -2.62 1)
(1.294591837 -2.96 1)
(1.304183673 -3.3 1)
(1.31377551 -3.64 1)
(1.323367347 -3.98 1)
(1.332959184 -4.32 1)
(1.34255102 -4.66 1)
(1.231938776 -0.58 1)
(1.24244898 -0.92 1)
(1.252959184 -1.26 1)
(1.263469388 -1.6 1)
(1.273979592 -1.94 1)
(1.284489796 -2.28 1)
(1.295 -2.62 1)
(1.305510204 -2.96 1)
(1.316020408 -3.3 1)
(1.326530612 -3.64 1)
(1.337040816 -3.98 1)
(1.34755102 -4.32 1)
(1.358061224 -4.66 1)
(1.236428571 -0.58 1)
(1.247857143 -0.92 1)
(1.259285714 -1.26 1)
(1.270714286 -1.6 1)
(1.282142857 -1.94 1)
(1.293571429 -2.28 1)
(1.305 -2.62 1)
(1.316428571 -2.96 1)
(1.327857143 -3.3 1)
(1.339285714 -3.64 1)
(1.350714286 -3.98 1)
(1.362142857 -4.32 1)
(1.373571429 -4.66 1)
(1.240918367 -0.58 1)
(1.253265306 -0.92 1)
(1.265612245 -1.26 1)
(1.277959184 -1.6 1)
(1.290306122 -1.94 1)
(1.302653061 -2.28 1)
(1.315 -2.62 1)
(1.327346939 -2.96 1)
(1.339693878 -3.3 1)
(1.352040816 -3.64 1)
(1.364387755 -3.98 1)
(1.376734694 -4.32 1)
(1.389081633 -4.66 1)
(1.245408163 -0.58 1)
(1.258673469 -0.92 1)
(1.271938776 -1.26 1)
(1.285204082 -1.6 1)
(1.298469388 -1.94 1)
(1.311734694 -2.28 1)
(1.325 -2.62 1)
(1.338265306 -2.96 1)
(1.351530612 -3.3 1)
(1.364795918 -3.64 1)
(1.378061224 -3.98 1)
(1.391326531 -4.32 1)
(1.404591837 -4.66 1)
(1.249897959 -0.58 1)
(1.264081633 -0.92 1)
(1.278265306 -1.26 1)
(1.29244898 -1.6 1)
(1.306632653 -1.94 1)
(1.320816327 -2.28 1)
(1.335 -2.62 1)
(1.349183673 -2.96 1)
(1.363367347 -3.3 1)
(1.37755102 -3.64 1)
(1.391734694 -3.98 1)
(1.405918367 -4.32 1)
(1.420102041 -4.66 1)
(1.254387755 -0.58 1)
(1.269489796 -0.92 1)
(1.284591837 -1.26 1)
(1.299693878 -1.6 1)
(1.314795918 -1.94 1)
(1.329897959 -2.28 1)
(1.345 -2.62 1)
(1.360102041 -2.96 1)
(1.375204082 -3.3 1)
(1.390306122 -3.64 1)
(1.405408163 -3.98 1)
(1.420510204 -4.32 1)
(1.435612245 -4.66 1)
(1.258877551 -0.58 1)
(1.274897959 -0.92 1)
(1.290918367 -1.26 1)
(1.306938776 -1.6 1)
(1.322959184 -1.94 1)
(1.338979592 -2.28 1)
(1.355 -2.62 1)
(1.371020408 -2.96 1)
(1.387040816 -3.3 1)
(1.403061224 -3.64 1)
(1.419081633 -3.98 1)
(1.435102041 -4.32 1)
(1.263367347 -0.58 1)
(1.280306122 -0.92 1)
(1.297244898 -1.26 1)
(1.314183673 -1.6 1)
(1.331122449 -1.94 1)
(1.348061224 -2.28 1)
(1.365 -2.62 1)
(1.381938776 -2.96 1)
(1.398877551 -3.3 1)
(1.415816327 -3.64 1)
(1.432755102 -3.98 1)
(1.184897959 0.6151530612 1)
(1.19122449 0.6131632653 1)
(1.19755102 0.6111734694 1)
(1.203877551 0.6091836735 1)
(1.210204082 0.6071938776 1)
(1.216530612 0.6052040816 1)
(1.222857143 0.6032142857 1)
(1.229183673 0.6012244898 1)
(1.235510204 0.5992346939 1)
(1.241836735 0.597244898 1)
(1.248163265 0.595255102 1)
(1.254489796 0.5932653061 1)
(1.260816327 0.5912755102 1)
(1.263367347 0.9524489796 1)
(1.269591837 0.9506122449 1)
(1.275816327 0.9487755102 1)
(1.282040816 0.9469387755 1)
(1.288265306 0.9451020408 1)
(1.294489796 0.9432653061 1)
(1.300714286 0.9414285714 1)
(1.306938776 0.9395918367 1)
(1.313163265 0.937755102 1)
(1.319387755 0.9359183673 1)
(1.325612245 0.9340816327 1)
(1.331836735 0.932244898 1)
(1.338061224 0.9304081633 1)
(1.341836735 1.289744898 1)
(1.347959184 1.288061224 1)
(1.354081633 1.286377551 1)
(1.360204082 1.284693878 1)
(1.366326531 1.283010204 1)
(1.37244898 1.281326531 1)
(1.378571429 1.279642857 1)
(1.384693878 1.277959184 1)
(1.390816327 1.27627551 1)
(1.396938776 1.274591837 1)
(1.403061224 1.272908163 1)
(1.409183673 1.27122449 1)
(1.415306122 1.269540816 1)
(1.420306122 1.627040816 1)
(1.426326531 1.625510204 1)
(1.432346939 1.623979592 1)
(1.438367347 1.62244898 1)
(1.444387755 1.620918367 1)
(1.450408163 1.619387755 1)
(1.456428571 1.617857143 1)
(1.46244898 1.616326531 1)
(1.428826531 1.266734694 1)
(1.43622449 1.265612245 1)
(1.443622449 1.264489796 1)
(1.451020408 1.263367347 1)
(1.458418367 1.262244898 1)
(1.351836735 0.9273469388 1)
(1.359387755 0.926122449 1)
(1.366938776 0.9248979592 1)
(1.374489796 0.9236734694 1)
(1.382040816 0.9224489796 1)
(1.389591837 0.9212244898 1)
(1.397142857 0.92 1)
(1.404693878 0.9187755102 1)
(1.412244898 0.9175510204 1)
(1.419795918 0.9163265306 1)
(1.427346939 0.9151020408 1)
(1.434897959 0.913877551 1)
(1.44244898 0.9126530612 1)
(1.274846939 0.5879591837 1)
(1.28255102 0.5866326531 1)
(1.290255102 0.5853061224 1)
(1.297959184 0.5839795918 1)
(1.305663265 0.5826530612 1)
(1.313367347 0.5813265306 1)
(1.321071429 0.58 1)
(1.32877551 0.5786734694 1)
(1.336479592 0.5773469388 1)
(1.344183673 0.5760204082 1)
(1.351887755 0.5746938776 1)
(1.359591837 0.5733673469 1)
(1.367295918 0.5720408163 1)
(1.169591837 4.665102041 1)
(1.256122449 4.664897959 1)
(1.233673469 4.329795918 1)
(1.21122449 3.994693878 1)
(1.18877551 3.659591837 1)
(1.342653061 4.664693878 1)
(1.314591837 4.329387755 1)
(1.286530612 3.994081633 1)
(1.258469388 3.65877551 1)
(1.230408163 3.323469388 1)
(1.202346939 2.988163265 1)
(1.429183673 4.664489796 1)
(1.395510204 4.328979592 1)
(1.361836735 3.993469388 1)
(1.328163265 3.657959184 1)
(1.294489796 3.32244898 1)
(1.260816327 2.986938776 1)
(1.227142857 2.651428571 1)
(1.193469388 2.315918367 1)
(1.476428571 4.328571429 1)
(1.437142857 3.992857143 1)
(1.397857143 3.657142857 1)
(1.358571429 3.321428571 1)
(1.319285714 2.985714286 1)
(1.28 2.65 1)
(1.240714286 2.314285714 1)
(1.201428571 1.978571429 1)
(1.46755102 3.656326531 1)
(1.422653061 3.320408163 1)
(1.377755102 2.984489796 1)
(1.332857143 2.648571429 1)
(1.287959184 2.312653061 1)
(1.243061224 1.976734694 1)
(1.198163265 1.640816327 1)
(1.43622449 2.983265306 1)
(1.385714286 2.647142857 1)
(1.335204082 2.311020408 1)
(1.284693878 1.974897959 1)
(1.234183673 1.63877551 1)
(1.183673469 1.302653061 1)
(1.438571429 2.645714286 1)
(1.38244898 2.309387755 1)
(1.326326531 1.973061224 1)
(1.270204082 1.636734694 1)
(1.214081633 1.300408163 1)
(1.429693878 2.307755102 1)
(1.367959184 1.97122449 1)
(1.30622449 1.634693878 1)
(1.244489796 1.298163265 1)
(1.182755102 0.9616326531 1)
(1.476938776 2.306122449 1)
(1.409591837 1.969387755 1)
(1.342244898 1.632653061 1)
(1.274897959 1.295918367 1)
(1.20755102 0.9591836735 1)
(1.45122449 1.96755102 1)
(1.378265306 1.630612245 1)
(1.305306122 1.293673469 1)
(1.232346939 0.9567346939 1)
(1.441326531 -0.6012244898 1)
(1.419642857 -0.5985714286 1)
(1.397959184 -0.5959183673 1)
(1.37627551 -0.5932653061 1)
(1.354591837 -0.5906122449 1)
(1.332908163 -0.5879591837 1)
(1.31122449 -0.5853061224 1)
(1.289540816 -0.5826530612 1)
(1.43877551 -0.9346938775 1)
(1.413265306 -0.932244898 1)
(1.387755102 -0.9297959184 1)
(1.362244898 -0.9273469388 1)
(1.336734694 -0.9248979592 1)
(1.31122449 -0.9224489796 1)
(1.450255102 -1.27122449 1)
(1.420918367 -1.268979592 1)
(1.391581633 -1.266734694 1)
(1.362244898 -1.264489796 1)
(1.332908163 -1.262244898 1)
(1.454081633 -1.608163265 1)
(1.420918367 -1.606122449 1)
(1.387755102 -1.604081633 1)
(1.354591837 -1.602040816 1)
(1.450255102 -1.945510204 1)
(1.413265306 -1.943673469 1)
(1.37627551 -1.941836735 1)
(1.43877551 -2.283265306 1)
(1.397959184 -2.281632653 1)
(1.419642857 -2.621428571 1)
(1.441326531 -2.96122449 1)
(1.463010204 -3.301020408 1)
(1.378673469 0.5700510204 1)
(1.382346939 0.5693877551 1)
(1.386020408 0.5687244898 1)
(1.389693878 0.5680612245 1)
(1.393367347 0.5673979592 1)
(1.397040816 0.5667346939 1)
(1.400714286 0.5660714286 1)
(1.404387755 0.5654081633 1)
(1.408061224 0.564744898 1)
(1.411734694 0.5640816327 1)
(1.415408163 0.5634183673 1)
(1.419081633 0.562755102 1)
(1.422755102 0.5620918367 1)
(1.45377551 0.9108163265 1)
(1.45755102 0.9102040816 1)
(1.461326531 0.9095918367 1)
(1.436785714 0.5601020408 1)
(1.447142857 0.5587755102 1)
(1.4575 0.5574489796 1)
(1.228673469 -4.660612245 1)
(1.223061224 -4.32122449 1)
(1.21744898 -3.981836735 1)
(1.246836735 -4.660306122 1)
(1.241530612 -4.320612245 1)
(1.23622449 -3.980918367 1)
(1.230918367 -3.64122449 1)
(1.225612245 -3.301530612 1)
(1.220306122 -2.961836735 1)
(1.215 -2.622142857 1)
)


// ************************************************************************* //
