/*--------------------------------*- C++ -*----------------------------------*\
| =========                 |                                                 |
| \\      /  F ield         | OpenFOAM: The Open Source CFD Toolbox           |
|  \\    /   O peration     | Version:  2206                                  |
|   \\  /    A nd           | Website:  www.openfoam.com                      |
|    \\/     M anipulation  |                                                 |
\*---------------------------------------------------------------------------*/
FoamFile
{
    version     2.0;
    format      ascii;
    arch        "LSB;label=32;scalar=64";
    class       labelList;
    location    "constant/polyMesh";
    object      pointProcAddressing;
}
// * * * * * * * * * * * * * * * * * * * * * * * * * * * * * * * * * * * * * //


3186
(
38
39
43
49
62
64
67
74
103
104
107
110
113
115
118
122
427
428
429
430
440
441
442
443
444
445
446
447
448
449
450
451
452
453
454
455
456
483
484
485
486
487
488
489
490
491
492
509
510
511
512
513
514
515
516
517
518
519
520
521
522
523
524
525
526
527
528
529
530
531
535
536
537
538
539
540
541
542
543
544
643
644
645
646
647
648
649
650
651
652
653
654
655
656
657
658
659
660
661
718
719
720
784
785
786
787
876
877
878
879
880
881
882
883
884
885
886
887
888
889
890
891
892
893
894
895
938
939
940
941
942
943
944
945
946
947
1276
1277
1278
1279
1280
1281
1282
1283
1284
1285
1286
1287
1288
1315
1316
1317
1318
1319
1320
1353
1356
1357
1358
1359
1360
1361
1362
1363
1364
1397
1398
1399
1400
1401
1402
1403
1404
1405
1406
1407
1421
1422
1423
1424
1425
1426
1427
1428
1429
1444
1445
1446
1447
1448
1449
1450
1451
1452
1453
1454
1455
1456
1457
1458
1459
1460
1461
1462
1463
1464
1650
1651
1652
1678
1679
1680
1681
1682
1683
1684
1685
1686
1687
1688
1689
1690
1691
1898
1899
2162
2163
2164
2165
2166
2167
2168
2169
2170
2188
2189
2190
2191
2192
2193
2194
2195
2196
2375
2376
2377
2378
2379
2380
2381
2382
2383
2384
2385
2386
2387
2388
2389
2390
2391
2392
2393
2419
2450
2451
2452
2453
2454
2455
2456
2457
2458
2459
2460
2461
2462
2463
2464
2465
2466
2467
2468
2469
2470
2471
2472
2473
2474
2475
2476
2477
2478
2514
2515
2516
2517
2518
2519
2520
2521
2522
2523
2524
2576
2577
2578
2579
2580
2581
2582
2583
2584
2585
2586
2587
2588
2589
2590
2591
2592
2637
2638
2639
2640
2641
2642
2643
2644
2645
2646
2647
2648
2649
2650
2651
2652
2653
2670
2671
2672
2673
2674
2675
2676
2677
2678
2679
2693
2694
2695
2696
2697
2698
2699
2700
2701
2702
2706
2707
2708
2709
2710
2711
2712
2713
2714
2715
2716
2717
2718
2719
2720
2721
2722
2723
2724
2725
2726
2727
2761
2762
2763
2764
2765
2766
2767
2768
2769
2770
2771
2772
2773
2774
2775
2776
2777
2778
2779
2780
2787
2788
2789
2790
2791
2792
2793
2794
2795
2796
2797
2798
2799
2800
2801
2802
2803
2804
2805
2806
2850
2851
2852
2885
2886
2887
2888
2889
2916
2917
2918
2919
3277
3523
3524
4591
4592
4593
4594
4595
4596
4597
4598
4599
4600
4601
4602
4603
4604
4605
4606
4607
4608
4609
4610
4611
4612
4613
4614
4615
4616
4617
4618
4619
4620
4621
4622
4623
4624
4625
4626
4627
4628
4629
4630
4631
4632
4633
4634
4635
4636
4637
4638
4639
4640
4641
4642
4643
4644
4645
4646
4647
4648
4649
4650
4651
4652
4653
4654
4655
4656
4657
4658
4659
4660
4661
4662
4663
4664
4665
4666
4667
4668
4669
4670
4671
4672
4673
4674
4675
4676
4677
4678
4679
4680
4681
4682
4683
4684
4685
4686
4687
4688
4689
4690
4691
4692
4693
4694
4695
4696
4697
4698
4699
4700
4701
4702
4703
4704
4705
4706
4707
5414
5415
5416
5417
5418
5419
5420
5421
5422
5429
5430
5431
5432
5433
5434
5435
5444
5445
5446
5447
5448
5459
5460
5461
5473
5474
5924
5925
5926
5927
5928
5929
5937
5938
5939
5940
5941
5942
5950
5951
5952
5953
5954
5955
5963
5964
5965
5966
5967
5968
5975
5976
5977
5978
5979
5980
5981
5988
5989
5990
5991
5992
5993
5994
6001
6002
6003
6004
6005
6006
6007
6014
6015
6016
6017
6018
6019
6020
6026
6027
6028
6029
6030
6031
6032
6033
6039
6040
6041
6042
6043
6044
6045
6046
6052
6053
6054
6055
6056
6057
6058
6059
6065
6066
6067
6068
6069
6070
6071
6072
6078
6079
6080
6081
6082
6083
6084
6085
6088
6089
6090
6091
6092
6093
6094
6095
6096
6100
6101
6102
6103
6104
6105
6106
6107
6108
6109
6112
6113
6114
6115
6116
6117
6118
6119
6120
6121
6122
6125
6126
6127
6128
6129
6130
6131
6132
6133
6134
6135
6138
6139
6140
6141
6142
6143
6144
6145
6146
6147
6151
6152
6153
6154
6155
6156
6157
6158
6159
6160
6164
6165
6166
6167
6168
6169
6170
6171
6172
6173
6177
6178
6179
6180
6181
6182
6183
6184
6185
6186
6190
6191
6192
6193
6194
6195
6196
6197
6198
6203
6204
6205
6206
6207
6208
6209
6210
6211
6216
6217
6218
6219
6220
6221
6222
6223
6224
6229
6230
6231
6232
6233
6234
6235
6236
6242
6243
6244
6245
6246
6247
6248
6249
6263
6264
6265
6266
6267
6271
6272
6273
6274
6275
6276
6277
6278
6279
6280
6281
6282
6283
6284
6285
6286
6287
6288
6289
6290
6291
6292
6293
6294
6295
6296
6297
6298
6299
6300
6301
6302
6303
6304
6305
6306
6307
6308
6309
6310
6311
6312
6313
6314
6315
6316
6317
6318
6319
6320
6321
6322
6323
6324
6325
6326
6327
6328
6329
6330
6331
6332
6333
6334
6335
6336
6337
6338
6339
6340
6341
6342
6343
6344
6345
6346
6347
6348
6349
6350
6351
6352
6353
6354
6355
6356
6357
6358
6359
6360
6361
6362
6363
6364
6365
6366
6367
6368
6369
6370
6371
6372
6373
6374
6375
6376
6377
6378
6379
6380
6381
6382
6383
6384
6385
6386
6387
6388
6389
6390
6391
6392
6393
6394
6645
6658
6671
6684
6685
6697
6698
6710
6711
6723
6724
6725
6736
6737
6738
6749
6750
6751
6771
6772
6773
6774
6784
6785
6786
6787
6797
6798
6799
6800
6811
6812
6813
6824
6825
6826
6837
6838
6839
6850
6851
6852
6863
6864
6865
6876
6877
6878
6889
6890
6891
6902
6903
6904
6915
6916
6917
6928
6929
6930
6931
6932
6933
6934
6935
6936
6937
6938
6939
6940
6941
6942
6943
6944
6945
6946
6947
6948
6949
6950
6951
6952
6953
6954
6955
6956
6957
6958
6959
6960
6961
6962
6963
6964
6965
6966
6967
6968
6969
6970
6971
6972
6973
6974
6975
6976
6977
6978
6979
6980
6981
6982
6983
6984
6985
6986
6987
6988
6989
6990
6991
6992
6993
6994
6995
6996
6997
6998
6999
7000
7001
7002
7003
7004
7005
7006
7007
7008
7009
7010
7011
7012
7013
7014
7015
7016
7017
7018
7019
7020
7021
7022
7023
7024
7025
7026
7027
7028
7029
7030
7031
7032
7033
7034
7035
7036
7037
7038
7039
7040
7041
7042
7043
7044
7045
7046
7047
7048
7049
7050
7051
7052
7053
7054
7055
7056
7057
7058
7059
7060
7103
7104
7105
7106
7107
7108
7109
7110
7111
7112
7116
7117
7118
7119
7120
7121
7122
7123
7124
7125
7129
7130
7131
7132
7133
7134
7135
7136
7137
7138
7142
7143
7144
7145
7146
7147
7148
7149
7150
7151
7155
7156
7157
7158
7159
7160
7161
7162
7163
7164
7168
7169
7170
7171
7172
7173
7174
7175
7176
7177
7181
7182
7183
7184
7185
7186
7187
7188
7189
7190
7194
7195
7196
7197
7198
7199
7200
7201
7202
7203
7207
7208
7209
7210
7211
7212
7213
7214
7215
7216
7220
7221
7222
7223
7224
7225
7226
7227
7228
7229
7233
7234
7235
7236
7237
7238
7239
7240
7241
7242
7246
7247
7248
7249
7250
7251
7252
7253
7254
7255
7259
7260
7261
7262
7263
7264
7265
7266
7267
7268
7355
7356
7357
7358
7359
7364
7365
7366
7367
7368
7369
7370
7371
7372
7374
7375
7376
7377
7378
7379
7380
7381
7382
7383
7384
7385
7386
7387
7388
7389
7390
7391
7392
7393
7394
7395
7396
7397
7398
7399
7400
7401
7402
7403
7404
7405
7406
7407
7408
7409
7410
7411
7412
7413
7414
7415
7416
7417
7418
7419
7420
7421
7422
7423
7424
7425
7426
7427
7428
7429
7430
7431
7432
7433
7434
7435
7436
7437
7438
7439
7440
7441
7442
7443
7444
7445
7446
7447
7448
7449
7450
7451
7452
7453
7454
7455
7456
7457
7458
7459
7460
7461
7462
7463
7464
7465
7466
7467
7468
7469
7470
7471
7472
7473
7474
7475
7476
7477
7478
7479
7480
7481
7482
7483
7484
7485
7486
7487
7488
7489
7490
7491
7492
7493
7494
7495
7496
7497
7498
7499
7500
7501
7502
7503
7504
7505
7506
7507
7508
7509
7510
7511
7512
7513
7514
7515
7516
7517
7518
7519
7520
7521
7522
7523
7524
7525
7526
7527
7528
7529
7530
7531
7532
7533
7534
7535
7536
7537
7538
7539
7540
7541
7542
7543
7544
7545
7546
7547
7548
7549
7550
7551
7552
7553
7554
7555
7556
7557
7558
7559
7560
7561
7562
7563
7564
7565
7566
7567
7778
7779
7780
7781
7782
7783
7784
7785
7786
7787
7788
7790
7791
7792
7793
7794
7795
7796
7797
7798
7799
7800
7801
7802
7803
7804
7805
7806
7807
7808
7809
7810
7811
7812
7813
7814
7815
7816
7817
7818
7819
7820
7821
7822
7823
7824
7825
7826
7827
7828
7829
7830
7831
7832
7833
7834
7835
7836
7837
7838
7839
7840
7841
7842
7843
7844
7845
7846
7847
7848
7849
7850
7851
7852
7853
7854
7855
7856
7857
7858
7859
7860
7861
7862
7863
7864
7865
7866
7867
7868
7869
7870
7871
7872
7873
7874
7875
7876
7877
7878
7879
7880
7881
7882
7883
7884
7885
7886
7887
7888
7889
7890
7891
7892
7893
7894
7895
7896
7897
7898
7899
7900
7901
7902
7903
7904
7905
7906
7907
7908
7909
7910
7911
7912
7913
7914
7915
7916
7917
7918
7919
7920
7921
7922
7923
7924
7925
7926
7927
7928
7929
7930
7932
7933
7934
7935
7936
7937
7938
7939
7940
7941
7942
8114
8115
8116
8117
8118
8119
8120
8121
8122
8123
8124
8125
8126
8127
8128
8129
8130
8131
8132
8133
8134
8135
8136
8137
8138
8139
8140
8141
8142
8143
8144
8145
8146
8147
8148
8149
8150
8151
8152
8153
8154
8155
8156
8157
8158
8159
8160
8413
8414
8415
8416
8417
8426
8427
8428
8429
8430
8431
8432
8433
8434
8435
8436
8437
8438
8439
8440
8441
8442
8443
8444
8445
8446
8447
8448
8449
8450
8451
8478
8491
8492
8493
8494
8504
8505
8506
8507
8508
8509
8517
8518
8519
8520
8521
8522
8523
8524
8531
8532
8533
8534
8535
8536
8537
8538
8546
8547
8548
8549
8550
8551
8552
8561
8562
8563
8564
8565
8566
8575
8576
8577
8578
8579
8589
8590
8591
8592
8593
8602
8603
8604
8605
8606
8616
8617
8618
8619
9302
9303
9304
9305
9306
9307
9308
9309
9317
9318
9319
9320
9321
9322
9331
9332
9333
9334
9335
9345
9346
9347
9348
9359
9360
9361
9373
9374
9387
9400
9413
10480
10481
10482
10483
10484
10485
10486
10487
10488
10489
10490
10491
10492
10493
10494
10495
10661
10674
10687
11975
11976
11977
11988
11989
11990
11991
11992
11993
11994
14224
14225
14226
14227
14228
14229
14230
14231
14232
14233
14234
14235
14236
14237
14238
14239
14240
14241
14242
14243
14244
14245
14246
14247
14248
14249
14250
14251
14252
14253
14254
14255
14256
14257
14258
14259
14260
14261
14262
14263
14264
14265
14266
14267
14268
14269
14270
14271
14272
14273
14274
14275
14276
14277
14278
14279
14280
14281
14282
14283
14284
14285
14286
14287
14288
14289
14290
14291
14292
14293
14294
14295
14296
14297
14298
14299
14300
14301
14302
14303
14304
14305
14306
14307
14308
14309
14310
14311
14312
14313
14314
14315
14316
14317
14318
14319
14320
14321
14322
14323
14324
14325
14326
14327
14328
14329
14330
14331
14332
14333
14334
14335
14336
14337
14338
14339
14340
15047
15048
15049
15050
15051
15052
15053
15054
15055
15062
15063
15064
15065
15066
15067
15068
15077
15078
15079
15080
15081
15092
15093
15094
15106
15107
15557
15558
15559
15560
15561
15562
15570
15571
15572
15573
15574
15575
15583
15584
15585
15586
15587
15588
15596
15597
15598
15599
15600
15601
15608
15609
15610
15611
15612
15613
15614
15621
15622
15623
15624
15625
15626
15627
15634
15635
15636
15637
15638
15639
15640
15647
15648
15649
15650
15651
15652
15653
15659
15660
15661
15662
15663
15664
15665
15666
15672
15673
15674
15675
15676
15677
15678
15679
15685
15686
15687
15688
15689
15690
15691
15692
15698
15699
15700
15701
15702
15703
15704
15705
15711
15712
15713
15714
15715
15716
15717
15718
15721
15722
15723
15724
15725
15726
15727
15728
15729
15733
15734
15735
15736
15737
15738
15739
15740
15741
15742
15745
15746
15747
15748
15749
15750
15751
15752
15753
15754
15755
15758
15759
15760
15761
15762
15763
15764
15765
15766
15767
15768
15771
15772
15773
15774
15775
15776
15777
15778
15779
15780
15784
15785
15786
15787
15788
15789
15790
15791
15792
15793
15797
15798
15799
15800
15801
15802
15803
15804
15805
15806
15810
15811
15812
15813
15814
15815
15816
15817
15818
15819
15823
15824
15825
15826
15827
15828
15829
15830
15831
15836
15837
15838
15839
15840
15841
15842
15843
15844
15849
15850
15851
15852
15853
15854
15855
15856
15857
15862
15863
15864
15865
15866
15867
15868
15869
15875
15876
15877
15878
15879
15880
15881
15882
15896
15897
15898
15899
15900
15904
15905
15906
15907
15908
15909
15910
15911
15912
15913
15914
15915
15916
15917
15918
15919
15920
15921
15922
15923
15924
15925
15926
15927
15928
15929
15930
15931
15932
15933
15934
15935
15936
15937
15938
15939
15940
15941
15942
15943
15944
15945
15946
15947
15948
15949
15950
15951
15952
15953
15954
15955
15956
15957
15958
15959
15960
15961
15962
15963
15964
15965
15966
15967
15968
15969
15970
15971
15972
15973
15974
15975
15976
15977
15978
15979
15980
15981
15982
15983
15984
15985
15986
15987
15988
15989
15990
15991
15992
15993
15994
15995
15996
15997
15998
15999
16000
16001
16002
16003
16004
16005
16006
16007
16008
16009
16010
16011
16012
16013
16014
16015
16016
16017
16018
16019
16020
16021
16022
16023
16024
16025
16026
16027
16278
16291
16304
16317
16318
16330
16331
16343
16344
16356
16357
16358
16369
16370
16371
16382
16383
16384
16404
16405
16406
16407
16417
16418
16419
16420
16430
16431
16432
16433
16444
16445
16446
16457
16458
16459
16470
16471
16472
16483
16484
16485
16496
16497
16498
16509
16510
16511
16522
16523
16524
16535
16536
16537
16548
16549
16550
16561
16562
16563
16564
16565
16566
16567
16568
16569
16570
16571
16572
16573
16574
16575
16576
16577
16578
16579
16580
16581
16582
16583
16584
16585
16586
16587
16588
16589
16590
16591
16592
16593
16594
16595
16596
16597
16598
16599
16600
16601
16602
16603
16604
16605
16606
16607
16608
16609
16610
16611
16612
16613
16614
16615
16616
16617
16618
16619
16620
16621
16622
16623
16624
16625
16626
16627
16628
16629
16630
16631
16632
16633
16634
16635
16636
16637
16638
16639
16640
16641
16642
16643
16644
16645
16646
16647
16648
16649
16650
16651
16652
16653
16654
16655
16656
16657
16658
16659
16660
16661
16662
16663
16664
16665
16666
16667
16668
16669
16670
16671
16672
16673
16674
16675
16676
16677
16678
16679
16680
16681
16682
16683
16684
16685
16686
16687
16688
16689
16690
16691
16692
16693
16736
16737
16738
16739
16740
16741
16742
16743
16744
16745
16749
16750
16751
16752
16753
16754
16755
16756
16757
16758
16762
16763
16764
16765
16766
16767
16768
16769
16770
16771
16775
16776
16777
16778
16779
16780
16781
16782
16783
16784
16788
16789
16790
16791
16792
16793
16794
16795
16796
16797
16801
16802
16803
16804
16805
16806
16807
16808
16809
16810
16814
16815
16816
16817
16818
16819
16820
16821
16822
16823
16827
16828
16829
16830
16831
16832
16833
16834
16835
16836
16840
16841
16842
16843
16844
16845
16846
16847
16848
16849
16853
16854
16855
16856
16857
16858
16859
16860
16861
16862
16866
16867
16868
16869
16870
16871
16872
16873
16874
16875
16879
16880
16881
16882
16883
16884
16885
16886
16887
16888
16892
16893
16894
16895
16896
16897
16898
16899
16900
16901
16988
16989
16990
16991
16992
16997
16998
16999
17000
17001
17002
17003
17004
17005
17007
17008
17009
17010
17011
17012
17013
17014
17015
17016
17017
17018
17019
17020
17021
17022
17023
17024
17025
17026
17027
17028
17029
17030
17031
17032
17033
17034
17035
17036
17037
17038
17039
17040
17041
17042
17043
17044
17045
17046
17047
17048
17049
17050
17051
17052
17053
17054
17055
17056
17057
17058
17059
17060
17061
17062
17063
17064
17065
17066
17067
17068
17069
17070
17071
17072
17073
17074
17075
17076
17077
17078
17079
17080
17081
17082
17083
17084
17085
17086
17087
17088
17089
17090
17091
17092
17093
17094
17095
17096
17097
17098
17099
17100
17101
17102
17103
17104
17105
17106
17107
17108
17109
17110
17111
17112
17113
17114
17115
17116
17117
17118
17119
17120
17121
17122
17123
17124
17125
17126
17127
17128
17129
17130
17131
17132
17133
17134
17135
17136
17137
17138
17139
17140
17141
17142
17143
17144
17145
17146
17147
17148
17149
17150
17151
17152
17153
17154
17155
17156
17157
17158
17159
17160
17161
17162
17163
17164
17165
17166
17167
17168
17169
17170
17171
17172
17173
17174
17175
17176
17177
17178
17179
17180
17181
17182
17183
17184
17185
17186
17187
17188
17189
17190
17191
17192
17193
17194
17195
17196
17197
17198
17199
17200
17411
17412
17413
17414
17415
17416
17417
17418
17419
17420
17421
17423
17424
17425
17426
17427
17428
17429
17430
17431
17432
17433
17434
17435
17436
17437
17438
17439
17440
17441
17442
17443
17444
17445
17446
17447
17448
17449
17450
17451
17452
17453
17454
17455
17456
17457
17458
17459
17460
17461
17462
17463
17464
17465
17466
17467
17468
17469
17470
17471
17472
17473
17474
17475
17476
17477
17478
17479
17480
17481
17482
17483
17484
17485
17486
17487
17488
17489
17490
17491
17492
17493
17494
17495
17496
17497
17498
17499
17500
17501
17502
17503
17504
17505
17506
17507
17508
17509
17510
17511
17512
17513
17514
17515
17516
17517
17518
17519
17520
17521
17522
17523
17524
17525
17526
17527
17528
17529
17530
17531
17532
17533
17534
17535
17536
17537
17538
17539
17540
17541
17542
17543
17544
17545
17546
17547
17548
17549
17550
17551
17552
17553
17554
17555
17556
17557
17558
17559
17560
17561
17562
17563
17565
17566
17567
17568
17569
17570
17571
17572
17573
17574
17575
17747
17748
17749
17750
17751
17752
17753
17754
17755
17756
17757
17758
17759
17760
17761
17762
17763
17764
17765
17766
17767
17768
17769
17770
17771
17772
17773
17774
17775
17776
17777
17778
17779
17780
17781
17782
17783
17784
17785
17786
17787
17788
17789
17790
17791
17792
17793
18046
18047
18048
18049
18050
18059
18060
18061
18062
18063
18064
18065
18066
18067
18068
18069
18070
18071
18072
18073
18074
18075
18076
18077
18078
18079
18080
18081
18082
18083
18084
18111
18124
18125
18126
18127
18137
18138
18139
18140
18141
18142
18150
18151
18152
18153
18154
18155
18156
18157
18164
18165
18166
18167
18168
18169
18170
18171
18179
18180
18181
18182
18183
18184
18185
18194
18195
18196
18197
18198
18199
18208
18209
18210
18211
18212
18222
18223
18224
18225
18226
18235
18236
18237
18238
18239
18249
18250
18251
18252
18935
18936
18937
18938
18939
18940
18941
18942
18950
18951
18952
18953
18954
18955
18964
18965
18966
18967
18968
18978
18979
18980
18981
18992
18993
18994
19006
19007
19020
19033
19046
20113
20114
20115
20116
20117
20118
20119
20120
20121
20122
20123
20124
20125
20126
20127
20128
20294
20307
20320
21608
21609
21610
21621
21622
21623
21624
21625
21626
21627
)


// ************************************************************************* //
