/*--------------------------------*- C++ -*----------------------------------*\
| =========                 |                                                 |
| \\      /  F ield         | OpenFOAM: The Open Source CFD Toolbox           |
|  \\    /   O peration     | Version:  2206                                  |
|   \\  /    A nd           | Website:  www.openfoam.com                      |
|    \\/     M anipulation  |                                                 |
\*---------------------------------------------------------------------------*/
FoamFile
{
    version     2.0;
    format      ascii;
    arch        "LSB;label=32;scalar=64";
    class       volScalarField;
    location    "0.01";
    object      nuTilda;
}
// * * * * * * * * * * * * * * * * * * * * * * * * * * * * * * * * * * * * * //

dimensions      [0 2 -1 0 0 0 0];

internalField   nonuniform List<scalar> 
1396
(
3.9592209e-07
3.9592209e-07
3.9592209e-07
3.9592209e-07
3.9592209e-07
3.9592209e-07
3.9592209e-07
3.9592209e-07
3.9592209e-07
3.9592208e-07
3.9592208e-07
3.9592208e-07
3.9592208e-07
3.9592208e-07
3.9592212e-07
3.9592212e-07
3.9592212e-07
3.9592212e-07
3.9592212e-07
3.9592212e-07
3.9592212e-07
3.9592212e-07
3.9592212e-07
3.9592212e-07
3.9592211e-07
3.9592211e-07
3.9592211e-07
3.9592211e-07
3.9592214e-07
3.9592214e-07
3.9592214e-07
3.9592214e-07
3.9592214e-07
3.9592214e-07
3.9592214e-07
3.9592214e-07
3.9592214e-07
3.9592214e-07
3.9592214e-07
3.9592214e-07
3.9592214e-07
3.9592214e-07
3.9592224e-07
3.9592224e-07
3.9592224e-07
3.9592224e-07
3.9592224e-07
3.9592224e-07
3.9592224e-07
3.9592224e-07
3.9592224e-07
3.9592224e-07
3.9592224e-07
3.9592224e-07
3.9592224e-07
3.9592224e-07
3.959221e-07
3.9592212e-07
3.9592214e-07
3.9592211e-07
3.9592213e-07
3.9592215e-07
3.9592212e-07
3.9592214e-07
3.9592215e-07
3.9592213e-07
3.9592214e-07
3.9592216e-07
3.9592212e-07
3.9592214e-07
3.9592215e-07
3.9592216e-07
3.9592214e-07
3.9592215e-07
3.9592216e-07
3.9592217e-07
3.9592215e-07
3.9592216e-07
3.9592216e-07
3.9592217e-07
3.9592216e-07
3.9592216e-07
3.9592217e-07
3.9592218e-07
3.9592216e-07
3.9592216e-07
3.9592217e-07
3.9592218e-07
3.9592218e-07
3.9592217e-07
3.9592217e-07
3.9592218e-07
3.9592218e-07
3.9592219e-07
3.9592217e-07
3.9592218e-07
3.9592218e-07
3.9592219e-07
3.9592219e-07
3.9592218e-07
3.9592218e-07
3.9592218e-07
3.9592219e-07
3.9592219e-07
3.9592219e-07
3.9592218e-07
3.9592219e-07
3.9592219e-07
3.9592219e-07
3.9592219e-07
3.959222e-07
3.9592219e-07
3.9592219e-07
3.9592219e-07
3.9592219e-07
3.959222e-07
3.959222e-07
3.959222e-07
3.9592205e-07
3.9592205e-07
3.9592206e-07
3.9592206e-07
3.9592208e-07
3.9592208e-07
3.9592208e-07
3.9592208e-07
3.9592208e-07
3.9592208e-07
3.9592208e-07
3.9592209e-07
3.9592209e-07
3.9592209e-07
3.9592209e-07
3.9592209e-07
3.9592209e-07
3.9592209e-07
3.9592211e-07
3.9592211e-07
3.9592211e-07
3.9592211e-07
3.9592211e-07
3.9592211e-07
3.9592211e-07
3.9592211e-07
3.9592211e-07
3.9592211e-07
3.9592211e-07
3.9592211e-07
3.9592211e-07
3.9592211e-07
3.9592214e-07
3.9592214e-07
3.9592214e-07
3.9592214e-07
3.9592214e-07
3.9592214e-07
3.9592214e-07
3.9592214e-07
3.9592214e-07
3.9592214e-07
3.9592214e-07
3.9592214e-07
3.9592214e-07
3.9592214e-07
3.9592206e-07
3.9592206e-07
3.9592206e-07
3.9592206e-07
3.9592206e-07
3.9592206e-07
3.9592206e-07
3.9592206e-07
3.9592206e-07
3.9592206e-07
3.9592206e-07
3.9592206e-07
3.9592206e-07
3.9592206e-07
3.9592209e-07
3.9592209e-07
3.9592209e-07
3.9592209e-07
3.9592209e-07
3.9592209e-07
3.9592209e-07
3.9592209e-07
3.9592209e-07
3.9592209e-07
3.9592209e-07
3.9592209e-07
3.9592209e-07
3.9592209e-07
3.9592211e-07
3.9592211e-07
3.9592211e-07
3.9592211e-07
3.9592211e-07
3.9592211e-07
3.9592211e-07
3.9592211e-07
3.9592211e-07
3.9592211e-07
3.9592211e-07
3.9592211e-07
3.9592211e-07
3.9592211e-07
3.9592214e-07
3.9592214e-07
3.9592214e-07
3.9592214e-07
3.9592214e-07
3.9592214e-07
3.9592214e-07
3.9592214e-07
3.9592214e-07
3.9592214e-07
3.9592214e-07
3.9592214e-07
3.9592214e-07
3.9592214e-07
3.9592214e-07
3.9592212e-07
3.9592209e-07
3.9592206e-07
3.9592214e-07
3.9592212e-07
3.9592209e-07
3.9592206e-07
3.9592214e-07
3.9592212e-07
3.9592209e-07
3.9592206e-07
3.9592214e-07
3.9592212e-07
3.9592209e-07
3.9592206e-07
3.9592214e-07
3.9592212e-07
3.9592209e-07
3.9592206e-07
3.9592214e-07
3.9592212e-07
3.9592209e-07
3.9592206e-07
3.9592214e-07
3.9592212e-07
3.9592209e-07
3.9592206e-07
3.9592214e-07
3.9592212e-07
3.9592209e-07
3.9592206e-07
3.9592214e-07
3.9592212e-07
3.9592209e-07
3.9592206e-07
3.9592214e-07
3.9592212e-07
3.9592209e-07
3.9592206e-07
3.9592214e-07
3.9592212e-07
3.9592209e-07
3.9592206e-07
3.9592214e-07
3.9592212e-07
3.9592209e-07
3.9592206e-07
3.9592214e-07
3.9592211e-07
3.9592209e-07
3.9592206e-07
3.9592214e-07
3.9592211e-07
3.9592209e-07
3.9592206e-07
3.9592206e-07
3.9592207e-07
3.9592207e-07
3.9592207e-07
3.9592208e-07
3.9592208e-07
3.9592209e-07
3.959221e-07
3.959221e-07
3.9592211e-07
3.9592211e-07
3.9592212e-07
3.9592213e-07
3.9592213e-07
3.9592209e-07
3.959221e-07
3.959221e-07
3.959221e-07
3.959221e-07
3.9592211e-07
3.9592211e-07
3.9592212e-07
3.9592212e-07
3.9592213e-07
3.9592213e-07
3.9592214e-07
3.9592214e-07
3.9592215e-07
3.9592212e-07
3.9592212e-07
3.9592212e-07
3.9592212e-07
3.9592212e-07
3.9592213e-07
3.9592213e-07
3.9592213e-07
3.9592214e-07
3.9592214e-07
3.9592215e-07
3.9592215e-07
3.9592215e-07
3.9592216e-07
3.9592214e-07
3.9592214e-07
3.9592214e-07
3.9592214e-07
3.9592214e-07
3.9592214e-07
3.9592215e-07
3.9592215e-07
3.9592215e-07
3.9592216e-07
3.9592216e-07
3.9592216e-07
3.9592216e-07
3.9592217e-07
3.9592226e-07
3.9592226e-07
3.9592226e-07
3.9592226e-07
3.9592226e-07
3.9592226e-07
3.9592226e-07
3.9592226e-07
3.9592226e-07
3.9592226e-07
3.9592226e-07
3.9592226e-07
3.9592226e-07
3.9592226e-07
3.9592226e-07
3.9592226e-07
3.9592226e-07
3.9592226e-07
3.9592226e-07
3.9592226e-07
3.9592226e-07
3.9592226e-07
3.9592226e-07
3.9592226e-07
3.9592226e-07
3.9592226e-07
3.9592226e-07
3.9592226e-07
3.9592226e-07
3.9592226e-07
3.9592226e-07
3.9592226e-07
3.9592226e-07
3.9592226e-07
3.9592226e-07
3.9592226e-07
3.9592226e-07
3.9592226e-07
3.9592226e-07
3.9592226e-07
3.9592226e-07
3.9592226e-07
3.9592226e-07
3.9592226e-07
3.9592226e-07
3.9592226e-07
3.9592226e-07
3.9592226e-07
3.9592226e-07
3.9592226e-07
3.9592226e-07
3.9592226e-07
3.9592226e-07
3.9592226e-07
3.9592226e-07
3.9592226e-07
3.9592226e-07
3.9592226e-07
3.9592226e-07
3.9592226e-07
3.9592226e-07
3.9592226e-07
3.9592226e-07
3.9592226e-07
3.9592226e-07
3.9592226e-07
3.9592226e-07
3.9592226e-07
3.9592226e-07
3.9592226e-07
3.9592226e-07
3.9592226e-07
3.9592226e-07
3.9592226e-07
3.9592226e-07
3.9592226e-07
3.9592226e-07
3.9592226e-07
3.9592226e-07
3.9592226e-07
3.9592226e-07
3.9592226e-07
3.9592226e-07
3.9592226e-07
3.9592226e-07
3.9592226e-07
3.9592226e-07
3.9592226e-07
3.9592226e-07
3.9592226e-07
3.9592226e-07
3.9592226e-07
3.9592226e-07
3.9592226e-07
3.9592226e-07
3.9592226e-07
3.9592226e-07
3.9592226e-07
3.9592226e-07
3.9592226e-07
3.9592226e-07
3.9592226e-07
3.9592226e-07
3.9592226e-07
3.9592226e-07
3.9592226e-07
3.9592226e-07
3.9592226e-07
3.9592226e-07
3.9592226e-07
3.9592226e-07
3.9592226e-07
3.9592226e-07
3.9592226e-07
3.9592226e-07
3.9592226e-07
3.9592226e-07
3.9592226e-07
3.9592226e-07
3.9592226e-07
3.9592226e-07
3.9592226e-07
3.9592226e-07
3.9592226e-07
3.9592226e-07
3.9592226e-07
3.9592226e-07
3.9592226e-07
3.9592226e-07
3.9592226e-07
3.9592226e-07
3.9592226e-07
3.9592226e-07
3.9592226e-07
3.9592226e-07
3.9592226e-07
3.9592226e-07
3.9592226e-07
3.9592226e-07
3.9592226e-07
3.9592226e-07
3.9592226e-07
3.9592226e-07
3.9592226e-07
3.9592226e-07
3.9592226e-07
3.9592226e-07
3.9592226e-07
3.9592226e-07
3.9592226e-07
3.9592226e-07
3.9592226e-07
3.9592226e-07
3.9592226e-07
3.9592226e-07
3.9592226e-07
3.9592226e-07
3.9592226e-07
3.9592226e-07
3.9592226e-07
3.9592226e-07
3.9592226e-07
3.9592226e-07
3.9592226e-07
3.9592226e-07
3.9592226e-07
3.9592226e-07
3.9592226e-07
3.9592226e-07
3.9592226e-07
3.9592226e-07
3.9592226e-07
3.9592226e-07
3.9592226e-07
3.9592226e-07
3.9592226e-07
3.9592226e-07
3.9592226e-07
3.9592226e-07
3.9592226e-07
3.9592226e-07
3.9592226e-07
3.9592226e-07
3.9592226e-07
3.9592226e-07
3.9592226e-07
3.9592226e-07
3.9592226e-07
3.9592226e-07
3.9592226e-07
3.9592226e-07
3.9592226e-07
3.9592226e-07
3.9592226e-07
3.9592226e-07
3.9592226e-07
3.9592226e-07
3.9592226e-07
3.9592226e-07
3.9592226e-07
3.9592226e-07
3.9592226e-07
3.9592226e-07
3.9592226e-07
3.9592226e-07
3.9592226e-07
3.9592226e-07
3.9592226e-07
3.9592226e-07
3.9592226e-07
3.9592226e-07
3.9592226e-07
3.9592226e-07
3.9592226e-07
3.9592226e-07
3.9592226e-07
3.9592226e-07
3.9592226e-07
3.9592226e-07
3.9592226e-07
3.9592226e-07
3.9592226e-07
3.9592226e-07
3.9592226e-07
3.9592226e-07
3.9592226e-07
3.9592226e-07
3.9592226e-07
3.9592226e-07
3.9592226e-07
3.9592226e-07
3.9592226e-07
3.9592226e-07
3.9592226e-07
3.9592226e-07
3.9592226e-07
3.9592226e-07
3.9592226e-07
3.9592226e-07
3.9592226e-07
3.9592226e-07
3.9592226e-07
3.9592226e-07
3.9592226e-07
3.9592226e-07
3.9592226e-07
3.9592226e-07
3.9592226e-07
3.9592226e-07
3.9592226e-07
3.9592226e-07
3.9592226e-07
3.9592226e-07
3.9592226e-07
3.9592226e-07
3.9592226e-07
3.9592226e-07
3.9592226e-07
3.9592226e-07
3.9592226e-07
3.9592226e-07
3.9592226e-07
3.9592226e-07
3.9592226e-07
3.9592226e-07
3.9592226e-07
3.9592226e-07
3.9592226e-07
3.9592226e-07
3.9592226e-07
3.9592226e-07
3.9592226e-07
3.9592226e-07
3.9592226e-07
3.9592226e-07
3.9592226e-07
3.9592226e-07
3.9592226e-07
3.9592226e-07
3.9592226e-07
3.9592226e-07
3.9592226e-07
3.9592226e-07
3.9592226e-07
3.9592226e-07
3.9592226e-07
3.9592226e-07
3.9592226e-07
3.9592226e-07
3.9592226e-07
3.9592226e-07
3.9592226e-07
3.9592226e-07
3.9592226e-07
3.9592226e-07
3.9592226e-07
3.9592226e-07
3.9592226e-07
3.9592226e-07
3.9592226e-07
3.9592226e-07
3.9592226e-07
3.9592226e-07
3.9592226e-07
3.9592226e-07
3.9592226e-07
3.9592226e-07
3.9592226e-07
3.9592226e-07
3.9592226e-07
3.9592225e-07
3.9592225e-07
3.9592225e-07
3.9592225e-07
3.9592225e-07
3.9592225e-07
3.9592225e-07
3.9592225e-07
3.9592225e-07
3.9592226e-07
3.9592226e-07
3.9592226e-07
3.9592226e-07
3.9592226e-07
3.9592226e-07
3.9592226e-07
3.9592226e-07
3.9592226e-07
3.9592226e-07
3.9592226e-07
3.9592226e-07
3.9592226e-07
3.9592226e-07
3.9592226e-07
3.9592226e-07
3.9592226e-07
3.9592226e-07
3.9592226e-07
3.9592226e-07
3.9592226e-07
3.9592226e-07
3.9592226e-07
3.9592226e-07
3.9592226e-07
3.9592226e-07
3.9592226e-07
3.9592226e-07
3.9592226e-07
3.9592226e-07
3.9592226e-07
3.9592226e-07
3.9592226e-07
3.9592226e-07
3.9592226e-07
3.9592226e-07
3.9592226e-07
3.9592226e-07
3.9592226e-07
3.9592226e-07
3.9592226e-07
3.9592226e-07
3.9592226e-07
3.9592226e-07
3.9592226e-07
3.9592226e-07
3.9592226e-07
3.9592226e-07
3.9592226e-07
3.9592226e-07
3.9592226e-07
3.9592226e-07
3.9592226e-07
3.9592226e-07
3.9592221e-07
3.9592221e-07
3.9592221e-07
3.959222e-07
3.959222e-07
3.959222e-07
3.9592224e-07
3.9592224e-07
3.9592224e-07
3.9592224e-07
3.9592224e-07
3.9592224e-07
3.9592224e-07
3.9592224e-07
3.9592225e-07
3.9592225e-07
3.9592225e-07
3.9592225e-07
3.9592225e-07
3.9592225e-07
3.9592225e-07
3.9592225e-07
3.9592225e-07
3.9592226e-07
3.9592226e-07
3.9592226e-07
3.9592225e-07
3.9592225e-07
3.9592225e-07
3.9592225e-07
3.9592225e-07
3.9592225e-07
3.9592225e-07
3.9592226e-07
3.9592226e-07
3.9592226e-07
3.9592226e-07
3.9592226e-07
3.9592226e-07
3.9592226e-07
3.9592226e-07
3.9592226e-07
3.9592226e-07
3.9592226e-07
3.9592226e-07
3.9592226e-07
3.9592226e-07
3.9592226e-07
3.9592226e-07
3.9592226e-07
3.9592226e-07
3.9592226e-07
3.9592226e-07
3.9592226e-07
3.9592226e-07
3.9592226e-07
3.9592226e-07
3.9592226e-07
3.9592226e-07
3.9592226e-07
3.9592226e-07
3.9592226e-07
3.9592226e-07
3.9592226e-07
3.9592226e-07
3.9592226e-07
3.9592226e-07
3.9592226e-07
3.9592226e-07
3.9592226e-07
3.9592226e-07
3.9592226e-07
3.9592226e-07
3.9592226e-07
3.9592226e-07
3.9592226e-07
3.9592226e-07
3.9592226e-07
3.9592226e-07
3.9592226e-07
3.9592226e-07
3.9592226e-07
3.9592226e-07
3.9592226e-07
3.9592226e-07
3.9592226e-07
3.9592226e-07
3.9592226e-07
3.9592226e-07
3.9592226e-07
3.9592226e-07
3.9592226e-07
3.9592226e-07
3.9592226e-07
3.9592226e-07
3.9592226e-07
3.9592226e-07
3.9592226e-07
3.9592226e-07
3.9592226e-07
3.9592226e-07
3.9592226e-07
3.9592226e-07
3.9592226e-07
3.9592226e-07
3.9592226e-07
3.9592226e-07
3.9592226e-07
3.9592226e-07
3.9592226e-07
3.9592226e-07
3.9592226e-07
3.9592226e-07
3.9592226e-07
3.9592226e-07
3.9592226e-07
3.9592226e-07
3.9592226e-07
3.9592226e-07
3.9592226e-07
3.9592226e-07
3.9592226e-07
3.9592226e-07
3.9592226e-07
3.9592226e-07
3.9592226e-07
3.9592226e-07
3.9592226e-07
3.9592226e-07
3.9592226e-07
3.9592226e-07
3.9592226e-07
3.9592226e-07
3.9592226e-07
3.9592226e-07
3.9592226e-07
3.9592226e-07
3.9592226e-07
3.9592226e-07
3.9592226e-07
3.9592226e-07
3.9592226e-07
3.9592226e-07
3.9592226e-07
3.9592226e-07
3.9592226e-07
3.9592226e-07
3.9592226e-07
3.9592226e-07
3.9592226e-07
3.9592226e-07
3.9592226e-07
3.9592226e-07
3.9592226e-07
3.9592226e-07
3.9592226e-07
3.9592226e-07
3.9592226e-07
3.9592226e-07
3.9592226e-07
3.9592226e-07
3.9592226e-07
3.9592226e-07
3.9592226e-07
3.9592226e-07
3.9592225e-07
3.9592225e-07
3.9592225e-07
3.9592226e-07
3.9592226e-07
3.9592226e-07
3.9592226e-07
3.9592226e-07
3.9592226e-07
3.9592226e-07
3.9592226e-07
3.9592226e-07
3.9592226e-07
3.9592226e-07
3.9592224e-07
3.9592226e-07
3.9592224e-07
3.9592226e-07
3.9592224e-07
3.9592226e-07
3.9592224e-07
3.9592226e-07
3.9592224e-07
3.9592226e-07
3.9592224e-07
3.9592226e-07
3.9592224e-07
3.9592226e-07
3.9592224e-07
3.9592226e-07
3.9592224e-07
3.9592226e-07
3.9592224e-07
3.9592226e-07
3.9592224e-07
3.9592226e-07
3.9592224e-07
3.9592226e-07
3.9592224e-07
3.9592226e-07
3.9592224e-07
3.9592224e-07
3.9592226e-07
3.9592224e-07
3.9592226e-07
3.9592224e-07
3.9592226e-07
3.9592224e-07
3.9592226e-07
3.9592224e-07
3.9592226e-07
3.9592224e-07
3.9592226e-07
3.9592224e-07
3.9592226e-07
3.9592224e-07
3.9592226e-07
3.9592224e-07
3.9592226e-07
3.9592224e-07
3.9592226e-07
3.9592224e-07
3.9592226e-07
3.9592224e-07
3.9592226e-07
3.9592224e-07
3.9592226e-07
3.9592224e-07
3.9592226e-07
3.9592224e-07
3.9592224e-07
3.9592224e-07
3.9592224e-07
3.9592224e-07
3.9592224e-07
3.9592224e-07
3.9592224e-07
3.9592224e-07
3.9592224e-07
3.9592224e-07
3.9592224e-07
3.9592226e-07
3.9592224e-07
3.9592226e-07
3.9592224e-07
3.9592224e-07
3.9592224e-07
3.9592224e-07
3.9592224e-07
3.9592224e-07
3.9592224e-07
3.9592224e-07
3.9592224e-07
3.9592224e-07
3.9592224e-07
3.9592224e-07
3.9592224e-07
3.9592224e-07
3.9592224e-07
3.9592226e-07
3.9592226e-07
3.9592226e-07
3.9592226e-07
3.9592226e-07
3.9592226e-07
3.9592226e-07
3.9592226e-07
3.9592226e-07
3.9592226e-07
3.9592226e-07
3.9592226e-07
3.9592226e-07
3.9592226e-07
3.9592226e-07
3.9592224e-07
3.9592226e-07
3.9592224e-07
3.9592226e-07
3.9592224e-07
3.9592226e-07
3.9592224e-07
3.9592226e-07
3.9592224e-07
3.9592226e-07
3.9592224e-07
3.9592226e-07
3.9592224e-07
3.9592226e-07
3.9592224e-07
3.9592226e-07
3.9592224e-07
3.9592226e-07
3.9592224e-07
3.9592226e-07
3.9592224e-07
3.9592226e-07
3.9592224e-07
3.9592226e-07
3.9592224e-07
3.9592226e-07
3.9592224e-07
3.9592225e-07
3.9592225e-07
3.9592225e-07
3.9592225e-07
3.9592225e-07
3.9592225e-07
3.9592225e-07
3.9592225e-07
3.9592225e-07
3.9592225e-07
3.9592225e-07
3.9592225e-07
3.9592225e-07
3.9592225e-07
3.9592225e-07
3.9592225e-07
3.9592225e-07
3.9592225e-07
3.9592225e-07
3.9592225e-07
3.9592225e-07
3.9592225e-07
3.9592225e-07
3.9592225e-07
3.9592225e-07
3.9592226e-07
3.9592226e-07
3.9592226e-07
3.9592226e-07
3.9592226e-07
3.9592226e-07
3.9592226e-07
3.9592226e-07
3.9592226e-07
3.9592226e-07
3.9592226e-07
3.9592226e-07
3.9592226e-07
3.9592226e-07
3.9592226e-07
3.9592226e-07
3.9592226e-07
3.9592226e-07
3.9592226e-07
3.9592226e-07
3.9592226e-07
3.9592226e-07
3.9592226e-07
3.9592226e-07
3.9592226e-07
3.9592226e-07
3.9592226e-07
3.9592226e-07
3.9592226e-07
3.9592226e-07
3.9592226e-07
3.9592226e-07
3.9592226e-07
3.9592226e-07
3.9592226e-07
3.9592226e-07
3.9592226e-07
3.9592226e-07
3.9592226e-07
3.9592226e-07
3.9592226e-07
3.9592226e-07
3.9592226e-07
3.9592226e-07
3.9592226e-07
3.9592226e-07
3.9592226e-07
3.9592226e-07
3.9592226e-07
3.9592226e-07
3.9592226e-07
3.9592226e-07
3.9592226e-07
3.9592226e-07
3.9592226e-07
3.9592226e-07
3.9592226e-07
3.9592226e-07
3.9592226e-07
3.9592226e-07
3.9592226e-07
3.9592226e-07
3.9592226e-07
3.9592226e-07
3.9592226e-07
3.9592226e-07
3.9592226e-07
3.9592226e-07
3.9592226e-07
3.9592226e-07
3.9592226e-07
3.9592226e-07
3.9592226e-07
3.9592226e-07
3.9592226e-07
3.9592226e-07
3.9592226e-07
3.9592226e-07
3.9592226e-07
3.9592226e-07
3.9592226e-07
3.9592226e-07
3.9592226e-07
3.9592226e-07
3.9592226e-07
3.9592226e-07
3.9592226e-07
3.9592226e-07
3.9592226e-07
3.9592226e-07
3.9592226e-07
3.9592226e-07
3.9592226e-07
3.9592226e-07
3.9592226e-07
3.9592226e-07
3.9592226e-07
3.9592226e-07
3.9592226e-07
3.9592226e-07
3.9592226e-07
3.9592226e-07
3.9592226e-07
3.9592226e-07
3.9592226e-07
3.9592226e-07
3.9592226e-07
3.9592226e-07
3.9592226e-07
3.9592226e-07
3.9592226e-07
3.9592226e-07
3.9592226e-07
3.9592226e-07
3.9592226e-07
3.9592226e-07
3.9592226e-07
3.9592226e-07
3.9592226e-07
3.9592226e-07
3.9592226e-07
3.9592226e-07
3.9592226e-07
3.9592226e-07
3.9592226e-07
3.9592226e-07
3.9592226e-07
3.9592226e-07
3.9592226e-07
3.9592226e-07
3.9592226e-07
3.9592226e-07
3.9592226e-07
3.9592226e-07
3.9592226e-07
3.9592226e-07
3.9592226e-07
3.9592226e-07
3.9592226e-07
3.9592226e-07
3.9592226e-07
3.9592226e-07
3.9592226e-07
3.9592226e-07
3.9592226e-07
3.9592226e-07
3.9592226e-07
3.9592226e-07
3.9592226e-07
3.9592226e-07
3.9592226e-07
3.9592226e-07
3.9592226e-07
3.9592226e-07
3.9592226e-07
3.9592226e-07
3.9592226e-07
3.9592226e-07
3.9592226e-07
3.9592226e-07
3.9592226e-07
3.9592226e-07
3.9592226e-07
3.9592226e-07
3.9592226e-07
3.9592225e-07
3.9592225e-07
3.9592226e-07
3.9592226e-07
3.9592226e-07
3.9592226e-07
3.9592226e-07
3.9592226e-07
3.9592226e-07
3.9592226e-07
3.9592226e-07
3.9592226e-07
3.9592226e-07
3.9592225e-07
3.9592225e-07
3.9592226e-07
3.9592226e-07
3.9592226e-07
3.9592226e-07
3.9592226e-07
3.9592226e-07
3.9592226e-07
3.9592226e-07
3.9592226e-07
3.9592226e-07
3.9592226e-07
3.9592225e-07
3.9592225e-07
3.9592226e-07
3.9592226e-07
3.9592226e-07
3.9592226e-07
3.9592226e-07
3.9592226e-07
3.9592226e-07
3.9592226e-07
3.9592226e-07
3.9592226e-07
3.9592226e-07
3.9592225e-07
3.9592225e-07
3.9592222e-07
3.9592226e-07
3.9592226e-07
3.9592226e-07
3.9592226e-07
3.9592226e-07
3.9592226e-07
3.9592226e-07
3.9592226e-07
3.9592226e-07
3.9592226e-07
3.9592226e-07
3.9592225e-07
3.9592225e-07
3.9592222e-07
3.9592226e-07
3.9592226e-07
3.9592226e-07
3.9592226e-07
3.9592226e-07
3.9592226e-07
3.9592226e-07
3.9592226e-07
3.9592226e-07
3.9592226e-07
3.9592226e-07
3.9592225e-07
3.9592225e-07
3.9592223e-07
3.9592226e-07
3.9592226e-07
3.9592226e-07
3.9592226e-07
3.9592226e-07
3.9592226e-07
3.9592226e-07
3.9592226e-07
3.9592226e-07
3.9592226e-07
3.9592226e-07
3.9592225e-07
3.9592225e-07
3.9592223e-07
3.9592226e-07
3.9592226e-07
3.9592226e-07
3.9592226e-07
3.9592226e-07
3.9592226e-07
3.9592226e-07
3.9592226e-07
3.9592226e-07
3.9592226e-07
3.9592226e-07
3.9592225e-07
3.9592225e-07
3.9592223e-07
3.9592226e-07
3.9592226e-07
3.9592226e-07
3.9592226e-07
3.9592226e-07
3.9592226e-07
3.9592226e-07
3.9592226e-07
3.9592226e-07
3.9592226e-07
3.9592226e-07
3.9592225e-07
3.9592225e-07
3.9592223e-07
3.9592226e-07
3.9592226e-07
3.9592226e-07
3.9592226e-07
3.9592226e-07
3.9592226e-07
3.9592226e-07
3.9592226e-07
3.9592226e-07
3.9592226e-07
3.9592226e-07
3.9592225e-07
3.9592225e-07
3.9592223e-07
3.9592226e-07
3.9592226e-07
3.9592226e-07
3.9592226e-07
3.9592226e-07
3.9592226e-07
3.9592226e-07
3.9592226e-07
3.9592226e-07
3.9592226e-07
3.9592226e-07
3.9592225e-07
3.9592225e-07
3.9592223e-07
3.9592226e-07
3.9592226e-07
3.9592226e-07
3.9592226e-07
3.9592226e-07
3.9592226e-07
3.9592226e-07
3.9592226e-07
3.9592226e-07
3.9592226e-07
3.9592226e-07
3.9592225e-07
3.9592225e-07
3.9592223e-07
3.9592226e-07
3.9592226e-07
3.9592226e-07
3.9592226e-07
3.9592226e-07
3.9592226e-07
3.9592226e-07
3.9592226e-07
3.9592226e-07
3.9592226e-07
3.9592226e-07
3.9592225e-07
3.9592225e-07
3.9592223e-07
3.9592226e-07
3.9592226e-07
3.9592226e-07
3.9592226e-07
3.9592226e-07
3.9592226e-07
3.9592226e-07
3.9592226e-07
3.9592226e-07
3.9592226e-07
3.9592226e-07
3.9592225e-07
3.9592225e-07
3.9592223e-07
3.9592225e-07
3.9592225e-07
3.9592226e-07
3.9592226e-07
3.9592226e-07
3.9592226e-07
3.9592226e-07
3.9592226e-07
3.9592226e-07
3.9592226e-07
3.9592226e-07
3.9592226e-07
3.9592226e-07
)
;

boundaryField
{
    Side
    {
        type            empty;
    }
    Inlet
    {
        type            inletOutlet;
        inletValue      uniform 3.9592226e-07;
        value           nonuniform List<scalar> 
82
(
3.9592226e-07
3.9592226e-07
3.9592226e-07
3.9592226e-07
3.9592226e-07
3.9592226e-07
3.9592226e-07
3.9592226e-07
3.9592226e-07
3.9592226e-07
3.9592226e-07
3.9592226e-07
3.9592226e-07
3.9592226e-07
3.9592226e-07
3.9592226e-07
3.9592226e-07
3.9592226e-07
3.9592226e-07
3.9592226e-07
3.9592226e-07
3.9592226e-07
3.9592226e-07
3.9592226e-07
3.9592226e-07
3.9592226e-07
3.9592226e-07
3.9592226e-07
3.9592226e-07
3.9592226e-07
3.9592226e-07
3.9592226e-07
3.9592226e-07
3.9592226e-07
3.9592226e-07
3.9592226e-07
3.9592226e-07
3.9592226e-07
3.9592226e-07
3.9592226e-07
3.9592226e-07
3.9592226e-07
3.9592226e-07
3.9592226e-07
3.9592226e-07
3.9592226e-07
3.9592226e-07
3.9592226e-07
3.9592226e-07
3.9592226e-07
3.9592226e-07
3.9592226e-07
3.9592226e-07
3.9592226e-07
3.9592226e-07
3.9592226e-07
3.9592226e-07
3.9592226e-07
3.9592226e-07
3.9592226e-07
3.9592226e-07
3.9592226e-07
3.9592226e-07
3.9592226e-07
3.9592226e-07
3.9592226e-07
3.9592226e-07
3.9592226e-07
3.9592226e-07
3.9592226e-07
3.9592226e-07
3.9592226e-07
3.9592226e-07
3.9592226e-07
3.9592226e-07
3.9592226e-07
3.9592226e-07
3.9592226e-07
3.9592226e-07
3.9592226e-07
3.9592226e-07
3.9592226e-07
)
;
    }
    Airfoil
    {
        type            nutUSpaldingWallFunction;
        value           nonuniform List<scalar> 0();
    }
    Outlet
    {
        type            zeroGradient;
    }
    Flap
    {
        type            nutUSpaldingWallFunction;
        value           nonuniform List<scalar> 0();
    }
    procBoundary6to5
    {
        type            processor;
        value           nonuniform List<scalar> 
188
(
3.9592205e-07
3.9592205e-07
3.9592205e-07
3.9592205e-07
3.9592205e-07
3.9592205e-07
3.9592205e-07
3.9592204e-07
3.9592204e-07
3.9592204e-07
3.9592204e-07
3.9592204e-07
3.9592204e-07
3.9592204e-07
3.9592206e-07
3.9592208e-07
3.959221e-07
3.9592211e-07
3.9592211e-07
3.9592211e-07
3.9592212e-07
3.9592213e-07
3.9592215e-07
3.9592215e-07
3.9592215e-07
3.9592216e-07
3.9592217e-07
3.9592217e-07
3.9592217e-07
3.9592218e-07
3.9592218e-07
3.9592218e-07
3.9592218e-07
3.9592218e-07
3.9592219e-07
3.9592219e-07
3.9592201e-07
3.9592201e-07
3.9592201e-07
3.9592202e-07
3.9592204e-07
3.9592204e-07
3.9592204e-07
3.9592204e-07
3.9592204e-07
3.9592204e-07
3.9592205e-07
3.9592205e-07
3.9592205e-07
3.9592205e-07
3.9592205e-07
3.9592202e-07
3.9592202e-07
3.9592202e-07
3.9592202e-07
3.9592202e-07
3.9592202e-07
3.9592202e-07
3.9592202e-07
3.9592202e-07
3.9592202e-07
3.9592202e-07
3.9592202e-07
3.9592202e-07
3.9592202e-07
3.9592202e-07
3.9592202e-07
3.9592202e-07
3.9592202e-07
3.9592202e-07
3.9592202e-07
3.9592202e-07
3.9592202e-07
3.9592202e-07
3.9592202e-07
3.9592202e-07
3.9592202e-07
3.9592202e-07
3.9592202e-07
3.959221e-07
3.9592203e-07
3.9592203e-07
3.9592203e-07
3.9592204e-07
3.9592205e-07
3.9592205e-07
3.9592206e-07
3.9592207e-07
3.9592208e-07
3.9592208e-07
3.9592209e-07
3.959221e-07
3.9592211e-07
3.9592212e-07
3.9592212e-07
3.9592226e-07
3.9592226e-07
3.9592226e-07
3.9592226e-07
3.9592226e-07
3.9592226e-07
3.9592226e-07
3.9592226e-07
3.9592226e-07
3.9592225e-07
3.9592225e-07
3.9592225e-07
3.9592225e-07
3.9592225e-07
3.9592225e-07
3.9592226e-07
3.9592226e-07
3.9592226e-07
3.9592226e-07
3.9592226e-07
3.9592226e-07
3.9592226e-07
3.9592226e-07
3.9592226e-07
3.9592225e-07
3.9592225e-07
3.9592225e-07
3.9592225e-07
3.9592225e-07
3.9592225e-07
3.9592225e-07
3.9592225e-07
3.9592225e-07
3.9592225e-07
3.9592225e-07
3.9592225e-07
3.9592225e-07
3.9592225e-07
3.9592225e-07
3.9592226e-07
3.9592226e-07
3.9592226e-07
3.9592226e-07
3.9592226e-07
3.9592226e-07
3.9592226e-07
3.9592226e-07
3.9592226e-07
3.9592226e-07
3.9592226e-07
3.9592226e-07
3.9592226e-07
3.9592226e-07
3.9592226e-07
3.9592226e-07
3.9592226e-07
3.9592226e-07
3.9592219e-07
3.9592219e-07
3.9592219e-07
3.9592224e-07
3.9592224e-07
3.9592225e-07
3.9592225e-07
3.9592225e-07
3.9592225e-07
3.9592226e-07
3.9592226e-07
3.9592226e-07
3.9592226e-07
3.9592226e-07
3.9592226e-07
3.9592226e-07
3.9592226e-07
3.9592222e-07
3.9592222e-07
3.9592222e-07
3.9592222e-07
3.9592222e-07
3.9592222e-07
3.9592222e-07
3.9592222e-07
3.9592222e-07
3.9592222e-07
3.9592222e-07
3.9592225e-07
3.9592225e-07
3.9592225e-07
3.9592225e-07
3.9592222e-07
3.9592222e-07
3.9592222e-07
3.9592222e-07
)
;
    }
    procBoundary6to7
    {
        type            processor;
        value           nonuniform List<scalar> 
120
(
3.9592226e-07
3.9592226e-07
3.9592226e-07
3.9592226e-07
3.9592226e-07
3.9592226e-07
3.9592226e-07
3.9592226e-07
3.9592226e-07
3.9592226e-07
3.9592226e-07
3.9592226e-07
3.9592226e-07
3.9592226e-07
3.9592226e-07
3.9592226e-07
3.9592226e-07
3.9592226e-07
3.9592226e-07
3.9592226e-07
3.9592226e-07
3.9592226e-07
3.9592226e-07
3.9592226e-07
3.9592226e-07
3.9592226e-07
3.9592226e-07
3.9592226e-07
3.9592226e-07
3.9592226e-07
3.9592226e-07
3.9592226e-07
3.9592226e-07
3.9592226e-07
3.9592226e-07
3.9592226e-07
3.9592226e-07
3.9592226e-07
3.9592226e-07
3.9592226e-07
3.9592226e-07
3.9592226e-07
3.9592226e-07
3.9592226e-07
3.9592226e-07
3.9592226e-07
3.9592226e-07
3.9592226e-07
3.9592226e-07
3.9592226e-07
3.9592226e-07
3.9592226e-07
3.9592226e-07
3.9592226e-07
3.9592226e-07
3.9592226e-07
3.9592226e-07
3.9592226e-07
3.9592226e-07
3.9592226e-07
3.9592226e-07
3.9592226e-07
3.9592226e-07
3.9592226e-07
3.9592226e-07
3.9592226e-07
3.9592226e-07
3.9592226e-07
3.9592226e-07
3.9592226e-07
3.9592226e-07
3.9592226e-07
3.9592226e-07
3.9592226e-07
3.9592226e-07
3.9592226e-07
3.9592226e-07
3.9592226e-07
3.9592226e-07
3.9592226e-07
3.9592226e-07
3.9592226e-07
3.9592226e-07
3.9592226e-07
3.9592226e-07
3.9592226e-07
3.9592226e-07
3.9592226e-07
3.9592226e-07
3.9592226e-07
3.9592226e-07
3.9592226e-07
3.9592226e-07
3.9592226e-07
3.9592226e-07
3.9592226e-07
3.9592226e-07
3.9592226e-07
3.9592226e-07
3.9592226e-07
3.9592226e-07
3.9592226e-07
3.9592226e-07
3.9592226e-07
3.9592226e-07
3.9592226e-07
3.9592226e-07
3.9592226e-07
3.9592226e-07
3.9592226e-07
3.9592226e-07
3.9592226e-07
3.9592226e-07
3.9592226e-07
3.9592226e-07
3.9592226e-07
3.9592226e-07
3.9592226e-07
3.9592226e-07
3.9592226e-07
)
;
    }
}


// ************************************************************************* //
