/*--------------------------------*- C++ -*----------------------------------*\
| =========                 |                                                 |
| \\      /  F ield         | OpenFOAM: The Open Source CFD Toolbox           |
|  \\    /   O peration     | Version:  2206                                  |
|   \\  /    A nd           | Website:  www.openfoam.com                      |
|    \\/     M anipulation  |                                                 |
\*---------------------------------------------------------------------------*/
FoamFile
{
    version     2.0;
    format      ascii;
    arch        "LSB;label=32;scalar=64";
    class       volVectorField;
    location    "0.01";
    object      U;
}
// * * * * * * * * * * * * * * * * * * * * * * * * * * * * * * * * * * * * * //

dimensions      [0 1 -1 0 0 0 0];

internalField   nonuniform List<vector> 
1396
(
(0.85671779 0.043699275 0)
(0.85671779 0.043699275 0)
(0.85671779 0.043699275 2.4406846e-21)
(0.85671779 0.043699275 -2.4408383e-21)
(0.85671779 0.043699275 0)
(0.85671779 0.043699275 -1.2205729e-21)
(0.85671779 0.043699275 1.2206498e-21)
(0.85671779 0.043699275 0)
(0.85671779 0.043699275 1.2208036e-21)
(0.85671779 0.043699275 -1.2208805e-21)
(0.85671779 0.043699275 0)
(0.85671779 0.043699275 -1.2210343e-21)
(0.85671779 0.043699275 2.4422226e-21)
(0.85671779 0.043699275 -2.4423793e-21)
(0.85671779 0.043699275 0)
(0.85671779 0.043699275 2.5229784e-21)
(0.85671779 0.043699275 -2.5231426e-21)
(0.85671779 0.043699275 0)
(0.85671779 0.043699275 -1.2617356e-21)
(0.85671779 0.043699275 1.2618177e-21)
(0.85671779 0.043699275 1.2618999e-21)
(0.85671779 0.043699275 -1.2619821e-21)
(0.85671779 0.043699275 0)
(0.85671779 0.043699275 -1.2621465e-21)
(0.85671779 0.043699275 1.2622287e-21)
(0.85671779 0.043699275 -1.2623109e-21)
(0.85671779 0.043699275 -3.5907402e-34)
(0.85671779 0.043699275 1.262477e-21)
(0.85671779 0.043699275 -2.6089375e-35)
(0.85671779 0.043699275 -2.6111909e-21)
(0.85671779 0.043699275 0)
(0.85671779 0.043699275 0)
(0.85671779 0.043699275 1.3058594e-21)
(0.85671779 0.043699275 -1.3059474e-21)
(0.85671779 0.043699275 0)
(0.85671779 0.043699275 0)
(0.85671779 0.043699275 -1.3062115e-21)
(0.85671779 0.043699275 1.3062996e-21)
(0.85671779 0.043699275 -1.3063876e-21)
(0.85671779 0.043699275 -9.0219819e-34)
(0.85671779 0.043699275 1.3065638e-21)
(0.85671779 0.043699275 0)
(0.85671779 0.043699275 0)
(0.85671779 0.043699275 4.3037036e-21)
(0.85671779 0.043699275 -4.3036439e-21)
(0.85671779 0.043699275 0)
(0.85671779 0.043699275 0)
(0.85671779 0.043699275 0)
(0.85671779 0.043699275 0)
(0.85671779 0.043699275 2.1516726e-21)
(0.85671779 0.043699275 -2.1516428e-21)
(0.85671779 0.043699275 0)
(0.85671779 0.043699275 5.3789576e-22)
(0.85671779 0.043699275 -5.3788829e-22)
(0.85671779 0.043699275 5.3788083e-22)
(0.85671779 0.043699275 -5.3787389e-22)
(0.85671779 0.043699275 -1.1691097e-34)
(0.85671779 0.043699275 -2.4611739e-22)
(0.85671779 0.043699275 2.4706378e-22)
(0.85671779 0.043699275 0)
(0.85671779 0.043699275 -1.2848298e-22)
(0.85671779 0.043699275 1.289989e-22)
(0.85671779 0.043699275 -5.3539001e-22)
(0.85671779 0.043699275 2.68815e-22)
(0.85671779 0.043699275 -2.699444e-22)
(0.85671779 0.043699275 2.8057897e-22)
(0.85671779 0.043699275 0)
(0.85671779 0.043699275 2.8305111e-22)
(0.85671779 0.043699275 2.9341971e-22)
(0.85671779 0.043699275 2.9476584e-22)
(0.85671779 0.043699275 1.4806219e-22)
(0.85671779 0.043699275 -1.4874775e-22)
(0.85671779 0.043699275 1.544854e-22)
(0.85671779 0.043699275 0)
(0.85671779 0.043699275 0)
(0.85671779 0.043699275 0)
(0.85671779 0.043699275 -1.6313127e-22)
(0.85671779 0.043699275 1.6396387e-22)
(0.85671779 0.043699275 0)
(0.85671779 0.043699275 0)
(0.85671779 0.043699275 -6.9120902e-22)
(0.85671779 0.043699275 -5.2121036e-22)
(0.85671779 0.043699275 1.7468148e-22)
(0.85671779 0.043699275 0)
(0.85671779 0.043699275 -1.8264779e-22)
(0.85671779 0.043699275 1.102153e-21)
(0.85671779 0.043699275 -3.6949711e-22)
(0.85671779 0.043699275 3.7163433e-22)
(0.85671779 0.043699275 -3.7379641e-22)
(0.85671779 0.043699275 -7.7943126e-22)
(0.85671779 0.043699275 0)
(0.85671779 0.043699275 1.9725068e-22)
(0.85671779 0.043699275 -3.9693857e-22)
(0.85671779 0.043699275 1.9970304e-22)
(0.85671779 0.043699275 -6.2645182e-22)
(0.85671779 0.043699275 8.4073389e-22)
(0.85671779 0.043699275 4.2313536e-22)
(0.85671779 0.043699275 0)
(0.85671779 0.043699275 2.1439151e-22)
(0.85671779 0.043699275 -1.5635705e-21)
(0.85671779 0.043699275 8.9972462e-22)
(0.85671779 0.043699275 4.530343e-22)
(0.85671779 0.043699275 -6.8437701e-22)
(0.85671779 0.043699275 -2.2975719e-22)
(0.85671779 0.043699275 2.3141224e-22)
(0.85671779 0.043699275 0)
(0.85671779 0.043699275 0)
(0.85671779 0.043699275 2.4560336e-22)
(0.85671779 0.043699275 0)
(0.85671779 0.043699275 0)
(0.85671779 0.043699275 -5.0273722e-22)
(0.85671779 0.043699275 -1.0465948e-21)
(0.85671779 0.043699275 2.374175e-21)
(0.85671779 0.043699275 -2.1278506e-21)
(0.85671779 0.043699275 8.0460569e-22)
(0.85671779 0.043699275 0)
(0.85671779 0.043699275 2.7275615e-22)
(0.85671779 0.043699275 2.750918e-22)
(0.85671779 0.043699275 1.88747e-22)
(0.85671779 0.043699275 1.7540714e-35)
(0.85671779 0.043699275 4.8948142e-23)
(0.85671779 0.043699275 1.4963721e-22)
(0.85671779 0.043699275 1.297036e-21)
(0.85671779 0.043699275 -9.0571036e-22)
(0.85671779 0.043699275 3.3460169e-22)
(0.85671779 0.043699275 4.2503053e-22)
(0.85671779 0.043699275 1.7281291e-22)
(0.85671779 0.043699275 -3.5141485e-22)
(0.85671779 0.043699275 -8.9350274e-23)
(0.85671779 0.043699275 1.7993651e-35)
(0.85671779 0.043699275 9.2501759e-23)
(0.85671779 0.043699275 5.1643366e-36)
(0.85671779 0.043699275 -1.9176737e-22)
(0.85671779 0.043699275 1.9533822e-22)
(0.85671779 0.043699275 -1.4928343e-22)
(0.85671779 0.043699275 -1.5217067e-22)
(0.85671779 0.043699275 6.5741213e-22)
(0.85671779 0.043699275 -7.513605e-22)
(0.85671779 0.043699275 4.2417383e-23)
(0.85671779 0.043699275 0)
(0.85671779 0.043699275 2.6301213e-22)
(0.85671779 0.043699275 -2.6748298e-22)
(0.85671779 0.043699275 4.5351409e-23)
(0.85671779 0.043699275 -1.3844836e-22)
(0.85671779 0.043699275 0)
(0.85671779 0.043699275 3.348301e-22)
(0.85671779 0.043699275 -1.9488597e-22)
(0.85671779 0.043699275 2.4821878e-22)
(0.85671779 0.043699275 -1.5180482e-22)
(0.85671779 0.043699275 1.0319426e-22)
(0.85671779 0.043699275 6.6655363e-22)
(0.85671779 0.043699275 -1.0159694e-21)
(0.85671779 0.043699275 4.3026563e-23)
(0.85671779 0.043699275 -1.0832129e-34)
(0.85671779 0.043699275 3.5589006e-22)
(0.85671779 0.043699275 0)
(0.85671779 0.043699275 4.6048471e-23)
(0.85671779 0.043699275 4.6871457e-23)
(0.85671779 0.043699275 0)
(0.85671779 0.043699275 1.4582687e-22)
(0.85671779 0.043699275 -2.9716153e-22)
(0.85671779 0.043699275 5.0480226e-23)
(0.85671779 0.043699275 -5.1470951e-23)
(0.85671779 0.043699275 2.2499237e-36)
(0.85671779 0.043699275 -1.1895709e-22)
(0.85671779 0.043699275 2.8616737e-22)
(0.85671779 0.043699275 -2.1513089e-22)
(0.85671779 0.043699275 -4.0731744e-22)
(0.85671779 0.043699275 -1.7329277e-34)
(0.85671779 0.043699275 3.6110229e-22)
(0.85671779 0.043699275 0)
(0.85671779 0.043699275 -2.4188205e-23)
(0.85671779 0.043699275 7.5162527e-22)
(0.85671779 0.043699275 -7.5342475e-22)
(0.85671779 0.043699275 7.5523285e-22)
(0.85671779 0.043699275 -3.8174693e-34)
(0.85671779 0.043699275 -7.8335507e-22)
(0.85671779 0.043699275 -7.6070918e-22)
(0.85671779 0.043699275 -1.1057051e-22)
(0.85671779 0.043699275 2.9556972e-22)
(0.85671779 0.043699275 -1.2345359e-23)
(0.85671779 0.043699275 -6.0639749e-22)
(0.85671779 0.043699275 4.0938828e-22)
(0.85671779 0.043699275 -1.24361e-23)
(0.85671779 0.043699275 1.2466644e-23)
(0.85671779 0.043699275 7.8733237e-22)
(0.85671779 0.043699275 -8.1433206e-22)
(0.85671779 0.043699275 0)
(0.85671779 0.043699275 -1.2590337e-23)
(0.85671779 0.043699275 0)
(0.85671779 0.043699275 -8.2245201e-22)
(0.85671779 0.043699275 -5.040091e-34)
(0.85671779 0.043699275 1.2701941e-23)
(0.85671779 0.043699275 -6.3668948e-24)
(0.85671779 0.043699275 1.2765815e-23)
(0.85671779 0.043699275 4.1593508e-22)
(0.85671779 0.043699275 -8.3397292e-22)
(0.85671779 0.043699275 4.3090605e-22)
(0.85671779 0.043699275 -1.934332e-23)
(0.85671779 0.043699275 -8.1448872e-22)
(0.85671779 0.043699275 1.6720213e-21)
(0.85671779 0.043699275 -8.2515633e-22)
(0.85671779 0.043699275 -8.2727427e-22)
(0.85671779 0.043699275 8.359338e-22)
(0.85671779 0.043699275 1.9642745e-23)
(0.85671779 0.043699275 6.5645158e-24)
(0.85671779 0.043699275 -1.051798e-22)
(0.85671779 0.043699275 3.2294919e-22)
(0.85671779 0.043699275 -2.1145473e-22)
(0.85671779 0.043699275 4.3063869e-22)
(0.85671779 0.043699275 -8.5024654e-22)
(0.85671779 0.043699275 4.1957889e-22)
(0.85671779 0.043699275 6.6775055e-24)
(0.85671779 0.043699275 -8.5697552e-22)
(0.85671779 0.043699275 8.5924224e-22)
(0.85671779 0.043699275 -6.7306329e-24)
(0.85671779 0.043699275 6.7485302e-24)
(0.85671779 0.043699275 -8.6611494e-22)
(0.85671779 0.043699275 -6.7846121e-24)
(0.85671779 0.043699275 -6.8027975e-24)
(0.85671779 0.043699275 -4.5538106e-22)
(0.85671779 0.043699275 -4.818404e-22)
(0.85671779 0.043699275 -5.1156423e-22)
(0.85671779 0.043699275 -5.4519632e-22)
(0.85671779 0.043699275 0)
(0.85671779 0.043699275 4.8191026e-22)
(0.85671779 0.043699275 0)
(0.85671779 0.043699275 5.4528536e-22)
(0.85671779 0.043699275 0)
(0.85671779 0.043699275 2.4099109e-22)
(0.85671779 0.043699275 0)
(0.85671779 0.043699275 -2.7268873e-22)
(0.85671779 0.043699275 0)
(0.85671779 0.043699275 -2.4102706e-22)
(0.85671779 0.043699275 0)
(0.85671779 0.043699275 -1.3636739e-22)
(0.85671779 0.043699275 0)
(0.85671779 0.043699275 0)
(0.85671779 0.043699275 0)
(0.85671779 0.043699275 -2.0458563e-22)
(0.85671779 0.043699275 0)
(0.85671779 0.043699275 0)
(0.85671779 0.043699275 0)
(0.85671779 0.043699275 -2.046202e-22)
(0.85671779 0.043699275 0)
(0.85671779 0.043699275 -2.4113503e-22)
(0.85671779 0.043699275 0)
(0.85671779 0.043699275 5.4574606e-22)
(0.85671779 0.043699275 0)
(0.85671779 0.043699275 2.4117104e-22)
(0.85671779 0.043699275 0)
(0.85671779 0.043699275 -2.7291915e-22)
(0.85671779 0.043699275 0)
(0.85671779 0.043699275 0)
(0.85671779 0.043699275 0)
(0.85671779 0.043699275 0)
(0.85671779 0.043699275 0)
(0.85671779 0.043699275 0)
(0.85671779 0.043699275 0)
(0.85671779 0.043699275 1.0920457e-21)
(0.85671779 0.043699275 0)
(0.85671779 0.043699275 0)
(0.85671779 0.043699275 0)
(0.85671779 0.043699275 -2.1844607e-21)
(0.85671779 0.043699275 0)
(0.85671779 0.043699275 0)
(0.85671779 0.043699275 0)
(0.85671779 0.043699275 2.1848301e-21)
(0.85671779 0.043699275 0)
(0.85671779 0.043699275 0)
(0.85671779 0.043699275 0)
(0.85671779 0.043699275 -2.1851997e-21)
(0.85671779 0.043699275 9.1243125e-22)
(0.85671779 0.043699275 0)
(0.85671779 0.043699275 1.0252353e-21)
(0.85671779 0.043699275 2.1855719e-21)
(0.85671779 0.043699275 5.892427e-23)
(0.85671779 0.043699275 -1.1850727e-22)
(0.85671779 0.043699275 1.1917341e-22)
(0.85671779 0.043699275 -5.9923535e-23)
(0.85671779 0.043699275 6.0264194e-23)
(0.85671779 0.043699275 0)
(0.85671779 0.043699275 0)
(0.85671779 0.043699275 0)
(0.85671779 0.043699275 -6.1666469e-23)
(0.85671779 0.043699275 6.2027296e-23)
(0.85671779 0.043699275 4.9913895e-22)
(0.85671779 0.043699275 -5.6485587e-22)
(0.85671779 0.043699275 0)
(0.85671779 0.043699275 0)
(0.85671779 0.043699275 5.7953357e-23)
(0.85671779 0.043699275 0)
(0.85671779 0.043699275 -2.3437607e-22)
(0.85671779 0.043699275 -2.2266924e-35)
(0.85671779 0.043699275 2.36996e-22)
(0.85671779 0.043699275 0)
(0.85671779 0.043699275 -2.3967517e-22)
(0.85671779 0.043699275 2.4103759e-22)
(0.85671779 0.043699275 0)
(0.85671779 0.043699275 0)
(0.85671779 0.043699275 0)
(0.85671779 0.043699275 0)
(0.85671779 0.043699275 0)
(0.85671779 0.043699275 4.9909785e-22)
(0.85671779 0.043699275 0)
(0.85671779 0.043699275 0)
(0.85671779 0.043699275 -2.3053548e-22)
(0.85671779 0.043699275 2.4628293e-22)
(0.85671779 0.043699275 -1.4566861e-23)
(0.85671779 0.043699275 1.4647371e-23)
(0.85671779 0.043699275 -1.4728776e-23)
(0.85671779 0.043699275 0)
(0.85671779 0.043699275 1.4894331e-23)
(0.85671779 0.043699275 -4.9429092e-22)
(0.85671779 0.043699275 1.506365e-23)
(0.85671779 0.043699275 4.8479238e-22)
(0.85671779 0.043699275 -1.5236864e-23)
(0.85671779 0.043699275 0)
(0.85671779 0.043699275 5.6104456e-23)
(0.85671779 0.043699275 0)
(0.85671779 0.043699275 0)
(0.85671779 0.043699275 -1.4252408e-23)
(0.85671779 0.043699275 1.4329471e-23)
(0.85671779 0.043699275 -2.4492531e-22)
(0.85671779 0.043699275 4.7804206e-22)
(0.85671779 0.043699275 -2.3305185e-22)
(0.85671779 0.043699275 -1.4646238e-23)
(0.85671779 0.043699275 1.4727631e-23)
(0.85671779 0.043699275 -1.4809933e-23)
(0.85671779 0.043699275 0)
(0.85671779 0.043699275 4.9425182e-22)
(0.85671779 0.043699275 -3.8839434e-34)
(0.85671779 0.043699275 -2.3070775e-21)
(0.85671779 0.043699275 0)
(0.85671779 0.043699275 0)
(0.85671779 0.043699275 2.6058599e-21)
(0.85671779 0.043699275 0)
(0.85671779 0.043699275 0)
(0.85671779 0.043699275 0)
(0.85671779 0.043699275 -2.6058588e-21)
(0.85671779 0.043699275 0)
(0.85671779 0.043699275 0)
(0.85671779 0.043699275 -1.1173727e-23)
(0.85671779 0.043699275 4.5908371e-36)
(0.85671779 0.043699275 0)
(0.85671779 0.043699275 1.116194e-23)
(0.85671779 0.043699275 -2.2316033e-23)
(0.85671779 0.043699275 -2.2832433e-20)
(0.85671779 0.043699275 4.9925039e-33)
(0.85671779 0.043699275 4.9178454e-33)
(0.85671779 0.043699275 -4.6857203e-20)
(0.85671779 0.043699275 2.3408725e-20)
(0.85671779 0.043699275 2.3411724e-20)
(0.85671779 0.043699275 -2.3426153e-20)
(0.85671779 0.043699275 2.3394876e-20)
(0.85671779 0.043699275 -2.3386456e-20)
(0.85671779 0.043699275 2.337805e-20)
(0.85671779 0.043699275 -2.3358235e-20)
(0.85671779 0.043699275 -2.3349839e-20)
(0.85671779 0.043699275 2.3352856e-20)
(0.85671779 0.043699275 1.1445238e-35)
(0.85671779 0.043699275 0)
(0.85671779 0.043699275 2.3964596e-20)
(0.85671779 0.043699275 -2.3961609e-20)
(0.85671779 0.043699275 -1.169284e-23)
(0.85671779 0.043699275 2.3955651e-20)
(0.85671779 0.043699275 -2.3929307e-20)
(0.85671779 0.043699275 2.3932182e-20)
(0.85671779 0.043699275 -2.3900029e-20)
(0.85671779 0.043699275 0)
(0.85671779 0.043699275 0)
(0.85671779 0.043699275 0)
(0.85671779 0.043699275 -2.3888232e-20)
(0.85671779 0.043699275 2.3867808e-20)
(0.85671779 0.043699275 -2.38474e-20)
(0.85671779 0.043699275 2.3850293e-20)
(0.85671779 0.043699275 5.9832015e-24)
(0.85671779 0.043699275 5.9809467e-24)
(0.85671779 0.043699275 -2.4488725e-20)
(0.85671779 0.043699275 -5.9764415e-24)
(0.85671779 0.043699275 0)
(0.85671779 0.043699275 2.4461084e-20)
(0.85671779 0.043699275 4.7235855e-34)
(0.85671779 0.043699275 -2.443672e-20)
(0.85671779 0.043699275 0)
(0.85671779 0.043699275 5.9629689e-24)
(0.85671779 0.043699275 -5.96073e-24)
(0.85671779 0.043699275 2.441194e-20)
(0.85671779 0.043699275 -2.4396827e-20)
(0.85671779 0.043699275 -2.438767e-20)
(0.85671779 0.043699275 -2.5087179e-20)
(0.85671779 0.043699275 2.5059142e-20)
(0.85671779 0.043699275 6.1170896e-24)
(0.85671779 0.043699275 6.114733e-24)
(0.85671779 0.043699275 -6.1123778e-24)
(0.85671779 0.043699275 6.1100255e-24)
(0.85671779 0.043699275 0)
(0.85671779 0.043699275 -6.1053239e-24)
(0.85671779 0.043699275 6.102977e-24)
(0.85671779 0.043699275 -2.4994283e-20)
(0.85671779 0.043699275 2.4984682e-20)
(0.85671779 0.043699275 -6.0959442e-24)
(0.85671779 0.043699275 6.0936043e-24)
(0.85671779 0.043699275 0)
(0.85671779 0.043699275 2.5669604e-20)
(0.85671779 0.043699275 -5.1318926e-20)
(0.85671779 0.043699275 2.5643077e-20)
(0.85671779 0.043699275 -1.2519152e-23)
(0.85671779 0.043699275 6.2571076e-24)
(0.85671779 0.043699275 -6.2546424e-24)
(0.85671779 0.043699275 -2.5615175e-20)
(0.85671779 0.043699275 5.1191427e-20)
(0.85671779 0.043699275 -5.1183773e-20)
(0.85671779 0.043699275 2.557245e-20)
(0.85671779 0.043699275 0)
(0.85671779 0.043699275 -6.2398881e-24)
(0.85671779 0.043699275 -6.2374358e-24)
(0.85671779 0.043699275 -6.2349855e-24)
(0.85671779 0.043699275 6.4192288e-24)
(0.85671779 0.043699275 6.4166317e-24)
(0.85671779 0.043699275 -2.62719e-20)
(0.85671779 0.043699275 2.6267701e-20)
(0.85671779 0.043699275 -2.6250682e-20)
(0.85671779 0.043699275 0)
(0.85671779 0.043699275 6.4036862e-24)
(0.85671779 0.043699275 6.4011042e-24)
(0.85671779 0.043699275 0)
(0.85671779 0.043699275 3.1979726e-24)
(0.85671779 0.043699275 0)
(0.85671779 0.043699275 2.6179889e-20)
(0.85671779 0.043699275 -2.6166157e-20)
(0.85671779 0.043699275 6.3856519e-24)
(0.85671779 0.043699275 2.6947766e-20)
(0.85671779 0.043699275 -2.6939883e-20)
(0.85671779 0.043699275 0)
(0.85671779 0.043699275 -3.2854359e-24)
(0.85671779 0.043699275 0)
(0.85671779 0.043699275 0)
(0.85671779 0.043699275 2.6880901e-20)
(0.85671779 0.043699275 -2.6866511e-20)
(0.85671779 0.043699275 -2.6858692e-20)
(0.85671779 0.043699275 6.5545892e-24)
(0.85671779 0.043699275 2.6836515e-20)
(0.85671779 0.043699275 6.5491798e-24)
(0.85671779 0.043699275 -3.2732396e-24)
(0.85671779 0.043699275 3.2718897e-24)
(0.85671779 0.043699275 -5.5273288e-20)
(0.85671779 0.043699275 5.5251471e-20)
(0.85671779 0.043699275 5.3003924e-33)
(0.85671779 0.043699275 -2.7598911e-20)
(0.85671779 0.043699275 0)
(0.85671779 0.043699275 -1.6831773e-24)
(0.85671779 0.043699275 0)
(0.85671779 0.043699275 -1.6817503e-24)
(0.85671779 0.043699275 0)
(0.85671779 0.043699275 -5.040978e-24)
(0.85671779 0.043699275 -2.7518808e-20)
(0.85671779 0.043699275 2.7503806e-20)
(0.85671779 0.043699275 1.678194e-24)
(0.85671779 0.043699275 -3.3549686e-24)
(0.85671779 0.043699275 1.7309503e-24)
(0.85671779 0.043699275 0)
(0.85671779 0.043699275 0)
(0.85671779 0.043699275 1.7286874e-24)
(0.85671779 0.043699275 0)
(0.85671779 0.043699275 1.7271824e-24)
(0.85671779 0.043699275 0)
(0.85671779 0.043699275 2.8271813e-20)
(0.85671779 0.043699275 -2.8261248e-20)
(0.85671779 0.043699275 2.8250694e-20)
(0.85671779 0.043699275 -2.82367e-20)
(0.85671779 0.043699275 0)
(0.85671779 0.043699275 1.7219354e-24)
(0.85671779 0.043699275 0)
(0.85671779 0.043699275 0)
(0.85671779 0.043699275 -2.9109891e-20)
(0.85671779 0.043699275 2.9096862e-20)
(0.85671779 0.043699275 -2.9083845e-20)
(0.85671779 0.043699275 5.3834892e-33)
(0.85671779 0.043699275 2.9057848e-20)
(0.85671779 0.043699275 0)
(0.85671779 0.043699275 0)
(0.85671779 0.043699275 0)
(0.85671779 0.043699275 0)
(0.85671779 0.043699275 2.899305e-20)
(0.85671779 0.043699275 3.0295415e-32)
(0.85671779 0.043699275 -2.896721e-20)
(0.85671779 0.043699275 -2.8954309e-20)
(0.85671779 0.043699275 -4.9837973e-32)
(0.85671779 0.043699275 2.5305491e-20)
(0.85671779 0.043699275 -2.5297993e-20)
(0.85671779 0.043699275 2.5290501e-20)
(0.85671779 0.043699275 -2.5283015e-20)
(0.85671779 0.043699275 -6.8806753e-33)
(0.85671779 0.043699275 8.6011032e-33)
(0.85671779 0.043699275 2.5260579e-20)
(0.85671779 0.043699275 0)
(0.85671779 0.043699275 0)
(0.85671779 0.043699275 -2.5238184e-20)
(0.85671779 0.043699275 1.0476389e-32)
(0.85671779 0.043699275 1.0848542e-32)
(0.85671779 0.043699275 5.0431655e-20)
(0.85671779 0.043699275 -2.4574341e-20)
(0.85671779 0.043699275 4.9131547e-20)
(0.85671779 0.043699275 -4.9117419e-20)
(0.85671779 0.043699275 -2.5998495e-32)
(0.85671779 0.043699275 2.4543093e-20)
(0.85671779 0.043699275 0)
(0.85671779 0.043699275 0)
(0.85671779 0.043699275 -1.4967925e-24)
(0.85671779 0.043699275 2.4516409e-20)
(0.85671779 0.043699275 -4.9018745e-20)
(0.85671779 0.043699275 2.4502338e-20)
(0.85671779 0.043699275 -1.4950752e-24)
(0.85671779 0.043699275 0)
(0.85671779 0.043699275 0)
(0.85671779 0.043699275 -2.3873291e-20)
(0.85671779 0.043699275 4.773615e-20)
(0.85671779 0.043699275 -2.3861405e-20)
(0.85671779 0.043699275 0)
(0.85671779 0.043699275 2.3849532e-20)
(0.85671779 0.043699275 1.737974e-32)
(0.85671779 0.043699275 -2.3834769e-20)
(0.85671779 0.043699275 -2.3825208e-20)
(0.85671779 0.043699275 1.0964987e-32)
(0.85671779 0.043699275 2.3814829e-20)
(0.85671779 0.043699275 -2.3808186e-20)
(0.85671779 0.043699275 4.7604563e-20)
(0.85671779 0.043699275 -4.7588389e-20)
(0.85671779 0.043699275 -2.287133e-33)
(0.85671779 0.043699275 -2.3212387e-20)
(0.85671779 0.043699275 -2.8807582e-33)
(0.85671779 0.043699275 2.3202607e-20)
(0.85671779 0.043699275 2.8315801e-24)
(0.85671779 0.043699275 0)
(0.85671779 0.043699275 0)
(0.85671779 0.043699275 -2.3174589e-20)
(0.85671779 0.043699275 2.3169716e-20)
(0.85671779 0.043699275 -2.3164844e-20)
(0.85671779 0.043699275 2.316139e-20)
(0.85671779 0.043699275 -2.3152285e-20)
(0.85671779 0.043699275 2.8254407e-24)
(0.85671779 0.043699275 2.3138325e-20)
(0.85671779 0.043699275 2.8239099e-24)
(0.85671779 0.043699275 2.7555048e-37)
(0.85671779 0.043699275 0)
(0.85671779 0.043699275 0)
(0.85671779 0.043699275 -5.5110447e-24)
(0.85671779 0.043699275 -2.2567277e-20)
(0.85671779 0.043699275 -2.7540664e-24)
(0.85671779 0.043699275 2.2555354e-20)
(0.85671779 0.043699275 -2.25494e-20)
(0.85671779 0.043699275 2.2546197e-20)
(0.85671779 0.043699275 -2.2540248e-20)
(0.85671779 0.043699275 2.2528803e-20)
(0.85671779 0.043699275 5.5350118e-36)
(0.85671779 0.043699275 0)
(0.85671779 0.043699275 -2.748258e-24)
(0.85671779 0.043699275 -2.2002445e-20)
(0.85671779 0.043699275 2.1994094e-20)
(0.85671779 0.043699275 0)
(0.85671779 0.043699275 2.1985455e-20)
(0.85671779 0.043699275 -2.197175e-20)
(0.85671779 0.043699275 8.0461885e-24)
(0.85671779 0.043699275 -2.6813732e-24)
(0.85671779 0.043699275 -2.1965522e-20)
(0.85671779 0.043699275 2.1951835e-20)
(0.85671779 0.043699275 -2.1948873e-20)
(0.85671779 0.043699275 2.1945913e-20)
(0.85671779 0.043699275 -2.6779293e-24)
(0.85671779 0.043699275 5.3544831e-24)
(0.85671779 0.043699275 2.1920977e-20)
(0.85671779 0.043699275 5.2340185e-24)
(0.85671779 0.043699275 0)
(0.85671779 0.043699275 5.2313922e-24)
(0.85671779 0.043699275 5.2300798e-24)
(0.85671779 0.043699275 -5.2287682e-24)
(0.85671779 0.043699275 -2.1422117e-20)
(0.85671779 0.043699275 2.1411524e-20)
(0.85671779 0.043699275 -2.1395709e-20)
(0.85671779 0.043699275 2.1390348e-20)
(0.85671779 0.043699275 5.2222201e-24)
(0.85671779 0.043699275 -2.1384857e-20)
(0.85671779 0.043699275 2.1384724e-20)
(0.85671779 0.043699275 -1.0436597e-23)
(0.85671779 0.043699275 1.0433986e-23)
(0.85671779 0.043699275 2.0905242e-20)
(0.85671779 0.043699275 0)
(0.85671779 0.043699275 -5.1013213e-24)
(0.85671779 0.043699275 -5.1000732e-24)
(0.85671779 0.043699275 -2.0884792e-20)
(0.85671779 0.043699275 2.0884782e-20)
(0.85671779 0.043699275 2.0874583e-20)
(0.85671779 0.043699275 -4.173896e-20)
(0.85671779 0.043699275 2.0869476e-20)
(0.85671779 0.043699275 -2.0864378e-20)
(0.85671779 0.043699275 2.0854194e-20)
(0.85671779 0.043699275 -5.0901125e-24)
(0.85671779 0.043699275 2.0849101e-20)
(0.85671779 0.043699275 -2.0844012e-20)
(0.85671779 0.043699275 -4.9799394e-24)
(0.85671779 0.043699275 0)
(0.85671779 0.043699275 0)
(0.85671779 0.043699275 0)
(0.85671779 0.043699275 -2.0378363e-20)
(0.85671779 0.043699275 4.0746997e-20)
(0.85671779 0.043699275 -2.0373614e-20)
(0.85671779 0.043699275 0)
(0.85671779 0.043699275 -2.035396e-20)
(0.85671779 0.043699275 2.0354076e-20)
(0.85671779 0.043699275 4.9680731e-24)
(0.85671779 0.043699275 0)
(0.85671779 0.043699275 2.0339536e-20)
(0.85671779 0.043699275 -2.0334689e-20)
(0.85671779 0.043699275 -4.8619308e-24)
(0.85671779 0.043699275 -1.9909826e-20)
(0.85671779 0.043699275 1.9900324e-20)
(0.85671779 0.043699275 -4.8585317e-24)
(0.85671779 0.043699275 -1.9900768e-20)
(0.85671779 0.043699275 1.9896132e-20)
(0.85671779 0.043699275 4.8551376e-24)
(0.85671779 0.043699275 -4.8540073e-24)
(0.85671779 0.043699275 -9.7057556e-24)
(0.85671779 0.043699275 -4.8517483e-24)
(0.85671779 0.043699275 -1.9877839e-20)
(0.85671779 0.043699275 1.9868366e-20)
(0.85671779 0.043699275 -4.848364e-24)
(0.85671779 0.043699275 0)
(0.85671779 0.043699275 1.9458231e-20)
(0.85671779 0.043699275 0)
(0.85671779 0.043699275 4.7472229e-24)
(0.85671779 0.043699275 -4.7461422e-24)
(0.85671779 0.043699275 -1.9431029e-20)
(0.85671779 0.043699275 1.9417119e-20)
(0.85671779 0.043699275 -4.7429033e-24)
(0.85671779 0.043699275 -1.9417772e-20)
(0.85671779 0.043699275 -4.7407465e-24)
(0.85671779 0.043699275 4.7396688e-24)
(0.85671779 0.043699275 1.9404532e-20)
(0.85671779 0.043699275 -4.7375146e-24)
(0.85671779 0.043699275 4.7364387e-24)
(0.85671779 0.043699275 -1.9405517e-20)
(0.85671779 0.043699275 1.8992214e-20)
(0.85671779 0.043699275 -1.8978723e-20)
(0.85671779 0.043699275 -9.26942e-24)
(0.85671779 0.043699275 1.8534721e-23)
(0.85671779 0.043699275 -1.8966072e-20)
(0.85671779 0.043699275 1.8971121e-20)
(0.85671779 0.043699275 9.2611853e-24)
(0.85671779 0.043699275 -1.8971955e-20)
(0.85671779 0.043699275 1.8514147e-23)
(0.85671779 0.043699275 -8.3762297e-22)
(0.85671779 0.043699275 -3.4902084e-24)
(0.85671779 0.043699275 1.6349579e-24)
(0.85671779 0.043699275 -1.7439385e-24)
(0.85671779 0.043699275 3.7369706e-24)
(0.85671779 0.043699275 -1.0342656e-21)
(0.85671779 0.043699275 0)
(0.85671779 0.043699275 -1.7880865e-21)
(0.85671779 0.043699275 7.4685963e-24)
(0.85671779 0.043699275 3.0883433e-21)
(0.85671779 0.043699275 2.2259385e-21)
(0.85671779 0.043699275 -1.2164111e-21)
(0.85671779 0.043699275 1.6704697e-21)
(0.85671779 0.043699275 1.7816689e-21)
(0.85671779 0.043699275 1.9143259e-21)
(0.85671779 0.043699275 -2.0573112e-21)
(0.85671779 0.043699275 -6.2625891e-33)
(0.85671779 0.043699275 4.8612207e-21)
(0.85671779 0.043699275 2.6835721e-21)
(0.85671779 0.043699275 -1.6726893e-21)
(0.85671779 0.043699275 1.7404508e-24)
(0.85671779 0.043699275 3.7289644e-24)
(0.85671779 0.043699275 1.4794948e-36)
(0.85671779 0.043699275 -4.4575079e-21)
(0.85671779 0.043699275 -2.4284026e-21)
(0.85671779 0.043699275 0)
(0.85671779 0.043699275 0)
(0.85671779 0.043699275 -1.6716445e-21)
(0.85671779 0.043699275 5.217874e-24)
(0.85671779 0.043699275 -1.9115936e-21)
(0.85671779 0.043699275 -2.0501377e-21)
(0.85671779 0.043699275 4.4451082e-21)
(0.85671779 0.043699275 0)
(0.85671779 0.043699275 1.0421075e-23)
(0.85671779 0.043699275 -2.9744019e-21)
(0.85671779 0.043699275 1.6706009e-21)
(0.85671779 0.043699275 -1.7815867e-21)
(0.85671779 0.043699275 3.723646e-24)
(0.85671779 0.043699275 4.1051452e-21)
(0.85671779 0.043699275 -1.302467e-23)
(0.85671779 0.043699275 9.4687458e-24)
(0.85671779 0.043699275 2.6651357e-21)
(0.85671779 0.043699275 -8.7066038e-33)
(0.85671779 0.043699275 0)
(0.85671779 0.043699275 0)
(0.85671779 0.043699275 1.7751905e-21)
(0.85671779 0.043699275 1.9088692e-21)
(0.85671779 0.043699275 -2.0469921e-21)
(0.85671779 0.043699275 -4.3379496e-24)
(0.85671779 0.043699275 0)
(0.85671779 0.043699275 -2.6520812e-21)
(0.85671779 0.043699275 5.9010036e-21)
(0.85671779 0.043699275 0)
(0.85671779 0.043699275 1.4818215e-23)
(0.85671779 0.043699275 -1.5119057e-23)
(0.85671779 0.043699275 2.298083e-34)
(0.85671779 0.043699275 7.691302e-21)
(0.85671779 0.043699275 -7.6891677e-21)
(0.85671779 0.043699275 7.6870423e-21)
(0.85671779 0.043699275 0)
(0.85671779 0.043699275 1.7014018e-32)
(0.85671779 0.043699275 6.4086297e-21)
(0.85671779 0.043699275 0)
(0.85671779 0.043699275 0)
(0.85671779 0.043699275 0)
(0.85671779 0.043699275 -2.4945688e-23)
(0.85671779 0.043699275 -2.4899569e-23)
(0.85671779 0.043699275 3.1812635e-21)
(0.85671779 0.043699275 5.5219006e-21)
(0.85671779 0.043699275 4.3070867e-23)
(0.85671779 0.043699275 -1.100854e-20)
(0.85671779 0.043699275 -2.1466785e-23)
(0.85671779 0.043699275 5.4867516e-21)
(0.85671779 0.043699275 2.1398571e-23)
(0.85671779 0.043699275 2.1364627e-23)
(0.85671779 0.043699275 2.7090105e-21)
(0.85671779 0.043699275 -2.7260238e-21)
(0.85671779 0.043699275 -1.8865841e-23)
(0.85671779 0.043699275 -3.7678904e-23)
(0.85671779 0.043699275 -1.8813136e-23)
(0.85671779 0.043699275 -4.7906579e-21)
(0.85671779 0.043699275 4.7839848e-21)
(0.85671779 0.043699275 -1.8734628e-23)
(0.85671779 0.043699275 1.8708604e-23)
(0.85671779 0.043699275 3.7365306e-23)
(0.85671779 0.043699275 0)
(0.85671779 0.043699275 -1.8630965e-23)
(0.85671779 0.043699275 4.3084043e-21)
(0.85671779 0.043699275 -4.2695615e-21)
(0.85671779 0.043699275 2.0297994e-35)
(0.85671779 0.043699275 0)
(0.85671779 0.043699275 -4.2536975e-21)
(0.85671779 0.043699275 4.2817566e-21)
(0.85671779 0.043699275 -1.6639948e-23)
(0.85671779 0.043699275 -2.1439045e-21)
(0.85671779 0.043699275 2.1246633e-21)
(0.85671779 0.043699275 -5.7757503e-36)
(0.85671779 0.043699275 0)
(0.85671779 0.043699275 -1.5083899e-23)
(0.85671779 0.043699275 1.5067025e-23)
(0.85671779 0.043699275 1.5050188e-23)
(0.85671779 0.043699275 0)
(0.85671779 0.043699275 1.5016628e-23)
(0.85671779 0.043699275 0)
(0.85671779 0.043699275 -1.9028685e-21)
(0.85671779 0.043699275 1.9157205e-21)
(0.85671779 0.043699275 0)
(0.85671779 0.043699275 1.9264056e-21)
(0.85671779 0.043699275 1.4916838e-23)
(0.85671779 0.043699275 -1.9072429e-21)
(0.85671779 0.043699275 2.7419474e-23)
(0.85671779 0.043699275 -3.5061238e-21)
(0.85671779 0.043699275 3.5162439e-21)
(0.85671779 0.043699275 0)
(0.85671779 0.043699275 3.4818062e-21)
(0.85671779 0.043699275 -3.4782799e-21)
(0.85671779 0.043699275 -1.7578202e-21)
(0.85671779 0.043699275 1.7560435e-21)
(0.85671779 0.043699275 1.7542704e-21)
(0.85671779 0.043699275 -1.7389156e-21)
(0.85671779 0.043699275 -1.3571589e-23)
(0.85671779 0.043699275 1.7354147e-21)
(0.85671779 0.043699275 -1.7065809e-21)
(0.85671779 0.043699275 -6.2825231e-24)
(0.85671779 0.043699275 3.207377e-21)
(0.85671779 0.043699275 -6.4338639e-21)
(0.85671779 0.043699275 -6.2649886e-24)
(0.85671779 0.043699275 3.1984336e-21)
(0.85671779 0.043699275 -1.876006e-23)
(0.85671779 0.043699275 0)
(0.85671779 0.043699275 1.5791656e-21)
(0.85671779 0.043699275 -3.2115303e-21)
(0.85671779 0.043699275 3.1898685e-21)
(0.85671779 0.043699275 -6.2244531e-24)
(0.85671779 0.043699275 -1.5919885e-21)
(0.85671779 0.043699275 -1.8638904e-23)
(0.85671779 0.043699275 -5.7983881e-24)
(0.85671779 0.043699275 -5.7933997e-24)
(0.85671779 0.043699275 -2.963671e-21)
(0.85671779 0.043699275 5.9280349e-21)
(0.85671779 0.043699275 -2.9528064e-21)
(0.85671779 0.043699275 5.7735319e-24)
(0.85671779 0.043699275 -1.4767581e-21)
(0.85671779 0.043699275 1.4812578e-21)
(0.85671779 0.043699275 5.7587203e-24)
(0.85671779 0.043699275 5.7537998e-24)
(0.85671779 0.043699275 1.4832131e-21)
(0.85671779 0.043699275 -1.464716e-21)
(0.85671779 0.043699275 5.7390892e-24)
(0.85671779 0.043699275 -5.5073512e-21)
(0.85671779 0.043699275 2.7541656e-21)
(0.85671779 0.043699275 0)
(0.85671779 0.043699275 -2.7497726e-21)
(0.85671779 0.043699275 2.7475813e-21)
(0.85671779 0.043699275 5.3620968e-24)
(0.85671779 0.043699275 0)
(0.85671779 0.043699275 1.3705142e-21)
(0.85671779 0.043699275 -2.7442004e-21)
(0.85671779 0.043699275 2.7313321e-21)
(0.85671779 0.043699275 -1.3725942e-21)
(0.85671779 0.043699275 -5.3366011e-24)
(0.85671779 0.043699275 -5.3323754e-24)
(0.85671779 0.043699275 0)
(0.85671779 0.043699275 -2.5773489e-21)
(0.85671779 0.043699275 2.5704072e-21)
(0.85671779 0.043699275 0)
(0.85671779 0.043699275 2.5665804e-21)
(0.85671779 0.043699275 -2.5646713e-21)
(0.85671779 0.043699275 -5.0054005e-24)
(0.85671779 0.043699275 0)
(0.85671779 0.043699275 0)
(0.85671779 0.043699275 1.2835259e-21)
(0.85671779 0.043699275 -1.2775841e-21)
(0.85671779 0.043699275 1.276638e-21)
(0.85671779 0.043699275 -4.9831771e-24)
(0.85671779 0.043699275 -1.2697705e-21)
(0.85671779 0.043699275 0)
(0.85671779 0.043699275 2.3548058e-24)
(0.85671779 0.043699275 -2.4072828e-21)
(0.85671779 0.043699275 -2.3515167e-24)
(0.85671779 0.043699275 4.8125451e-21)
(0.85671779 0.043699275 -2.4045944e-21)
(0.85671779 0.043699275 0)
(0.85671779 0.043699275 -1.2006226e-21)
(0.85671779 0.043699275 1.199787e-21)
(0.85671779 0.043699275 -1.1989526e-21)
(0.85671779 0.043699275 2.3962386e-21)
(0.85671779 0.043699275 -2.3384516e-24)
(0.85671779 0.043699275 -2.3859021e-21)
(0.85671779 0.043699275 1.1979617e-21)
(0.85671779 0.043699275 2.3335895e-24)
(0.85671779 0.043699275 -2.2160985e-24)
(0.85671779 0.043699275 -3.3219614e-24)
(0.85671779 0.043699275 2.2131852e-24)
(0.85671779 0.043699275 0)
(0.85671779 0.043699275 2.2622212e-21)
(0.85671779 0.043699275 1.1044148e-24)
(0.85671779 0.043699275 -3.3905381e-21)
(0.85671779 0.043699275 1.1029677e-24)
(0.85671779 0.043699275 -1.1022456e-24)
(0.85671779 0.043699275 1.1290625e-21)
(0.85671779 0.043699275 1.1294251e-21)
(0.85671779 0.043699275 -3.3002545e-24)
(0.85671779 0.043699275 -1.1268506e-21)
(0.85671779 0.043699275 -3.2959472e-24)
(0.85671779 0.043699275 0)
(0.85671779 0.043699275 -2.1406738e-21)
(0.85671779 0.043699275 -8.6706811e-33)
(0.85671779 0.043699275 2.1390622e-21)
(0.85671779 0.043699275 -2.1366921e-21)
(0.85671779 0.043699275 2.1353682e-21)
(0.85671779 0.043699275 -1.0675442e-21)
(0.85671779 0.043699275 1.0658416e-21)
(0.85671779 0.043699275 1.0412341e-24)
(0.85671779 0.043699275 -1.0405905e-24)
(0.85671779 0.043699275 0)
(0.85671779 0.043699275 1.0393057e-24)
(0.85671779 0.043699275 -1.0386645e-24)
(0.85671779 0.043699275 1.0380241e-24)
(0.85671779 0.043699275 -1.6744129e-22)
(0.85671779 0.043699275 -1.6840632e-22)
(0.85671779 0.043699275 -1.6938253e-22)
(0.85671779 0.043699275 0)
(0.85671779 0.043699275 1.7136931e-22)
(0.85671779 0.043699275 0)
(0.85671779 0.043699275 0)
(0.85671779 0.043699275 -1.7443843e-22)
(0.85671779 0.043699275 0)
(0.85671779 0.043699275 2.6480382e-34)
(0.85671779 0.043699275 0)
(0.85671779 0.043699275 1.7870578e-22)
(0.85671779 0.043699275 0)
(0.85671779 0.043699275 8.1297199e-23)
(0.85671779 0.043699275 0)
(0.85671779 0.043699275 -8.1297023e-23)
(0.85671779 0.043699275 1.5668289e-22)
(0.85671779 0.043699275 0)
(0.85671779 0.043699275 1.5668257e-22)
(0.85671779 0.043699275 0)
(0.85671779 0.043699275 -3.1336451e-22)
(0.85671779 0.043699275 0)
(0.85671779 0.043699275 0)
(0.85671779 0.043699275 6.5037072e-22)
(0.85671779 0.043699275 6.2672648e-22)
(0.85671779 0.043699275 -6.5036936e-22)
(0.85671779 0.043699275 -6.2672522e-22)
(0.85671779 0.043699275 6.5036799e-22)
(0.85671779 0.043699275 6.2672395e-22)
(0.85671779 0.043699275 -1.3007333e-21)
(0.85671779 0.043699275 -1.2534454e-21)
(0.85671779 0.043699275 6.5036527e-22)
(0.85671779 0.043699275 6.2672142e-22)
(0.85671779 0.043699275 0)
(0.85671779 0.043699275 0)
(0.85671779 0.043699275 -1.3007251e-21)
(0.85671779 0.043699275 0)
(0.85671779 0.043699275 1.3007224e-21)
(0.85671779 0.043699275 -1.2534352e-21)
(0.85671779 0.043699275 0)
(0.85671779 0.043699275 2.5068653e-21)
(0.85671779 0.043699275 6.2529224e-33)
(0.85671779 0.043699275 8.8815513e-21)
(0.85671779 0.043699275 -9.4928952e-21)
(0.85671779 0.043699275 -8.8815581e-21)
(0.85671779 0.043699275 -9.4929322e-21)
(0.85671779 0.043699275 -8.8815902e-21)
(0.85671779 0.043699275 9.4929682e-21)
(0.85671779 0.043699275 -1.1905666e-32)
(0.85671779 0.043699275 0)
(0.85671779 0.043699275 8.8816538e-21)
(0.85671779 0.043699275 0)
(0.85671779 0.043699275 0)
(0.85671779 0.043699275 9.4930775e-21)
(0.85671779 0.043699275 0)
(0.85671779 0.043699275 -1.8986228e-20)
(0.85671779 0.043699275 0)
(0.85671779 0.043699275 9.4931495e-21)
(0.85671779 0.043699275 0)
(0.85671779 0.043699275 -9.4931865e-21)
(0.85671779 0.043699275 8.8818128e-21)
(0.85671779 0.043699275 9.4932225e-21)
(0.85671779 0.043699275 -8.8818446e-21)
(0.85671779 0.043699275 0)
(0.85671779 0.043699275 0)
(0.85671779 0.043699275 9.4932949e-21)
(0.85671779 0.043699275 8.8819079e-21)
(0.85671779 0.043699275 -1.4239998e-20)
(0.85671779 0.043699275 -8.8819403e-21)
(0.85671779 0.043699275 0)
(0.85671779 0.043699275 4.746902e-21)
(0.85671779 0.043699275 -2.2972365e-33)
(0.85671779 0.043699275 1.592091e-33)
(0.85671779 0.043699275 -3.6310709e-34)
(0.85671779 0.043699275 -4.7468293e-21)
(0.85671779 0.043699275 0)
(0.85671779 0.043699275 4.746793e-21)
(0.85671779 0.043699275 -4.7467748e-21)
(0.85671779 0.043699275 -4.7467566e-21)
(0.85671779 0.043699275 9.493477e-21)
(0.85671779 0.043699275 -4.7467203e-21)
(0.85671779 0.043699275 0)
(0.85671779 0.043699275 0)
(0.85671779 0.043699275 0)
(0.85671779 0.043699275 4.7466839e-21)
(0.85671779 0.043699275 0)
(0.85671779 0.043699275 0)
(0.85671779 0.043699275 0)
(0.85671779 0.043699275 0)
(0.85671779 0.043699275 0)
(0.85671779 0.043699275 -1.1981669e-21)
(0.85671779 0.043699275 1.1981634e-21)
(0.85671779 0.043699275 0)
(0.85671779 0.043699275 0)
(0.85671779 0.043699275 0)
(0.85671779 0.043699275 0)
(0.85671779 0.043699275 2.3962921e-21)
(0.85671779 0.043699275 -2.3962852e-21)
(0.85671779 0.043699275 0)
(0.85671779 0.043699275 0)
(0.85671779 0.043699275 -5.694084e-22)
(0.85671779 0.043699275 5.6940684e-22)
(0.85671779 0.043699275 -1.1388105e-21)
(0.85671779 0.043699275 1.1388074e-21)
(0.85671779 0.043699275 1.1388043e-21)
(0.85671779 0.043699275 -1.1388011e-21)
(0.85671779 0.043699275 0)
(0.85671779 0.043699275 0)
(0.85671779 0.043699275 0)
(0.85671779 0.043699275 0)
(0.85671779 0.043699275 -2.2775709e-21)
(0.85671779 0.043699275 2.2775646e-21)
(0.85671779 0.043699275 2.2775576e-21)
(0.85671779 0.043699275 5.7936792e-23)
(0.85671779 0.043699275 0)
(0.85671779 0.043699275 -1.738106e-22)
(0.85671779 0.043699275 -1.132104e-22)
(0.85671779 0.043699275 1.1587388e-22)
(0.85671779 0.043699275 2.2642108e-22)
(0.85671779 0.043699275 0)
(0.85671779 0.043699275 -3.3963206e-22)
(0.85671779 0.043699275 2.3174837e-22)
(0.85671779 0.043699275 2.2642166e-22)
(0.85671779 0.043699275 -6.3396925e-35)
(0.85671779 0.043699275 -2.2642195e-22)
(0.85671779 0.043699275 -6.9524693e-22)
(0.85671779 0.043699275 2.2642224e-22)
(0.85671779 0.043699275 4.6349856e-22)
(0.85671779 0.043699275 -4.5284506e-22)
(0.85671779 0.043699275 4.6349917e-22)
(0.85671779 0.043699275 4.5284564e-22)
(0.85671779 0.043699275 -4.6349978e-22)
(0.85671779 0.043699275 0)
(0.85671779 0.043699275 0)
(0.85671779 0.043699275 0)
(0.85671779 0.043699275 -4.6350099e-22)
(0.85671779 0.043699275 0)
(0.85671779 0.043699275 4.6350159e-22)
(0.85671779 0.043699275 -9.0569591e-22)
(0.85671779 0.043699275 0)
(0.85671779 0.043699275 9.0569704e-22)
(0.85671779 0.043699275 7.5337673e-20)
(0.85671779 0.043699275 -3.7652384e-20)
(0.85671779 0.043699275 4.5959132e-24)
(0.85671779 0.043699275 -3.7637864e-20)
(0.85671779 0.043699275 3.7639799e-20)
(0.85671779 0.043699275 4.5932566e-24)
(0.85671779 0.043699275 -3.7620704e-20)
(0.85671779 0.043699275 7.5231518e-20)
(0.85671779 0.043699275 -3.7597034e-20)
(0.85671779 0.043699275 4.5897186e-24)
(0.85671779 0.043699275 4.588837e-24)
(0.85671779 0.043699275 3.6836174e-20)
(0.85671779 0.043699275 4.4952056e-24)
(0.85671779 0.043699275 4.4943577e-24)
(0.85671779 0.043699275 -3.6815335e-20)
(0.85671779 0.043699275 3.6799413e-20)
(0.85671779 0.043699275 -4.4918176e-24)
(0.85671779 0.043699275 -4.4909715e-24)
(0.85671779 0.043699275 3.6778613e-20)
(0.85671779 0.043699275 -3.6780671e-20)
(0.85671779 0.043699275 4.4884347e-24)
(0.85671779 0.043699275 -4.4875898e-24)
(0.85671779 0.043699275 -4.4867451e-24)
(0.85671779 0.043699275 -8.9718007e-24)
(0.85671779 0.043699275 3.673711e-20)
(0.85671779 0.043699275 3.6019575e-20)
(0.85671779 0.043699275 0)
(0.85671779 0.043699275 3.6006288e-20)
(0.85671779 0.043699275 -3.5995261e-20)
(0.85671779 0.043699275 -4.3931425e-24)
(0.85671779 0.043699275 0)
(0.85671779 0.043699275 4.391524e-24)
(0.85671779 0.043699275 -3.5968737e-20)
(0.85671779 0.043699275 3.5966505e-20)
(0.85671779 0.043699275 0)
(0.85671779 0.043699275 0)
(0.85671779 0.043699275 0)
(0.85671779 0.043699275 8.7733507e-24)
(0.85671779 0.043699275 0)
(0.85671779 0.043699275 -6.4515554e-24)
(0.85671779 0.043699275 0)
(0.85671779 0.043699275 -4.2994849e-24)
(0.85671779 0.043699275 2.149355e-24)
(0.85671779 0.043699275 6.4469023e-24)
(0.85671779 0.043699275 -3.5202333e-20)
(0.85671779 0.043699275 3.519384e-20)
(0.85671779 0.043699275 -3.518965e-20)
(0.85671779 0.043699275 3.5179012e-20)
(0.85671779 0.043699275 2.147032e-24)
(0.85671779 0.043699275 0)
(0.85671779 0.043699275 2.1462586e-24)
(0.85671779 0.043699275 -2.1458725e-24)
(0.85671779 0.043699275 2.1454864e-24)
(0.85671779 0.043699275 3.4486176e-20)
(0.85671779 0.043699275 -3.4480082e-20)
(0.85671779 0.043699275 0)
(0.85671779 0.043699275 -2.1037541e-24)
(0.85671779 0.043699275 -2.1033833e-24)
(0.85671779 0.043699275 0)
(0.85671779 0.043699275 -3.4451772e-20)
(0.85671779 0.043699275 -3.562445e-32)
(0.85671779 0.043699275 3.4435419e-20)
(0.85671779 0.043699275 -2.1015286e-24)
(0.85671779 0.043699275 0)
(0.85671779 0.043699275 -2.1007878e-24)
(0.85671779 0.043699275 -4.2008363e-24)
(0.85671779 0.043699275 -2.1000479e-24)
(0.85671779 0.043699275 -1.3546737e-37)
(0.85671779 0.043699275 0)
(0.85671779 0.043699275 3.3755609e-20)
(0.85671779 0.043699275 -3.3749773e-20)
(0.85671779 0.043699275 3.3743944e-20)
(0.85671779 0.043699275 -3.3740166e-20)
(0.85671779 0.043699275 -2.058981e-24)
(0.85671779 0.043699275 3.3726456e-20)
(0.85671779 0.043699275 -3.3720632e-20)
(0.85671779 0.043699275 -3.3718926e-20)
(0.85671779 0.043699275 6.7424161e-20)
(0.85671779 0.043699275 -3.3707287e-20)
(0.85671779 0.043699275 2.056849e-24)
(0.85671779 0.043699275 -2.0564944e-24)
(0.85671779 0.043699275 3.3083731e-20)
(0.85671779 0.043699275 -3.3074083e-20)
(0.85671779 0.043699275 2.0184634e-24)
(0.85671779 0.043699275 3.3064906e-20)
(0.85671779 0.043699275 -3.3057285e-20)
(0.85671779 0.043699275 -3.3051691e-20)
(0.85671779 0.043699275 3.3052153e-20)
(0.85671779 0.043699275 3.3044543e-20)
(0.85671779 0.043699275 -3.3034917e-20)
(0.85671779 0.043699275 2.0160735e-24)
(0.85671779 0.043699275 3.4956198e-37)
(0.85671779 0.043699275 2.0153917e-24)
(0.85671779 0.043699275 0)
(0.85671779 0.043699275 2.0147107e-24)
(0.85671779 0.043699275 -3.242152e-20)
(0.85671779 0.043699275 -1.9785239e-24)
(0.85671779 0.043699275 -1.9781955e-24)
(0.85671779 0.043699275 -3.2407356e-20)
(0.85671779 0.043699275 6.4798017e-20)
(0.85671779 0.043699275 -3.2398581e-20)
(0.85671779 0.043699275 3.2385304e-20)
(0.85671779 0.043699275 -1.0865097e-32)
(0.85671779 0.043699275 -6.4759004e-20)
(0.85671779 0.043699275 3.2373146e-20)
(0.85671779 0.043699275 3.2365805e-20)
(0.85671779 0.043699275 2.5775823e-32)
(0.85671779 0.043699275 -3.2357055e-20)
(0.85671779 0.043699275 0)
(0.85671779 0.043699275 9.7006724e-25)
(0.85671779 0.043699275 -3.178102e-20)
(0.85671779 0.043699275 3.1778755e-20)
(0.85671779 0.043699275 9.695937e-25)
(0.85671779 0.043699275 1.9388719e-24)
(0.85671779 0.043699275 2.9078352e-24)
(0.85671779 0.043699275 3.1759058e-20)
(0.85671779 0.043699275 -3.1750983e-20)
(0.85671779 0.043699275 -9.688056e-25)
(0.85671779 0.043699275 0)
(0.85671779 0.043699275 -9.6849072e-25)
(0.85671779 0.043699275 0)
(0.85671779 0.043699275 -9.6817605e-25)
(0.85671779 0.043699275 9.68019e-25)
(0.85671779 0.043699275 3.8481849e-37)
(0.85671779 0.043699275 -9.5129944e-25)
(0.85671779 0.043699275 3.1166248e-20)
(0.85671779 0.043699275 -3.1163181e-20)
(0.85671779 0.043699275 0)
(0.85671779 0.043699275 7.7799479e-37)
(0.85671779 0.043699275 -3.1148266e-20)
(0.85671779 0.043699275 6.2285653e-20)
(0.85671779 0.043699275 -3.1136432e-20)
(0.85671779 0.043699275 3.1132423e-20)
(0.85671779 0.043699275 1.8998693e-24)
(0.85671779 0.043699275 -3.1122497e-20)
(0.85671779 0.043699275 9.4963196e-25)
(0.85671779 0.043699275 -9.4948075e-25)
(0.85671779 0.043699275 3.0589184e-20)
(0.85671779 0.043699275 0)
(0.85671779 0.043699275 9.3324389e-25)
(0.85671779 0.043699275 0)
(0.85671779 0.043699275 0)
(0.85671779 0.043699275 -9.328058e-25)
(0.85671779 0.043699275 0)
(0.85671779 0.043699275 3.0555682e-20)
(0.85671779 0.043699275 2.9855808e-32)
(0.85671779 0.043699275 -3.0547049e-20)
(0.85671779 0.043699275 -9.3207634e-25)
(0.85671779 0.043699275 0)
(0.85671779 0.043699275 0)
(0.85671779 0.043699275 0)
(0.85671779 0.043699275 3.0024781e-20)
(0.85671779 0.043699275 -3.0020161e-20)
(0.85671779 0.043699275 -3.0015547e-20)
(0.85671779 0.043699275 3.0010938e-20)
(0.85671779 0.043699275 0)
(0.85671779 0.043699275 0)
(0.85671779 0.043699275 0)
(0.85671779 0.043699275 0)
(0.85671779 0.043699275 -2.9987892e-20)
(0.85671779 0.043699275 2.9983288e-20)
(0.85671779 0.043699275 0)
(0.85671779 0.043699275 0)
(0.85671779 0.043699275 2.9969484e-20)
(0.85671779 0.043699275 1.1949761e-32)
(0.85671779 0.043699275 -2.9479958e-20)
(0.85671779 0.043699275 0)
(0.85671779 0.043699275 0)
(0.85671779 0.043699275 2.9466613e-20)
(0.85671779 0.043699275 -2.9462166e-20)
(0.85671779 0.043699275 -2.9457723e-20)
(0.85671779 0.043699275 2.9453279e-20)
(0.85671779 0.043699275 0)
(0.85671779 0.043699275 -2.9444396e-20)
(0.85671779 0.043699275 2.9439959e-20)
(0.85671779 0.043699275 2.9435522e-20)
(0.85671779 0.043699275 2.5212083e-32)
(0.85671779 0.043699275 -5.8853303e-20)
(0.85671779 0.043699275 2.9422216e-20)
(0.85671779 0.043699275 0)
(0.85671779 0.043699275 -4.648256e-20)
(0.85671779 0.043699275 -1.3382107e-24)
(0.85671779 0.043699275 2.0753362e-20)
(0.85671779 0.043699275 -1.9700639e-20)
(0.85671779 0.043699275 4.5759073e-24)
(0.85671779 0.043699275 0)
(0.85671779 0.043699275 -1.7089304e-20)
(0.85671779 0.043699275 0)
(0.85671779 0.043699275 0)
(0.85671779 0.043699275 0)
(0.85671779 0.043699275 -2.9045184e-20)
(0.85671779 0.043699275 -6.8364952e-24)
(0.85671779 0.043699275 0)
(0.85671779 0.043699275 4.6468485e-20)
(0.85671779 0.043699275 0)
(0.85671779 0.043699275 4.7419201e-32)
(0.85671779 0.043699275 1.9691284e-20)
(0.85671779 0.043699275 -4.5749025e-24)
(0.85671779 0.043699275 2.9737471e-36)
(0.85671779 0.043699275 3.4175938e-20)
(0.85671779 0.043699275 0)
(0.85671779 0.043699275 0)
(0.85671779 0.043699275 0)
(0.85671779 0.043699275 2.9054423e-20)
(0.85671779 0.043699275 -6.8353739e-24)
(0.85671779 0.043699275 -7.5407306e-25)
(0.85671779 0.043699275 -2.3227211e-20)
(0.85671779 0.043699275 0)
(0.85671779 0.043699275 -2.074074e-20)
(0.85671779 0.043699275 1.9681936e-20)
(0.85671779 0.043699275 4.573898e-24)
(0.85671779 0.043699275 0)
(0.85671779 0.043699275 -1.7082462e-20)
(0.85671779 0.043699275 0)
(0.85671779 0.043699275 0)
(0.85671779 0.043699275 0)
(0.85671779 0.043699275 7.090427e-24)
(0.85671779 0.043699275 -6.8342527e-24)
(0.85671779 0.043699275 0)
(0.85671779 0.043699275 -1.4173337e-24)
(0.85671779 0.043699275 -2.190702e-20)
(0.85671779 0.043699275 0)
(0.85671779 0.043699275 -1.9682201e-20)
(0.85671779 0.043699275 -4.572894e-24)
(0.85671779 0.043699275 4.3619931e-24)
(0.85671779 0.043699275 0)
(0.85671779 0.043699275 0)
(0.85671779 0.043699275 0)
(0.85671779 0.043699275 0)
(0.85671779 0.043699275 -1.4518724e-20)
(0.85671779 0.043699275 1.3994254e-20)
(0.85671779 0.043699275 1.3506355e-20)
(0.85671779 0.043699275 0)
(0.85671779 0.043699275 0)
(0.85671779 0.043699275 1.8001816e-32)
(0.85671779 0.043699275 0)
(0.85671779 0.043699275 0)
(0.85671779 0.043699275 -4.5718903e-24)
(0.85671779 0.043699275 -1.7858622e-20)
(0.85671779 0.043699275 0)
(0.85671779 0.043699275 0)
(0.85671779 0.043699275 0)
(0.85671779 0.043699275 0)
(0.85671779 0.043699275 0)
(0.85671779 0.043699275 -1.3991959e-20)
(0.85671779 0.043699275 -2.7008434e-20)
(0.85671779 0.043699275 0)
(0.85671779 0.043699275 -2.3208962e-20)
(0.85671779 0.043699275 2.1897112e-20)
(0.85671779 0.043699275 2.0725629e-20)
(0.85671779 0.043699275 -4.8030091e-24)
(0.85671779 0.043699275 4.5708872e-24)
(0.85671779 0.043699275 -4.3601674e-24)
(0.85671779 0.043699275 1.7076377e-20)
(0.85671779 0.043699275 -7.9841849e-24)
(0.85671779 0.043699275 -1.5681721e-20)
(0.85671779 0.043699275 1.5078705e-20)
(0.85671779 0.043699275 7.0868089e-24)
(0.85671779 0.043699275 -6.8308911e-24)
(0.85671779 0.043699275 1.3515266e-20)
(0.85671779 0.043699275 0)
(0.85671779 0.043699275 2.3202653e-20)
(0.85671779 0.043699275 0)
(0.85671779 0.043699275 2.952395e-32)
(0.85671779 0.043699275 -4.8019019e-24)
(0.85671779 0.043699275 -1.8713678e-20)
(0.85671779 0.043699275 1.7859868e-20)
(0.85671779 0.043699275 -1.707296e-20)
(0.85671779 0.043699275 1.6340496e-20)
(0.85671779 0.043699275 3.1372995e-20)
(0.85671779 0.043699275 -1.5068678e-20)
(0.85671779 0.043699275 0)
(0.85671779 0.043699275 0)
(0.85671779 0.043699275 1.3499944e-20)
(0.85671779 0.043699275 0)
(0.85671779 0.043699275 1.4157925e-24)
(0.85671779 0.043699275 -4.007424e-24)
(0.85671779 0.043699275 -2.0713036e-20)
(0.85671779 0.043699275 0)
(0.85671779 0.043699275 1.8709573e-20)
(0.85671779 0.043699275 -1.7847413e-20)
(0.85671779 0.043699275 -1.706538e-20)
(0.85671779 0.043699275 -1.6345347e-20)
(0.85671779 0.043699275 -3.1367228e-20)
(0.85671779 0.043699275 0)
(0.85671779 0.043699275 7.0843988e-24)
(0.85671779 0.043699275 1.3978251e-20)
(0.85671779 0.043699275 -1.3497808e-20)
(0.85671779 0.043699275 0)
(0.85671779 0.043699275 0)
(0.85671779 0.043699275 0)
(0.85671779 0.043699275 -2.0710535e-20)
(0.85671779 0.043699275 1.9654726e-20)
(0.85671779 0.043699275 1.8714606e-20)
(0.85671779 0.043699275 1.7843681e-20)
(0.85671779 0.043699275 4.1655195e-24)
(0.85671779 0.043699275 0)
(0.85671779 0.043699275 -3.4017402e-32)
(0.85671779 0.043699275 -1.5063355e-20)
(0.85671779 0.043699275 -1.4513465e-20)
(0.85671779 0.043699275 -1.3982787e-20)
(0.85671779 0.043699275 -1.3508853e-20)
(0.85671779 0.043699275 -7.5254756e-25)
(0.85671779 0.043699275 7.0751165e-25)
(0.85671779 0.043699275 0)
(0.85671779 0.043699275 2.0705509e-20)
(0.85671779 0.043699275 -3.9314796e-20)
(0.85671779 0.043699275 -1.8701369e-20)
(0.85671779 0.043699275 0)
(0.85671779 0.043699275 -8.3557994e-33)
(0.85671779 0.043699275 0)
(0.85671779 0.043699275 1.5670196e-20)
(0.85671779 0.043699275 1.507541e-20)
(0.85671779 0.043699275 1.4510998e-20)
(0.85671779 0.043699275 -1.3987323e-20)
(0.85671779 0.043699275 1.3493539e-20)
(0.85671779 0.043699275 0)
(0.85671779 0.043699275 -2.3176026e-20)
(0.85671779 0.043699275 -2.1870386e-20)
(0.85671779 0.043699275 -2.0700488e-20)
(0.85671779 0.043699275 1.9650472e-20)
(0.85671779 0.043699275 -1.8701836e-20)
(0.85671779 0.043699275 -1.7840574e-20)
(0.85671779 0.043699275 1.7055146e-20)
(0.85671779 0.043699275 -1.6335958e-20)
(0.85671779 0.043699275 0)
(0.85671779 0.043699275 0)
(0.85671779 0.043699275 1.4501451e-20)
(0.85671779 0.043699275 2.7956412e-20)
(0.85671779 0.043699275 1.3491406e-20)
(0.85671779 0.043699275 0)
(0.85671779 0.043699275 4.6343715e-20)
(0.85671779 0.043699275 2.1859446e-20)
(0.85671779 0.043699275 2.0697993e-20)
(0.85671779 0.043699275 -4.7963739e-24)
(0.85671779 0.043699275 3.7400041e-20)
(0.85671779 0.043699275 1.7836844e-20)
(0.85671779 0.043699275 0)
(0.85671779 0.043699275 1.6332833e-20)
(0.85671779 0.043699275 0)
(0.85671779 0.043699275 1.5062734e-20)
(0.85671779 0.043699275 -2.8990895e-20)
(0.85671779 0.043699275 -1.3982741e-20)
(0.85671779 0.043699275 -1.3489273e-20)
(0.85671779 0.043699275 2.4638117e-20)
(0.85671779 0.043699275 -2.3164855e-20)
(0.85671779 0.043699275 0)
(0.85671779 0.043699275 0)
(0.85671779 0.043699275 1.963663e-20)
(0.85671779 0.043699275 -1.8689078e-20)
(0.85671779 0.043699275 -4.3537886e-24)
(0.85671779 0.043699275 1.7052494e-20)
(0.85671779 0.043699275 -7.9734889e-24)
(0.85671779 0.043699275 7.6509832e-24)
(0.85671779 0.043699275 -1.5060075e-20)
(0.85671779 0.043699275 1.4496524e-20)
(0.85671779 0.043699275 1.3973628e-20)
(0.85671779 0.043699275 -1.3500312e-20)
(0.85671779 0.043699275 -2.463101e-20)
(0.85671779 0.043699275 0)
(0.85671779 0.043699275 0)
(0.85671779 0.043699275 -2.0685435e-20)
(0.85671779 0.043699275 -1.9636908e-20)
(0.85671779 0.043699275 0)
(0.85671779 0.043699275 0)
(0.85671779 0.043699275 -1.7044927e-20)
(0.85671779 0.043699275 0)
(0.85671779 0.043699275 -1.5666338e-20)
(0.85671779 0.043699275 0)
(0.85671779 0.043699275 7.0771791e-24)
(0.85671779 0.043699275 -1.3978164e-20)
(0.85671779 0.043699275 1.3485011e-20)
(0.85671779 0.043699275 0)
(0.85671779 0.043699275 1.6559976e-22)
(0.85671779 0.043699275 0)
(0.85671779 0.043699275 0)
(0.85671779 0.043699275 1.6851337e-22)
(0.85671779 0.043699275 0)
(0.85671779 0.043699275 1.7051342e-22)
(0.85671779 0.043699275 0)
(0.85671779 0.043699275 1.7256151e-22)
(0.85671779 0.043699275 0)
(0.85671779 0.043699275 3.493188e-22)
(0.85671779 0.043699275 1.7572759e-22)
(0.85671779 0.043699275 0)
)
;

boundaryField
{
    Side
    {
        type            empty;
    }
    Inlet
    {
        type            inletOutlet;
        inletValue      uniform (0.85671779 0.043699275 0);
        value           nonuniform List<vector> 
82
(
(0.85671779 0.043699275 0)
(0.85671779 0.043699275 0)
(0.85671779 0.043699275 0)
(0.85671779 0.043699275 0)
(0.85671779 0.043699275 0)
(0.85671779 0.043699275 -2.9109891e-20)
(0.85671779 0.043699275 2.9096862e-20)
(0.85671779 0.043699275 -2.9083845e-20)
(0.85671779 0.043699275 5.3834892e-33)
(0.85671779 0.043699275 2.9057848e-20)
(0.85671779 0.043699275 0)
(0.85671779 0.043699275 0)
(0.85671779 0.043699275 0)
(0.85671779 0.043699275 0)
(0.85671779 0.043699275 2.899305e-20)
(0.85671779 0.043699275 3.0295415e-32)
(0.85671779 0.043699275 -2.896721e-20)
(0.85671779 0.043699275 -2.8954309e-20)
(0.85671779 0.043699275 -4.9837973e-32)
(0.85671779 0.043699275 2.5305491e-20)
(0.85671779 0.043699275 -2.5297993e-20)
(0.85671779 0.043699275 2.5290501e-20)
(0.85671779 0.043699275 -2.5283015e-20)
(0.85671779 0.043699275 -6.8806753e-33)
(0.85671779 0.043699275 8.6011032e-33)
(0.85671779 0.043699275 2.5260579e-20)
(0.85671779 0.043699275 0)
(0.85671779 0.043699275 0)
(0.85671779 0.043699275 -2.5238184e-20)
(0.85671779 0.043699275 1.0476389e-32)
(0.85671779 0.043699275 1.0848542e-32)
(0.85671779 0.043699275 5.0431655e-20)
(0.85671779 0.043699275 -8.3762297e-22)
(0.85671779 0.043699275 1.6349579e-24)
(0.85671779 0.043699275 0)
(0.85671779 0.043699275 1.6704697e-21)
(0.85671779 0.043699275 -1.6726893e-21)
(0.85671779 0.043699275 -1.6716445e-21)
(0.85671779 0.043699275 1.6706009e-21)
(0.85671779 0.043699275 0)
(0.85671779 0.043699275 0)
(0.85671779 0.043699275 0)
(0.85671779 0.043699275 0)
(0.85671779 0.043699275 0)
(0.85671779 0.043699275 0)
(0.85671779 0.043699275 0)
(0.85671779 0.043699275 0)
(0.85671779 0.043699275 0)
(0.85671779 0.043699275 0)
(0.85671779 0.043699275 0)
(0.85671779 0.043699275 0)
(0.85671779 0.043699275 0)
(0.85671779 0.043699275 0)
(0.85671779 0.043699275 0)
(0.85671779 0.043699275 -2.9479958e-20)
(0.85671779 0.043699275 0)
(0.85671779 0.043699275 0)
(0.85671779 0.043699275 2.9466613e-20)
(0.85671779 0.043699275 -2.9462166e-20)
(0.85671779 0.043699275 -2.9457723e-20)
(0.85671779 0.043699275 2.9453279e-20)
(0.85671779 0.043699275 0)
(0.85671779 0.043699275 -2.9444396e-20)
(0.85671779 0.043699275 2.9439959e-20)
(0.85671779 0.043699275 2.9435522e-20)
(0.85671779 0.043699275 2.5212083e-32)
(0.85671779 0.043699275 -5.8853303e-20)
(0.85671779 0.043699275 2.9422216e-20)
(0.85671779 0.043699275 0)
(0.85671779 0.043699275 0)
(0.85671779 0.043699275 -7.5407306e-25)
(0.85671779 0.043699275 0)
(0.85671779 0.043699275 0)
(0.85671779 0.043699275 0)
(0.85671779 0.043699275 0)
(0.85671779 0.043699275 0)
(0.85671779 0.043699275 0)
(0.85671779 0.043699275 -7.5254756e-25)
(0.85671779 0.043699275 0)
(0.85671779 0.043699275 0)
(0.85671779 0.043699275 2.4638117e-20)
(0.85671779 0.043699275 -2.463101e-20)
)
;
    }
    Airfoil
    {
        type            noSlip;
    }
    Outlet
    {
        type            zeroGradient;
    }
    Flap
    {
        type            noSlip;
    }
    procBoundary6to5
    {
        type            processor;
        value           nonuniform List<vector> 
188
(
(0.85671779 0.043699275 0)
(0.85671779 0.043699275 -2.3633015e-21)
(0.85671779 0.043699275 2.3634456e-21)
(0.85671779 0.043699275 0)
(0.85671779 0.043699275 0)
(0.85671779 0.043699275 0)
(0.85671779 0.043699275 -1.1820111e-21)
(0.85671779 0.043699275 1.1820832e-21)
(0.85671779 0.043699275 -1.1821553e-21)
(0.85671779 0.043699275 2.3644549e-21)
(0.85671779 0.043699275 -1.1822996e-21)
(0.85671779 0.043699275 -1.1823717e-21)
(0.85671779 0.043699275 1.1824439e-21)
(0.85671779 0.043699275 1.1825173e-21)
(0.85671779 0.043699275 4.8849235e-22)
(0.85671779 0.043699275 -2.5492684e-22)
(0.85671779 0.043699275 -2.6658431e-22)
(0.85671779 0.043699275 -2.7935903e-22)
(0.85671779 0.043699275 -2.7935903e-22)
(0.85671779 0.043699275 1.727766e-34)
(0.85671779 0.043699275 -6.1498425e-22)
(0.85671779 0.043699275 0)
(0.85671779 0.043699275 1.999821e-34)
(0.85671779 0.043699275 1.999821e-34)
(0.85671779 0.043699275 7.2646093e-22)
(0.85671779 0.043699275 -7.7473212e-22)
(0.85671779 0.043699275 -6.2240612e-22)
(0.85671779 0.043699275 -6.2240612e-22)
(0.85671779 0.043699275 -1.1091244e-21)
(0.85671779 0.043699275 2.4009664e-22)
(0.85671779 0.043699275 2.4009664e-22)
(0.85671779 0.043699275 2.2805419e-21)
(0.85671779 0.043699275 -2.5540811e-22)
(0.85671779 0.043699275 5.1490993e-22)
(0.85671779 0.043699275 0)
(0.85671779 0.043699275 0)
(0.85671779 0.043699275 -1.858203e-22)
(0.85671779 0.043699275 9.4585585e-23)
(0.85671779 0.043699275 -3.3712895e-22)
(0.85671779 0.043699275 2.4531122e-22)
(0.85671779 0.043699275 -8.5957036e-36)
(0.85671779 0.043699275 -8.1221211e-22)
(0.85671779 0.043699275 -8.2498697e-23)
(0.85671779 0.043699275 -2.5145103e-22)
(0.85671779 0.043699275 4.2589069e-22)
(0.85671779 0.043699275 -2.5975262e-22)
(0.85671779 0.043699275 5.2822486e-22)
(0.85671779 0.043699275 -3.5816145e-22)
(0.85671779 0.043699275 9.109545e-23)
(0.85671779 0.043699275 2.7811652e-22)
(0.85671779 0.043699275 2.7811652e-22)
(0.85671779 0.043699275 -1.1529793e-22)
(0.85671779 0.043699275 9.2448247e-23)
(0.85671779 0.043699275 1.6215361e-22)
(0.85671779 0.043699275 -2.0896003e-22)
(0.85671779 0.043699275 -3.7233607e-22)
(0.85671779 0.043699275 3.4986708e-22)
(0.85671779 0.043699275 0)
(0.85671779 0.043699275 -7.732609e-22)
(0.85671779 0.043699275 1.4796407e-21)
(0.85671779 0.043699275 -7.2976551e-22)
(0.85671779 0.043699275 -2.3595539e-23)
(0.85671779 0.043699275 0)
(0.85671779 0.043699275 2.3705738e-23)
(0.85671779 0.043699275 2.3761209e-23)
(0.85671779 0.043699275 0)
(0.85671779 0.043699275 0)
(0.85671779 0.043699275 0)
(0.85671779 0.043699275 0)
(0.85671779 0.043699275 0)
(0.85671779 0.043699275 0)
(0.85671779 0.043699275 0)
(0.85671779 0.043699275 0)
(0.85671779 0.043699275 0)
(0.85671779 0.043699275 0)
(0.85671779 0.043699275 0)
(0.85671779 0.043699275 0)
(0.85671779 0.043699275 0)
(0.85671779 0.043699275 0)
(0.85671779 0.043699275 -5.2714954e-22)
(0.85671779 0.043699275 0)
(0.85671779 0.043699275 0)
(0.85671779 0.043699275 -2.4245441e-22)
(0.85671779 0.043699275 4.2673523e-22)
(0.85671779 0.043699275 -2.4525913e-22)
(0.85671779 0.043699275 -2.4668597e-22)
(0.85671779 0.043699275 2.4812951e-22)
(0.85671779 0.043699275 0)
(0.85671779 0.043699275 -6.2766965e-23)
(0.85671779 0.043699275 0)
(0.85671779 0.043699275 -5.0815327e-22)
(0.85671779 0.043699275 4.4731443e-22)
(0.85671779 0.043699275 0)
(0.85671779 0.043699275 5.1745507e-22)
(0.85671779 0.043699275 5.1745507e-22)
(0.85671779 0.043699275 -2.3070786e-21)
(0.85671779 0.043699275 2.4473845e-21)
(0.85671779 0.043699275 2.4473845e-21)
(0.85671779 0.043699275 2.6058611e-21)
(0.85671779 0.043699275 2.6058611e-21)
(0.85671779 0.043699275 0)
(0.85671779 0.043699275 0)
(0.85671779 0.043699275 -2.9935462e-21)
(0.85671779 0.043699275 -2.9935462e-21)
(0.85671779 0.043699275 -1.0942386e-23)
(0.85671779 0.043699275 -2.2391343e-20)
(0.85671779 0.043699275 2.2394566e-20)
(0.85671779 0.043699275 -2.2375922e-20)
(0.85671779 0.043699275 2.236822e-20)
(0.85671779 0.043699275 -2.2360522e-20)
(0.85671779 0.043699275 -2.2948422e-20)
(0.85671779 0.043699275 1.1201328e-23)
(0.85671779 0.043699275 2.2909834e-20)
(0.85671779 0.043699275 -1.1193429e-23)
(0.85671779 0.043699275 0)
(0.85671779 0.043699275 -2.2930357e-20)
(0.85671779 0.043699275 2.2911098e-20)
(0.85671779 0.043699275 -1.1177661e-23)
(0.85671779 0.043699275 -1.1177661e-23)
(0.85671779 0.043699275 0)
(0.85671779 0.043699275 9.2818e-24)
(0.85671779 0.043699275 -1.9004895e-20)
(0.85671779 0.043699275 1.9000668e-20)
(0.85671779 0.043699275 9.2756062e-24)
(0.85671779 0.043699275 9.2756062e-24)
(0.85671779 0.043699275 -1.8581557e-20)
(0.85671779 0.043699275 1.8577518e-20)
(0.85671779 0.043699275 1.8555351e-20)
(0.85671779 0.043699275 -3.7111699e-20)
(0.85671779 0.043699275 9.0607173e-24)
(0.85671779 0.043699275 1.8543257e-20)
(0.85671779 0.043699275 1.8548287e-20)
(0.85671779 0.043699275 -1.8553315e-20)
(0.85671779 0.043699275 -1.853118e-20)
(0.85671779 0.043699275 -1.6779334e-21)
(0.85671779 0.043699275 8.9234472e-22)
(0.85671779 0.043699275 9.5361e-22)
(0.85671779 0.043699275 9.5361e-22)
(0.85671779 0.043699275 -1.0270083e-21)
(0.85671779 0.043699275 -8.7193622e-24)
(0.85671779 0.043699275 -8.7193622e-24)
(0.85671779 0.043699275 1.2270309e-21)
(0.85671779 0.043699275 1.3379028e-21)
(0.85671779 0.043699275 1.3379028e-21)
(0.85671779 0.043699275 -2.9578107e-21)
(0.85671779 0.043699275 -2.9578107e-21)
(0.85671779 0.043699275 -3.3353872e-21)
(0.85671779 0.043699275 3.3312312e-21)
(0.85671779 0.043699275 3.3312312e-21)
(0.85671779 0.043699275 -3.7988533e-21)
(0.85671779 0.043699275 -3.7988533e-21)
(0.85671779 0.043699275 4.4364613e-21)
(0.85671779 0.043699275 -1.4918098e-23)
(0.85671779 0.043699275 -1.4918098e-23)
(0.85671779 0.043699275 0)
(0.85671779 0.043699275 3.1754038e-21)
(0.85671779 0.043699275 3.1754038e-21)
(0.85671779 0.043699275 2.1263438e-23)
(0.85671779 0.043699275 2.1263438e-23)
(0.85671779 0.043699275 0)
(0.85671779 0.043699275 0)
(0.85671779 0.043699275 -1.5699074e-33)
(0.85671779 0.043699275 -1.5699074e-33)
(0.85671779 0.043699275 9.6745146e-22)
(0.85671779 0.043699275 9.6745146e-22)
(0.85671779 0.043699275 0)
(0.85671779 0.043699275 0)
(0.85671779 0.043699275 0)
(0.85671779 0.043699275 0)
(0.85671779 0.043699275 -3.8553442e-20)
(0.85671779 0.043699275 7.7101074e-20)
(0.85671779 0.043699275 7.7081162e-20)
(0.85671779 0.043699275 -3.8535318e-20)
(0.85671779 0.043699275 -3.852772e-20)
(0.85671779 0.043699275 -3.8524828e-20)
(0.85671779 0.043699275 -3.8507818e-20)
(0.85671779 0.043699275 3.8500235e-20)
(0.85671779 0.043699275 7.699937e-20)
(0.85671779 0.043699275 -3.8489758e-20)
(0.85671779 0.043699275 3.8477483e-20)
(0.85671779 0.043699275 3.7690657e-20)
(0.85671779 0.043699275 3.7678773e-20)
(0.85671779 0.043699275 4.5985723e-24)
(0.85671779 0.043699275 4.5985723e-24)
(0.85671779 0.043699275 -1.3512771e-20)
(0.85671779 0.043699275 -1.3523826e-20)
(0.85671779 0.043699275 1.3508493e-20)
(0.85671779 0.043699275 1.3508493e-20)
)
;
    }
    procBoundary6to7
    {
        type            processor;
        value           nonuniform List<vector> 
120
(
(0.85671779 0.043699275 0)
(0.85671779 0.043699275 0)
(0.85671779 0.043699275 0)
(0.85671779 0.043699275 0)
(0.85671779 0.043699275 3.4438589e-21)
(0.85671779 0.043699275 -3.4438207e-21)
(0.85671779 0.043699275 0)
(0.85671779 0.043699275 0)
(0.85671779 0.043699275 0)
(0.85671779 0.043699275 0)
(0.85671779 0.043699275 8.6090736e-22)
(0.85671779 0.043699275 -4.304489e-22)
(0.85671779 0.043699275 -4.3044412e-22)
(0.85671779 0.043699275 4.3043934e-22)
(0.85671779 0.043699275 -4.3043475e-22)
(0.85671779 0.043699275 -4.3043475e-22)
(0.85671779 0.043699275 0)
(0.85671779 0.043699275 0)
(0.85671779 0.043699275 0)
(0.85671779 0.043699275 -1.6938254e-22)
(0.85671779 0.043699275 0)
(0.85671779 0.043699275 1.7136932e-22)
(0.85671779 0.043699275 0)
(0.85671779 0.043699275 1.7340325e-22)
(0.85671779 0.043699275 -1.7443844e-22)
(0.85671779 0.043699275 0)
(0.85671779 0.043699275 -1.7654633e-22)
(0.85671779 0.043699275 0)
(0.85671779 0.043699275 1.7870579e-22)
(0.85671779 0.043699275 0)
(0.85671779 0.043699275 1.7980545e-22)
(0.85671779 0.043699275 0)
(0.85671779 0.043699275 0)
(0.85671779 0.043699275 0)
(0.85671779 0.043699275 0)
(0.85671779 0.043699275 0)
(0.85671779 0.043699275 -3.3793521e-22)
(0.85671779 0.043699275 3.3793447e-22)
(0.85671779 0.043699275 0)
(0.85671779 0.043699275 6.7586599e-22)
(0.85671779 0.043699275 -1.351729e-21)
(0.85671779 0.043699275 6.7586305e-22)
(0.85671779 0.043699275 0)
(0.85671779 0.043699275 -1.3517202e-21)
(0.85671779 0.043699275 2.7034345e-21)
(0.85671779 0.043699275 -1.3517142e-21)
(0.85671779 0.043699275 0)
(0.85671779 0.043699275 8.3441961e-21)
(0.85671779 0.043699275 -8.3442241e-21)
(0.85671779 0.043699275 0)
(0.85671779 0.043699275 8.3442805e-21)
(0.85671779 0.043699275 4.0280061e-33)
(0.85671779 0.043699275 -8.3443364e-21)
(0.85671779 0.043699275 -8.3443645e-21)
(0.85671779 0.043699275 3.3332365e-33)
(0.85671779 0.043699275 8.3444209e-21)
(0.85671779 0.043699275 8.3444489e-21)
(0.85671779 0.043699275 -8.3444768e-21)
(0.85671779 0.043699275 0)
(0.85671779 0.043699275 0)
(0.85671779 0.043699275 8.8823959e-21)
(0.85671779 0.043699275 8.8823959e-21)
(0.85671779 0.043699275 5.1220077e-33)
(0.85671779 0.043699275 -8.8823217e-21)
(0.85671779 0.043699275 1.1606777e-33)
(0.85671779 0.043699275 4.441129e-21)
(0.85671779 0.043699275 4.4411131e-21)
(0.85671779 0.043699275 -4.4410972e-21)
(0.85671779 0.043699275 0)
(0.85671779 0.043699275 0)
(0.85671779 0.043699275 0)
(0.85671779 0.043699275 0)
(0.85671779 0.043699275 0)
(0.85671779 0.043699275 0)
(0.85671779 0.043699275 -4.1722945e-21)
(0.85671779 0.043699275 0)
(0.85671779 0.043699275 0)
(0.85671779 0.043699275 5.4252876e-22)
(0.85671779 0.043699275 -5.4252734e-22)
(0.85671779 0.043699275 0)
(0.85671779 0.043699275 0)
(0.85671779 0.043699275 0)
(0.85671779 0.043699275 0)
(0.85671779 0.043699275 0)
(0.85671779 0.043699275 0)
(0.85671779 0.043699275 -2.1700695e-21)
(0.85671779 0.043699275 2.1700638e-21)
(0.85671779 0.043699275 0)
(0.85671779 0.043699275 0)
(0.85671779 0.043699275 0)
(0.85671779 0.043699275 -5.9332622e-23)
(0.85671779 0.043699275 1.6465081e-22)
(0.85671779 0.043699275 5.9332699e-23)
(0.85671779 0.043699275 -1.1866556e-22)
(0.85671779 0.043699275 1.1866572e-22)
(0.85671779 0.043699275 0)
(0.85671779 0.043699275 0)
(0.85671779 0.043699275 0)
(0.85671779 0.043699275 4.7466541e-22)
(0.85671779 0.043699275 -4.7466604e-22)
(0.85671779 0.043699275 4.7466668e-22)
(0.85671779 0.043699275 -4.7466731e-22)
(0.85671779 0.043699275 4.7466795e-22)
(0.85671779 0.043699275 -4.7466859e-22)
(0.85671779 0.043699275 0)
(0.85671779 0.043699275 0)
(0.85671779 0.043699275 1.6465081e-22)
(0.85671779 0.043699275 1.6559975e-22)
(0.85671779 0.043699275 0)
(0.85671779 0.043699275 0)
(0.85671779 0.043699275 0)
(0.85671779 0.043699275 0)
(0.85671779 0.043699275 1.7051341e-22)
(0.85671779 0.043699275 0)
(0.85671779 0.043699275 1.725615e-22)
(0.85671779 0.043699275 0)
(0.85671779 0.043699275 1.7465939e-22)
(0.85671779 0.043699275 1.7572758e-22)
(0.85671779 0.043699275 1.7680892e-22)
(0.85671779 0.043699275 0)
)
;
    }
}


// ************************************************************************* //
