/*--------------------------------*- C++ -*----------------------------------*\
| =========                 |                                                 |
| \\      /  F ield         | OpenFOAM: The Open Source CFD Toolbox           |
|  \\    /   O peration     | Version:  2206                                  |
|   \\  /    A nd           | Website:  www.openfoam.com                      |
|    \\/     M anipulation  |                                                 |
\*---------------------------------------------------------------------------*/
FoamFile
{
    version     2.0;
    format      ascii;
    arch        "LSB;label=32;scalar=64";
    class       volScalarField;
    location    "0.02";
    object      alphat;
}
// * * * * * * * * * * * * * * * * * * * * * * * * * * * * * * * * * * * * * //

dimensions      [1 -1 -1 0 0 0 0];

internalField   nonuniform List<scalar> 
1400
(
2.7772295e-08
2.7772295e-08
2.7772295e-08
2.7772295e-08
2.7772295e-08
2.7772295e-08
2.7772295e-08
2.7772295e-08
2.7772295e-08
2.7772295e-08
2.7772295e-08
2.7772295e-08
2.7772295e-08
2.7772295e-08
2.7772295e-08
2.7772295e-08
2.7772295e-08
2.7772295e-08
2.7772295e-08
2.7772295e-08
2.7772295e-08
2.7772295e-08
2.7772295e-08
2.7772295e-08
2.7772295e-08
2.7772295e-08
2.7772295e-08
2.7772295e-08
2.7772295e-08
2.7772295e-08
2.7772295e-08
2.7772295e-08
2.7772295e-08
2.7772295e-08
2.7772295e-08
2.7772295e-08
2.7772295e-08
2.7772295e-08
2.7772295e-08
2.7772295e-08
2.7772295e-08
2.7772295e-08
2.7772295e-08
2.7772295e-08
2.7772295e-08
2.7772295e-08
2.7772295e-08
2.7772295e-08
2.7772295e-08
2.7772295e-08
2.7772295e-08
2.7772295e-08
2.7772295e-08
2.7772295e-08
2.7772295e-08
2.7772295e-08
2.7772295e-08
2.7772295e-08
2.7772295e-08
2.7772295e-08
2.7772295e-08
2.7772295e-08
2.7772295e-08
2.7772295e-08
2.7772295e-08
2.7772295e-08
2.7772295e-08
2.7772295e-08
2.7772295e-08
2.7772295e-08
2.7772295e-08
2.7772295e-08
2.7772295e-08
2.7772295e-08
2.7772295e-08
2.7772295e-08
2.7772295e-08
2.7772295e-08
2.7772295e-08
2.7772295e-08
2.7772295e-08
2.7772295e-08
2.7772295e-08
2.7772295e-08
2.7772295e-08
2.7772295e-08
2.7772295e-08
2.7772295e-08
2.7772295e-08
2.7772295e-08
2.7772295e-08
2.7772295e-08
2.7772295e-08
2.7772295e-08
2.7772295e-08
2.7772295e-08
2.7772295e-08
2.7772295e-08
2.7772295e-08
2.7772295e-08
2.7772295e-08
2.7772295e-08
2.7772295e-08
2.7772295e-08
2.7772295e-08
2.7772295e-08
2.7772295e-08
2.7772295e-08
2.7772295e-08
2.7772295e-08
2.7772295e-08
2.7772295e-08
2.7772295e-08
2.7772295e-08
2.7772295e-08
2.7772295e-08
2.7772295e-08
2.7772295e-08
2.7772295e-08
2.7772295e-08
2.7772295e-08
2.7772295e-08
2.7772295e-08
2.7772295e-08
2.7772295e-08
2.7772295e-08
2.7772295e-08
2.7772295e-08
2.7772295e-08
2.7772295e-08
2.7772295e-08
2.7772295e-08
2.7772295e-08
2.7772295e-08
2.7772295e-08
2.7772295e-08
2.7772295e-08
2.7772295e-08
2.7772295e-08
2.7772295e-08
2.7772295e-08
2.7772295e-08
2.7772295e-08
2.7772295e-08
2.7772295e-08
2.7772295e-08
2.7772295e-08
2.7772295e-08
2.7772295e-08
2.7772295e-08
2.7772295e-08
2.7772295e-08
2.7772295e-08
2.7772295e-08
2.7772295e-08
2.7772295e-08
2.7772295e-08
2.7772295e-08
2.7772295e-08
2.7772295e-08
2.7772295e-08
2.7772295e-08
2.7772295e-08
2.7772295e-08
2.7772295e-08
2.7772295e-08
2.7772295e-08
2.7772295e-08
2.7772294e-08
2.7772294e-08
2.7772294e-08
2.7772294e-08
2.7772294e-08
2.7772294e-08
2.7772294e-08
2.7772294e-08
2.7772294e-08
2.7772294e-08
2.7772294e-08
2.7772294e-08
2.7772294e-08
2.7772294e-08
2.7772295e-08
2.7772294e-08
2.7772294e-08
2.7772294e-08
2.7772295e-08
2.7772295e-08
2.7772295e-08
2.7772295e-08
2.7772295e-08
2.7772295e-08
2.7772295e-08
2.7772295e-08
2.7772295e-08
2.7772295e-08
2.7772295e-08
2.7772295e-08
2.7772295e-08
2.7772295e-08
2.7772295e-08
2.7772295e-08
2.7772295e-08
2.7772295e-08
2.7772295e-08
2.7772295e-08
2.7772295e-08
2.7772295e-08
2.7772295e-08
2.7772295e-08
2.7772295e-08
2.7772295e-08
2.7772295e-08
2.7772295e-08
2.7772295e-08
2.7772295e-08
2.7772295e-08
2.7772295e-08
2.7772295e-08
2.7772295e-08
2.7772295e-08
2.7772295e-08
2.7772295e-08
2.7772295e-08
2.7772295e-08
2.7772295e-08
2.7772295e-08
2.7772295e-08
2.7772295e-08
2.7772295e-08
2.7772295e-08
2.7772295e-08
2.7772295e-08
2.7772295e-08
2.7772295e-08
2.7772295e-08
2.7772295e-08
2.7772295e-08
2.7772295e-08
2.7772295e-08
2.7772295e-08
2.7772295e-08
2.7772295e-08
2.7772295e-08
2.7772295e-08
2.7772295e-08
2.7772295e-08
2.7772295e-08
2.7772295e-08
2.7772295e-08
2.7772295e-08
2.7772295e-08
2.7772295e-08
2.7772295e-08
2.7772295e-08
2.7772295e-08
2.7772295e-08
2.7772295e-08
2.7772295e-08
2.7772295e-08
2.7772295e-08
2.7772295e-08
2.7772295e-08
2.7772295e-08
2.7772295e-08
2.7772295e-08
2.7772295e-08
2.7772295e-08
2.7772295e-08
2.7772295e-08
2.7772295e-08
2.7772295e-08
2.7772295e-08
2.7772295e-08
2.7772295e-08
2.7772295e-08
2.7772295e-08
2.7772295e-08
2.7772295e-08
2.7772295e-08
2.7772295e-08
2.7772295e-08
2.7772295e-08
2.7772295e-08
2.7772295e-08
2.7772295e-08
2.7772295e-08
2.7772295e-08
2.7772295e-08
2.7772295e-08
2.7772295e-08
2.7772295e-08
2.7772295e-08
2.7772295e-08
2.7772295e-08
2.7772295e-08
2.7772295e-08
2.7772295e-08
2.7772295e-08
2.7772295e-08
2.7772295e-08
2.7772295e-08
2.7772295e-08
2.7772295e-08
2.7772295e-08
2.7772295e-08
2.7772295e-08
2.7772295e-08
2.7772295e-08
2.7772295e-08
2.7772295e-08
2.7772295e-08
2.7772295e-08
2.7772295e-08
2.7772295e-08
2.7772295e-08
2.7772295e-08
2.7772295e-08
2.7772295e-08
2.7772295e-08
2.7772295e-08
2.7772295e-08
2.7772295e-08
2.7772295e-08
2.7772295e-08
2.7772295e-08
2.7772295e-08
2.7772295e-08
2.7772295e-08
2.7772295e-08
2.7772295e-08
2.7772295e-08
2.7772295e-08
2.7772295e-08
2.7772295e-08
2.7772295e-08
2.7772295e-08
2.7772295e-08
2.7772295e-08
2.7772295e-08
2.7772295e-08
2.7772295e-08
2.7772295e-08
2.7772295e-08
2.7772295e-08
2.7772295e-08
2.7772295e-08
2.7772295e-08
2.7772295e-08
2.7772295e-08
2.7772295e-08
2.7772295e-08
2.7772295e-08
2.7772295e-08
2.7772295e-08
2.7772295e-08
2.7772295e-08
2.7772295e-08
2.7772295e-08
2.7772295e-08
2.7772295e-08
2.7772295e-08
2.7772295e-08
2.7772295e-08
2.7772295e-08
2.7772295e-08
2.7772295e-08
2.7772295e-08
2.7772295e-08
2.7772295e-08
2.7772295e-08
2.7772295e-08
2.7772295e-08
2.7772295e-08
2.7772295e-08
2.7772295e-08
2.7772295e-08
2.7772295e-08
2.7772295e-08
2.7772295e-08
2.7772295e-08
2.7772295e-08
2.7772295e-08
2.7772295e-08
2.7772295e-08
2.7772295e-08
2.7772295e-08
2.7772295e-08
2.7772295e-08
2.7772295e-08
2.7772295e-08
2.7772295e-08
2.7772295e-08
2.7772295e-08
2.7772295e-08
2.7772295e-08
2.7772295e-08
2.7772295e-08
2.7772295e-08
2.7772295e-08
2.7772295e-08
2.7772295e-08
2.7772295e-08
2.7772295e-08
2.7772295e-08
2.7772295e-08
2.7772295e-08
2.7772295e-08
2.7772295e-08
2.7772295e-08
2.7772295e-08
2.7772295e-08
2.7772295e-08
2.7772295e-08
2.7772295e-08
2.7772295e-08
2.7772295e-08
2.7772295e-08
2.7772295e-08
2.7772295e-08
2.7772295e-08
2.7772295e-08
2.7772295e-08
2.7772295e-08
2.7772295e-08
2.7772295e-08
2.7772295e-08
2.7772295e-08
2.7772295e-08
2.7772295e-08
2.7772295e-08
2.7772295e-08
2.7772295e-08
2.7772295e-08
2.7772295e-08
2.7772295e-08
2.7772295e-08
2.7772295e-08
2.7772295e-08
2.7772295e-08
2.7772295e-08
2.7772295e-08
2.7772295e-08
2.7772295e-08
2.7772295e-08
2.7772295e-08
2.7772295e-08
2.7772295e-08
2.7772295e-08
2.7772295e-08
2.7772295e-08
2.7772295e-08
2.7772295e-08
2.7772295e-08
2.7772295e-08
2.7772295e-08
2.7772295e-08
2.7772295e-08
2.7772295e-08
2.7772295e-08
2.7772295e-08
2.7772295e-08
2.7772295e-08
2.7772295e-08
2.7772295e-08
2.7772295e-08
2.7772295e-08
2.7772295e-08
2.7772295e-08
2.7772295e-08
2.7772295e-08
2.7772295e-08
2.7772295e-08
2.7772295e-08
2.7772295e-08
2.7772295e-08
2.7772295e-08
2.7772295e-08
2.7772295e-08
2.7772295e-08
2.7772295e-08
2.7772295e-08
2.7772295e-08
2.7772295e-08
2.7772295e-08
2.7772295e-08
2.7772295e-08
2.7772295e-08
2.7772295e-08
2.7772295e-08
2.7772295e-08
2.7772295e-08
2.7772295e-08
2.7772295e-08
2.7772295e-08
2.7772295e-08
2.7772295e-08
2.7772295e-08
2.7772295e-08
2.7772295e-08
2.7772295e-08
2.7772295e-08
2.7772295e-08
2.7772295e-08
2.7772295e-08
2.7772295e-08
2.7772295e-08
2.7772295e-08
2.7772295e-08
2.7772295e-08
2.7772295e-08
2.7772295e-08
2.7772295e-08
2.7772295e-08
2.7772295e-08
2.7772295e-08
2.7772295e-08
2.7772295e-08
2.7772295e-08
2.7772295e-08
2.7772295e-08
2.7772295e-08
2.7772295e-08
2.7772295e-08
2.7772295e-08
2.7772295e-08
2.7772295e-08
2.7772295e-08
2.7772295e-08
2.7772295e-08
2.7772295e-08
2.7772295e-08
2.7772295e-08
2.7772295e-08
2.7772295e-08
2.7772295e-08
2.7772295e-08
2.7772295e-08
2.7772295e-08
2.7772295e-08
2.7772295e-08
2.7772295e-08
2.7772295e-08
2.7772295e-08
2.7772295e-08
2.7772295e-08
2.7772295e-08
2.7772295e-08
2.7772295e-08
2.7772295e-08
2.7772295e-08
2.7772295e-08
2.7772295e-08
2.7772295e-08
2.7772295e-08
2.7772295e-08
2.7772295e-08
2.7772295e-08
2.7772295e-08
2.7772295e-08
2.7772295e-08
2.7772295e-08
2.7772295e-08
2.7772295e-08
2.7772295e-08
2.7772295e-08
2.7772295e-08
2.7772295e-08
2.7772295e-08
2.7772295e-08
2.7772295e-08
2.7772295e-08
2.7772295e-08
2.7772295e-08
2.7772295e-08
2.7772295e-08
2.7772295e-08
2.7772295e-08
2.7772295e-08
2.7772295e-08
2.7772295e-08
2.7772295e-08
2.7772295e-08
2.7772295e-08
2.7772295e-08
2.7772295e-08
2.7772295e-08
2.7772295e-08
2.7772295e-08
2.7772295e-08
2.7772295e-08
2.7772295e-08
2.7772295e-08
2.7772295e-08
2.7772295e-08
2.7772295e-08
2.7772295e-08
2.7772295e-08
2.7772295e-08
2.7772295e-08
2.7772295e-08
2.7772295e-08
2.7772295e-08
2.7772295e-08
2.7772295e-08
2.7772295e-08
2.7772295e-08
2.7772295e-08
2.7772295e-08
2.7772295e-08
2.7772295e-08
2.7772295e-08
2.7772295e-08
2.7772295e-08
2.7772295e-08
2.7772295e-08
2.7772295e-08
2.7772295e-08
2.7772295e-08
2.7772295e-08
2.7772295e-08
2.7772295e-08
2.7772295e-08
2.7772295e-08
2.7772295e-08
2.7772295e-08
2.7772295e-08
2.7772295e-08
2.7772295e-08
2.7772295e-08
2.7772295e-08
2.7772295e-08
2.7772295e-08
2.7772295e-08
2.7772295e-08
2.7772295e-08
2.7772295e-08
2.7772295e-08
2.7772295e-08
2.7772295e-08
2.7772295e-08
2.7772295e-08
2.7772295e-08
2.7772295e-08
2.7772295e-08
2.7772295e-08
2.7772295e-08
2.7772295e-08
2.7772295e-08
2.7772295e-08
2.7772295e-08
2.7772295e-08
2.7772295e-08
2.7772295e-08
2.7772295e-08
2.7772295e-08
2.7772295e-08
2.7772295e-08
2.7772295e-08
2.7772295e-08
2.7772295e-08
2.7772295e-08
2.7772295e-08
2.7772295e-08
2.7772295e-08
2.7772295e-08
2.7772295e-08
2.7772295e-08
2.7772295e-08
2.7772295e-08
2.7772295e-08
2.7772295e-08
2.7772295e-08
2.7772295e-08
2.7772295e-08
2.7772295e-08
2.7772295e-08
2.7772295e-08
2.7772295e-08
2.7772295e-08
2.7772295e-08
2.7772295e-08
2.7772295e-08
2.7772295e-08
2.7772295e-08
2.7772295e-08
2.7772295e-08
2.7772295e-08
2.7772295e-08
2.7772295e-08
2.7772295e-08
2.7772295e-08
2.7772295e-08
2.7772295e-08
2.7772295e-08
2.7772295e-08
2.7772295e-08
2.7772295e-08
2.7772295e-08
2.7772295e-08
2.7772295e-08
2.7772295e-08
2.7772295e-08
2.7772295e-08
2.7772295e-08
2.7772295e-08
2.7772295e-08
2.7772295e-08
2.7772295e-08
2.7772295e-08
2.7772295e-08
2.7772295e-08
2.7772295e-08
2.7772294e-08
2.7772295e-08
2.7772295e-08
2.7772295e-08
2.7772295e-08
2.7772295e-08
2.7772295e-08
2.7772295e-08
2.7772295e-08
2.7772295e-08
2.7772295e-08
2.7772295e-08
2.7772295e-08
2.7772294e-08
2.7772295e-08
2.7772295e-08
2.7772295e-08
2.7772295e-08
2.7772295e-08
2.7772295e-08
2.7772295e-08
2.7772295e-08
2.7772295e-08
2.7772295e-08
2.7772295e-08
2.7772295e-08
2.7772294e-08
2.7772295e-08
2.7772295e-08
2.7772295e-08
2.7772295e-08
2.7772295e-08
2.7772295e-08
2.7772295e-08
2.7772295e-08
2.7772295e-08
2.7772295e-08
2.7772295e-08
2.7772295e-08
2.7772294e-08
2.7772295e-08
2.7772295e-08
2.7772295e-08
2.7772295e-08
2.7772295e-08
2.7772295e-08
2.7772295e-08
2.7772295e-08
2.7772295e-08
2.7772295e-08
2.7772295e-08
2.7772295e-08
2.7772294e-08
2.7772295e-08
2.7772295e-08
2.7772295e-08
2.7772295e-08
2.7772295e-08
2.7772295e-08
2.7772295e-08
2.7772295e-08
2.7772295e-08
2.7772295e-08
2.7772295e-08
2.7772295e-08
2.7772294e-08
2.7772295e-08
2.7772295e-08
2.7772295e-08
2.7772295e-08
2.7772295e-08
2.7772295e-08
2.7772295e-08
2.7772295e-08
2.7772295e-08
2.7772295e-08
2.7772295e-08
2.7772295e-08
2.7772294e-08
2.7772295e-08
2.7772295e-08
2.7772295e-08
2.7772295e-08
2.7772295e-08
2.7772295e-08
2.7772295e-08
2.7772295e-08
2.7772295e-08
2.7772295e-08
2.7772295e-08
2.7772295e-08
2.7772294e-08
2.7772295e-08
2.7772295e-08
2.7772295e-08
2.7772295e-08
2.7772295e-08
2.7772295e-08
2.7772295e-08
2.7772295e-08
2.7772295e-08
2.7772295e-08
2.7772295e-08
2.7772295e-08
2.7772294e-08
2.7772295e-08
2.7772295e-08
2.7772295e-08
2.7772295e-08
2.7772295e-08
2.7772295e-08
2.7772295e-08
2.7772295e-08
2.7772295e-08
2.7772295e-08
2.7772295e-08
2.7772295e-08
2.7772294e-08
2.7772295e-08
2.7772295e-08
2.7772295e-08
2.7772295e-08
2.7772295e-08
2.7772295e-08
2.7772295e-08
2.7772295e-08
2.7772295e-08
2.7772295e-08
2.7772295e-08
2.7772295e-08
2.7772294e-08
2.7772295e-08
2.7772295e-08
2.7772295e-08
2.7772295e-08
2.7772295e-08
2.7772295e-08
2.7772295e-08
2.7772295e-08
2.7772295e-08
2.7772295e-08
2.7772295e-08
2.7772295e-08
2.7772294e-08
2.7772295e-08
2.7772295e-08
2.7772295e-08
2.7772295e-08
2.7772295e-08
2.7772295e-08
2.7772295e-08
2.7772295e-08
2.7772295e-08
2.7772295e-08
2.7772295e-08
2.7772295e-08
2.7772295e-08
2.7772295e-08
2.7772295e-08
2.7772295e-08
2.7772295e-08
2.7772295e-08
2.7772295e-08
2.7772295e-08
2.7772295e-08
2.7772295e-08
2.7772295e-08
2.7772295e-08
2.7772295e-08
2.7772295e-08
2.7772295e-08
2.7772295e-08
2.7772295e-08
2.7772295e-08
2.7772295e-08
2.7772295e-08
2.7772295e-08
2.7772295e-08
2.7772295e-08
2.7772295e-08
2.7772295e-08
2.7772295e-08
2.7772295e-08
2.7772295e-08
2.7772295e-08
2.7772295e-08
2.7772295e-08
2.7772295e-08
2.7772295e-08
2.7772295e-08
2.7772295e-08
2.7772295e-08
2.7772295e-08
2.7772295e-08
2.7772295e-08
2.7772295e-08
2.7772295e-08
2.7772295e-08
2.7772295e-08
2.7772295e-08
2.7772295e-08
2.7772295e-08
2.7772295e-08
2.7772295e-08
2.7772295e-08
2.7772295e-08
2.7772295e-08
2.7772295e-08
2.7772295e-08
2.7772295e-08
2.7772295e-08
2.7772295e-08
2.7772295e-08
2.7772295e-08
2.7772295e-08
2.7772295e-08
2.7772295e-08
2.7772295e-08
2.7772295e-08
2.7772295e-08
2.7772295e-08
2.7772295e-08
2.7772295e-08
2.7772295e-08
2.7772295e-08
2.7772295e-08
2.7772295e-08
2.7772295e-08
2.7772295e-08
2.7772295e-08
2.7772295e-08
2.7772295e-08
2.7772295e-08
2.7772295e-08
2.7772295e-08
2.7772295e-08
2.7772295e-08
2.7772295e-08
2.7772295e-08
2.7772295e-08
2.7772295e-08
2.7772295e-08
2.7772295e-08
2.7772295e-08
2.7772295e-08
2.7772295e-08
2.7772295e-08
2.7772295e-08
2.7772295e-08
2.7772295e-08
2.7772295e-08
2.7772295e-08
2.7772295e-08
2.7772295e-08
2.7772295e-08
2.7772295e-08
2.7772295e-08
2.7772295e-08
2.7772295e-08
2.7772295e-08
2.7772295e-08
2.7772295e-08
2.7772295e-08
2.7772295e-08
2.7772295e-08
2.7772295e-08
2.7772295e-08
2.7772295e-08
2.7772295e-08
2.7772295e-08
2.7772295e-08
2.7772295e-08
2.7772295e-08
2.7772295e-08
2.7772295e-08
2.7772295e-08
2.7772295e-08
2.7772295e-08
2.7772295e-08
2.7772295e-08
2.7772295e-08
2.7772295e-08
2.7772295e-08
2.7772295e-08
2.7772295e-08
2.7772295e-08
2.7772295e-08
2.7772295e-08
2.7772295e-08
2.7772295e-08
2.7772295e-08
2.7772295e-08
2.7772295e-08
2.7772295e-08
2.7772295e-08
2.7772295e-08
2.7772295e-08
2.7772295e-08
2.7772295e-08
2.7772295e-08
2.7772295e-08
2.7772295e-08
2.7772295e-08
2.7772295e-08
2.7772295e-08
2.7772295e-08
2.7772295e-08
2.7772295e-08
2.7772295e-08
2.7772295e-08
2.7772295e-08
2.7772295e-08
2.7772295e-08
2.7772295e-08
2.7772295e-08
2.7772295e-08
2.7772295e-08
2.7772295e-08
2.7772295e-08
2.7772295e-08
2.7772295e-08
2.7772295e-08
2.7772295e-08
2.7772295e-08
2.7772295e-08
2.7772295e-08
2.7772295e-08
2.7772295e-08
2.7772295e-08
2.7772295e-08
2.7772295e-08
2.7772295e-08
2.7772295e-08
2.7772295e-08
2.7772295e-08
2.7772295e-08
2.7772295e-08
2.7772295e-08
2.7772295e-08
2.7772295e-08
2.7772295e-08
2.7772295e-08
2.7772295e-08
2.7772295e-08
2.7772295e-08
2.7772295e-08
2.7772295e-08
2.7772295e-08
2.7772295e-08
2.7772295e-08
2.7772295e-08
2.7772295e-08
2.7772295e-08
2.7772295e-08
2.7772295e-08
2.7772295e-08
2.7772295e-08
2.7772295e-08
2.7772295e-08
2.7772295e-08
2.7772295e-08
2.7772295e-08
2.7772295e-08
2.7772295e-08
2.7772295e-08
2.7772295e-08
2.7772295e-08
2.7772295e-08
2.7772295e-08
2.7772295e-08
2.7772295e-08
2.7772295e-08
2.7772295e-08
2.7772295e-08
2.7772295e-08
2.7772295e-08
2.7772295e-08
2.7772295e-08
2.7772295e-08
2.7772295e-08
2.7772295e-08
2.7772295e-08
2.7772295e-08
2.7772295e-08
2.7772295e-08
2.7772295e-08
2.7772295e-08
2.7772295e-08
2.7772295e-08
2.7772295e-08
2.7772295e-08
2.7772295e-08
2.7772295e-08
2.7772295e-08
2.7772295e-08
2.7772295e-08
2.7772295e-08
2.7772295e-08
2.7772295e-08
2.7772295e-08
2.7772295e-08
2.7772295e-08
2.7772295e-08
2.7772295e-08
2.7772295e-08
2.7772295e-08
2.7772295e-08
2.7772295e-08
2.7772295e-08
2.7772295e-08
2.7772295e-08
2.7772295e-08
2.7772295e-08
2.7772295e-08
2.7772295e-08
2.7772295e-08
2.7772295e-08
2.7772295e-08
2.7772295e-08
2.7772295e-08
2.7772295e-08
2.7772295e-08
2.7772295e-08
2.7772295e-08
2.7772295e-08
2.7772295e-08
2.7772295e-08
2.7772295e-08
2.7772295e-08
2.7772295e-08
2.7772295e-08
2.7772295e-08
2.7772295e-08
2.7772295e-08
2.7772295e-08
2.7772295e-08
2.7772295e-08
2.7772295e-08
2.7772295e-08
2.7772295e-08
2.7772295e-08
2.7772295e-08
2.7772295e-08
2.7772295e-08
2.7772295e-08
2.7772295e-08
2.7772295e-08
2.7772295e-08
2.7772295e-08
2.7772295e-08
2.7772295e-08
2.7772295e-08
2.7772295e-08
2.7772295e-08
2.7772295e-08
2.7772295e-08
2.7772295e-08
2.7772295e-08
2.7772295e-08
2.7772295e-08
2.7772295e-08
2.7772295e-08
2.7772295e-08
2.7772295e-08
2.7772295e-08
2.7772295e-08
2.7772295e-08
2.7772295e-08
2.7772295e-08
2.7772295e-08
2.7772295e-08
2.7772295e-08
2.7772295e-08
2.7772295e-08
2.7772295e-08
2.7772295e-08
2.7772295e-08
2.7772295e-08
2.7772295e-08
2.7772295e-08
2.7772295e-08
2.7772295e-08
2.7772295e-08
2.7772295e-08
2.7772295e-08
2.7772295e-08
2.7772295e-08
2.7772295e-08
2.7772295e-08
2.7772295e-08
2.7772295e-08
2.7772295e-08
2.7772295e-08
2.7772295e-08
2.7772295e-08
2.7772295e-08
2.7772295e-08
2.7772295e-08
2.7772295e-08
2.7772295e-08
2.7772295e-08
2.7772295e-08
2.7772295e-08
2.7772295e-08
2.7772294e-08
2.7772295e-08
2.7772295e-08
2.7772295e-08
2.7772295e-08
2.7772295e-08
2.7772295e-08
2.7772295e-08
2.7772295e-08
2.7772295e-08
2.7772295e-08
2.7772295e-08
2.7772295e-08
2.7772294e-08
2.7772295e-08
2.7772295e-08
2.7772295e-08
2.7772295e-08
2.7772295e-08
2.7772295e-08
2.7772295e-08
2.7772295e-08
2.7772295e-08
2.7772295e-08
2.7772295e-08
2.7772295e-08
2.7772295e-08
2.7772295e-08
2.7772295e-08
2.7772295e-08
2.7772295e-08
2.7772295e-08
2.7772295e-08
2.7772295e-08
2.7772295e-08
2.7772295e-08
2.7772295e-08
2.7772295e-08
2.7772295e-08
2.7772295e-08
2.7772295e-08
2.7772295e-08
2.7772295e-08
2.7772295e-08
2.7772295e-08
2.7772295e-08
2.7772295e-08
2.7772295e-08
2.7772295e-08
2.7772295e-08
2.7772295e-08
2.7772295e-08
2.7772295e-08
2.7772295e-08
2.7772295e-08
2.7772295e-08
2.7772295e-08
2.7772295e-08
2.7772295e-08
2.7772295e-08
2.7772295e-08
2.7772295e-08
2.7772295e-08
2.7772295e-08
2.7772295e-08
2.7772295e-08
2.7772295e-08
2.7772295e-08
2.7772295e-08
2.7772295e-08
2.7772295e-08
2.7772295e-08
2.7772295e-08
2.7772295e-08
2.7772295e-08
2.7772295e-08
2.7772295e-08
2.7772295e-08
2.7772295e-08
2.7772295e-08
2.7772295e-08
2.7772295e-08
2.7772295e-08
2.7772295e-08
2.7772295e-08
2.7772295e-08
2.7772295e-08
2.7772295e-08
2.7772295e-08
2.7772295e-08
2.7772295e-08
2.7772295e-08
2.7772295e-08
2.7772295e-08
2.7772295e-08
2.7772295e-08
2.7772295e-08
2.7772295e-08
2.7772295e-08
2.7772295e-08
2.7772295e-08
2.7772295e-08
2.7772295e-08
2.7772295e-08
2.7772295e-08
2.7772295e-08
2.7772295e-08
2.7772295e-08
2.7772295e-08
2.7772295e-08
2.7772295e-08
2.7772295e-08
2.7772295e-08
2.7772295e-08
2.7772295e-08
2.7772295e-08
2.7772295e-08
2.7772295e-08
2.7772295e-08
2.7772295e-08
2.7772295e-08
2.7772295e-08
2.7772295e-08
2.7772295e-08
2.7772295e-08
2.7772295e-08
2.7772295e-08
2.7772295e-08
2.7772295e-08
2.7772295e-08
2.7772295e-08
2.7772295e-08
2.7772295e-08
2.7772295e-08
2.7772295e-08
2.7772295e-08
2.7772295e-08
2.7772295e-08
2.7772295e-08
2.7772295e-08
2.7772295e-08
2.7772295e-08
2.7772295e-08
2.7772295e-08
2.7772295e-08
2.7772295e-08
2.7772295e-08
2.7772295e-08
2.7772295e-08
2.7772295e-08
2.7772295e-08
2.7772295e-08
2.7772295e-08
2.7772295e-08
2.7772295e-08
2.7772295e-08
2.7772295e-08
2.7772295e-08
2.7772295e-08
2.7772295e-08
2.7772295e-08
2.7772295e-08
2.7772295e-08
2.7772295e-08
2.7772295e-08
2.7772295e-08
2.7772295e-08
2.7772295e-08
2.7772295e-08
2.7772295e-08
2.7772295e-08
2.7772295e-08
2.7772295e-08
2.7772295e-08
2.7772295e-08
2.7772295e-08
2.7772295e-08
2.7772295e-08
2.7772295e-08
2.7772295e-08
2.7772295e-08
2.7772295e-08
2.7772295e-08
)
;

boundaryField
{
    Side
    {
        type            empty;
    }
    Inlet
    {
        type            calculated;
        value           nonuniform List<scalar> 
28
(
3.9592188e-07
3.9592188e-07
3.9592188e-07
3.9592188e-07
3.9592188e-07
3.9592188e-07
3.9592188e-07
3.9592188e-07
3.9592188e-07
3.9592188e-07
3.9592188e-07
3.9592188e-07
3.9592188e-07
3.9592188e-07
2.7772295e-08
2.7772295e-08
2.7772295e-08
2.7772295e-08
2.7772295e-08
2.7772295e-08
2.7772295e-08
2.7772295e-08
2.7772295e-08
2.7772295e-08
2.7772295e-08
2.7772295e-08
2.7772295e-08
2.7772295e-08
)
;
    }
    Airfoil
    {
        type            compressible::alphatWallFunction;
        value           nonuniform List<scalar> 0();
    }
    Outlet
    {
        type            zeroGradient;
    }
    Flap
    {
        type            compressible::alphatWallFunction;
        value           nonuniform List<scalar> 0();
    }
    procBoundary7to6
    {
        type            processor;
        value           nonuniform List<scalar> 
120
(
2.7772288e-08
2.7772294e-08
2.7772288e-08
2.7772288e-08
2.7772288e-08
2.7772288e-08
2.7772288e-08
2.7772288e-08
2.7772288e-08
2.7772288e-08
2.7772288e-08
2.7772288e-08
2.7772288e-08
2.7772288e-08
2.7772288e-08
2.7772294e-08
2.7772295e-08
2.7772289e-08
2.7772292e-08
2.7772293e-08
2.7772294e-08
2.7772294e-08
2.7772295e-08
2.7772295e-08
2.7772295e-08
2.7772295e-08
2.7772295e-08
2.7772295e-08
2.7772295e-08
2.7772295e-08
2.7772295e-08
2.7772294e-08
2.7772294e-08
2.7772294e-08
2.7772294e-08
2.7772294e-08
2.7772294e-08
2.7772294e-08
2.7772294e-08
2.7772294e-08
2.7772294e-08
2.7772294e-08
2.7772294e-08
2.7772294e-08
2.7772294e-08
2.7772294e-08
2.7772294e-08
2.7772294e-08
2.7772294e-08
2.7772294e-08
2.7772294e-08
2.7772294e-08
2.7772294e-08
2.7772294e-08
2.7772294e-08
2.7772294e-08
2.7772294e-08
2.7772294e-08
2.7772294e-08
2.7772294e-08
2.7772287e-08
2.7772294e-08
2.7772287e-08
2.7772287e-08
2.7772287e-08
2.7772287e-08
2.7772287e-08
2.7772287e-08
2.7772287e-08
2.7772287e-08
2.7772287e-08
2.7772287e-08
2.7772287e-08
2.7772294e-08
2.7772294e-08
2.7772294e-08
2.7772294e-08
2.7772294e-08
2.7772294e-08
2.7772294e-08
2.7772294e-08
2.7772294e-08
2.7772294e-08
2.7772294e-08
2.7772294e-08
2.7772294e-08
2.7772294e-08
2.7772294e-08
2.7772294e-08
2.7772294e-08
2.7772294e-08
2.7772294e-08
2.7772294e-08
2.7772294e-08
2.7772294e-08
2.7772294e-08
2.7772294e-08
2.7772294e-08
2.7772294e-08
2.7772294e-08
2.7772294e-08
2.7772294e-08
2.7772294e-08
2.7772294e-08
2.7772294e-08
2.7772295e-08
2.777229e-08
2.7772292e-08
2.7772293e-08
2.7772294e-08
2.7772295e-08
2.7772295e-08
2.7772295e-08
2.7772295e-08
2.7772295e-08
2.7772295e-08
2.7772295e-08
2.7772295e-08
2.7772295e-08
2.7772295e-08
)
;
    }
}


// ************************************************************************* //
