/*--------------------------------*- C++ -*----------------------------------*\
| =========                 |                                                 |
| \\      /  F ield         | OpenFOAM: The Open Source CFD Toolbox           |
|  \\    /   O peration     | Version:  2206                                  |
|   \\  /    A nd           | Website:  www.openfoam.com                      |
|    \\/     M anipulation  |                                                 |
\*---------------------------------------------------------------------------*/
FoamFile
{
    version     2.0;
    format      ascii;
    arch        "LSB;label=32;scalar=64";
    class       surfaceScalarField;
    location    "0.02";
    object      phi;
}
// * * * * * * * * * * * * * * * * * * * * * * * * * * * * * * * * * * * * * //

dimensions      [1 0 -1 0 0 0 0];

oriented        oriented;

internalField   nonuniform List<scalar> 
2670
(
-0.035083268
-0.0057697265
0.034733587
-0.035432948
-0.0057697265
-0.035782629
-0.0057697265
-0.036132309
-0.0057697265
-0.036481989
-0.0057697265
-0.03683167
-0.0057697265
-0.03718135
-0.0057697265
-0.037531031
-0.0057697265
-0.037880711
-0.0057697265
-0.038230391
-0.0057697265
-0.038580072
-0.0057697265
-0.038929752
-0.0057697265
-0.039279433
-0.0057697265
-0.0057697265
-0.039629113
-0.035083268
-0.0054200461
0.034733588
-0.035432949
-0.0054200461
-0.035782629
-0.0054200461
-0.036132309
-0.0054200461
-0.03648199
-0.0054200461
-0.03683167
-0.0054200461
-0.037181351
-0.0054200461
-0.037531031
-0.0054200461
-0.037880711
-0.0054200461
-0.038230392
-0.0054200461
-0.038580072
-0.0054200461
-0.038929753
-0.0054200461
-0.039279433
-0.0054200461
-0.0054200461
-0.039629113
-0.035083268
-0.0050703657
0.034733587
-0.035432948
-0.0050703657
-0.035782629
-0.0050703657
-0.036132309
-0.0050703657
-0.036481989
-0.0050703657
-0.03683167
-0.0050703657
-0.03718135
-0.0050703657
-0.037531031
-0.0050703657
-0.037880711
-0.0050703657
-0.038230391
-0.0050703657
-0.038580072
-0.0050703657
-0.038929752
-0.0050703657
-0.039279433
-0.0050703657
-0.0050703657
-0.039629113
-0.035083268
-0.0047206853
0.034733587
-0.035432948
-0.0047206853
-0.035782629
-0.0047206853
-0.036132309
-0.0047206853
-0.036481989
-0.0047206853
-0.03683167
-0.0047206853
-0.03718135
-0.0047206853
-0.037531031
-0.0047206853
-0.037880711
-0.0047206853
-0.038230391
-0.0047206853
-0.038580072
-0.0047206853
-0.038929752
-0.0047206853
-0.039279433
-0.0047206853
-0.0047206853
-0.039629113
-0.035083268
-0.0043710049
0.034733588
-0.035432948
-0.0043710049
-0.035782629
-0.0043710049
-0.036132309
-0.0043710049
-0.03648199
-0.0043710049
-0.03683167
-0.0043710049
-0.03718135
-0.0043710049
-0.037531031
-0.0043710049
-0.037880711
-0.0043710049
-0.038230392
-0.0043710049
-0.038580072
-0.0043710049
-0.038929752
-0.0043710049
-0.039279433
-0.0043710049
-0.0043710049
-0.039629113
-0.035083268
-0.0040213245
0.034733588
-0.035432948
-0.0040213245
-0.035782629
-0.0040213246
-0.036132309
-0.0040213245
-0.03648199
-0.0040213245
-0.03683167
-0.0040213245
-0.03718135
-0.0040213246
-0.037531031
-0.0040213245
-0.037880711
-0.0040213245
-0.038230392
-0.0040213245
-0.038580072
-0.0040213245
-0.038929752
-0.0040213245
-0.039279433
-0.0040213245
-0.0040213245
-0.039629113
-0.035083268
-0.0036716442
0.034733588
-0.035432948
-0.0036716441
-0.035782629
-0.0036716442
-0.036132309
-0.0036716442
-0.03648199
-0.0036716442
-0.03683167
-0.0036716442
-0.03718135
-0.0036716442
-0.037531031
-0.0036716442
-0.037880711
-0.0036716441
-0.038230392
-0.0036716442
-0.038580072
-0.0036716441
-0.038929752
-0.0036716442
-0.039279433
-0.0036716441
-0.0036716442
-0.039629113
-0.035083268
-0.0033219638
0.034733588
-0.035432948
-0.0033219638
-0.035782629
-0.0033219638
-0.036132309
-0.0033219638
-0.03648199
-0.0033219638
-0.03683167
-0.0033219638
-0.03718135
-0.0033219638
-0.037531031
-0.0033219638
-0.037880711
-0.0033219638
-0.038230392
-0.0033219638
-0.038580072
-0.0033219638
-0.038929752
-0.0033219638
-0.039279433
-0.0033219638
-0.0033219638
-0.039629113
-0.035083268
-0.0029722834
0.034733588
-0.035432948
-0.0029722834
-0.035782629
-0.0029722834
-0.036132309
-0.0029722834
-0.03648199
-0.0029722834
-0.03683167
-0.0029722834
-0.03718135
-0.0029722834
-0.037531031
-0.0029722834
-0.037880711
-0.0029722834
-0.038230392
-0.0029722834
-0.038580072
-0.0029722834
-0.038929752
-0.0029722834
-0.039279433
-0.0029722834
-0.0029722834
-0.039629113
-0.035083268
-0.002622603
0.034733588
-0.035432948
-0.002622603
-0.035782629
-0.002622603
-0.036132309
-0.002622603
-0.03648199
-0.002622603
-0.03683167
-0.002622603
-0.03718135
-0.002622603
-0.037531031
-0.002622603
-0.037880711
-0.002622603
-0.038230392
-0.002622603
-0.038580072
-0.002622603
-0.038929752
-0.002622603
-0.039279433
-0.002622603
-0.002622603
-0.039629113
-0.035083268
-0.0022729226
0.034733588
-0.035432948
-0.0022729226
-0.035782629
-0.0022729226
-0.036132309
-0.0022729226
-0.03648199
-0.0022729226
-0.03683167
-0.0022729226
-0.03718135
-0.0022729226
-0.037531031
-0.0022729226
-0.037880711
-0.0022729226
-0.038230392
-0.0022729226
-0.038580072
-0.0022729226
-0.038929752
-0.0022729226
-0.039279433
-0.0022729226
-0.0022729226
-0.039629113
-0.035083268
-0.0019232422
0.034733588
-0.035432948
-0.0019232422
-0.035782629
-0.0019232422
-0.036132309
-0.0019232422
-0.03648199
-0.0019232422
-0.03683167
-0.0019232422
-0.03718135
-0.0019232422
-0.037531031
-0.0019232422
-0.037880711
-0.0019232422
-0.038230392
-0.0019232422
-0.038580072
-0.0019232422
-0.038929752
-0.0019232422
-0.039279433
-0.0019232422
-0.0019232422
-0.039629113
-0.035083268
-0.035432948
-0.035782629
-0.036132309
-0.03648199
-0.03683167
-0.03718135
-0.037531031
-0.037880711
-0.038230392
-0.038580072
-0.038929752
-0.039279433
0.29173443
-0.038794217
0.29151147
-0.038571262
0.29151147
-0.038348307
0.29151147
-0.038125351
0.29151147
-0.037902396
0.29151147
-0.037679441
0.29151147
-0.037456486
0.29151147
-0.03723353
0.29151147
-0.037010575
0.29151147
-0.03678762
0.29151147
-0.036564664
0.29151147
-0.036341709
0.29151147
-0.036118754
0.29151147
0.29151147
-0.038794217
0.29128851
0.039017172
-0.038571262
0.29128851
-0.038348307
0.29128851
-0.038125351
0.29128852
-0.037902396
0.29128851
-0.037679441
0.29128851
-0.037456486
0.29128851
-0.03723353
0.29128851
-0.037010575
0.29128851
-0.03678762
0.29128851
-0.036564664
0.29128852
-0.036341709
0.29128851
-0.036118754
0.29128851
0.29128851
-0.038794217
0.29106556
0.039017172
-0.038571262
0.29106556
-0.038348307
0.29106556
-0.038125351
0.29106556
-0.037902396
0.29106556
-0.037679441
0.29106556
-0.037456486
0.29106556
-0.03723353
0.29106556
-0.037010575
0.29106556
-0.03678762
0.29106556
-0.036564664
0.29106556
-0.036341709
0.29106556
-0.036118754
0.29106556
0.29106556
-0.038794217
0.2908426
0.039017172
-0.038571262
0.2908426
-0.038348307
0.2908426
-0.038125351
0.2908426
-0.037902396
0.2908426
-0.037679441
0.2908426
-0.037456486
0.2908426
-0.03723353
0.2908426
-0.037010575
0.2908426
-0.03678762
0.2908426
-0.036564664
0.2908426
-0.036341709
0.2908426
-0.036118754
0.2908426
0.2908426
-0.038794217
0.29061965
0.039017172
-0.038571262
0.29061965
-0.038348307
0.29061965
-0.038125351
0.29061965
-0.037902396
0.29061965
-0.037679441
0.29061965
-0.037456486
0.29061965
-0.03723353
0.29061965
-0.037010575
0.29061965
-0.03678762
0.29061965
-0.036564664
0.29061965
-0.036341709
0.29061965
-0.036118754
0.29061965
0.29061965
-0.038794217
0.29039669
0.039017172
-0.038571262
0.29039669
-0.038348307
0.29039669
-0.038125351
0.29039669
-0.037902396
0.29039669
-0.037679441
0.29039669
-0.037456486
0.29039669
-0.03723353
0.29039669
-0.037010575
0.29039669
-0.03678762
0.29039669
-0.036564664
0.29039669
-0.036341709
0.29039669
-0.036118754
0.29039669
0.29039669
-0.038794217
0.29017374
0.039017172
-0.038571262
0.29017374
-0.038348307
0.29017374
-0.038125351
0.29017374
-0.037902396
0.29017374
-0.037679441
0.29017374
-0.037456486
0.29017374
-0.03723353
0.29017374
-0.037010575
0.29017374
-0.03678762
0.29017374
-0.036564664
0.29017374
-0.036341709
0.29017374
-0.036118754
0.29017374
0.29017374
-0.038794217
0.28995078
0.039017172
-0.038571262
0.28995078
-0.038348307
0.28995078
-0.038125351
0.28995078
-0.037902396
0.28995078
-0.037679441
0.28995078
-0.037456486
0.28995078
-0.03723353
0.28995078
-0.037010575
0.28995078
-0.03678762
0.28995078
-0.036564664
0.28995078
-0.036341709
0.28995078
-0.036118754
0.28995078
0.28995078
-0.038794217
0.28972783
0.039017172
-0.038571262
0.28972783
-0.038348307
0.28972783
-0.038125351
0.28972783
-0.037902396
0.28972783
-0.037679441
0.28972783
-0.037456485
0.28972783
-0.03723353
0.28972783
-0.037010575
0.28972783
-0.03678762
0.28972783
-0.036564664
0.28972783
-0.036341709
0.28972783
-0.036118754
0.28972783
0.28972783
-0.038794217
0.28950487
0.039017172
-0.038571262
0.28950487
-0.038348307
0.28950487
-0.038125351
0.28950487
-0.037902396
0.28950487
-0.037679441
0.28950487
-0.037456486
0.28950487
-0.03723353
0.28950487
-0.037010575
0.28950487
-0.03678762
0.28950487
-0.036564665
0.28950487
-0.036341709
0.28950487
-0.036118754
0.28950487
0.28950487
-0.038794218
0.28928192
0.039017172
-0.038571262
0.28928192
-0.038348307
0.28928192
-0.038125351
0.28928192
-0.037902396
0.28928192
-0.03767944
0.28928192
-0.037456486
0.28928192
-0.03723353
0.28928192
-0.037010575
0.28928192
-0.03678762
0.28928192
-0.036564664
0.28928192
-0.036341709
0.28928192
-0.036118754
0.28928192
0.28928192
-0.038794217
0.28905896
0.039017173
-0.038571262
0.28905896
-0.038348307
0.28905896
-0.038125351
0.28905896
-0.037902396
0.28905896
-0.037679441
0.28905896
-0.037456485
0.28905896
-0.03723353
0.28905896
-0.037010575
0.28905896
-0.03678762
0.28905896
-0.036564665
0.28905896
-0.036341709
0.28905896
-0.036118754
0.28905896
0.28905896
-0.038794217
0.039017172
-0.038571262
-0.038348307
-0.038125351
-0.037902396
-0.037679441
-0.037456486
-0.03723353
-0.037010575
-0.03678762
-0.036564664
-0.036341709
-0.036118754
-0.005245206
0.039366853
-0.0055948863
0.039366853
-0.0059445667
0.039366853
-0.0062942471
0.039366853
-0.0066439275
0.039366853
-0.0069936079
0.039366853
-0.0073432883
0.039366853
-0.0076929687
0.039366853
-0.0080426491
0.039366853
-0.0083923295
0.039366853
-0.0087420099
0.039366853
0.039366853
-0.005245206
0.039716533
-0.0055948864
0.039716534
-0.0059445667
0.039716533
-0.0062942471
0.039716533
-0.0066439276
0.039716533
-0.0069936079
0.039716533
-0.0073432882
0.039716533
-0.0076929688
0.039716533
-0.0080426491
0.039716533
-0.0083923294
0.039716533
-0.0087420099
0.039716533
0.039716533
-0.0052452059
0.040066213
-0.0055948863
0.040066214
-0.0059445667
0.040066214
-0.0062942471
0.040066214
-0.0066439275
0.040066214
-0.0069936079
0.040066214
-0.0073432883
0.040066214
-0.0076929687
0.040066214
-0.0080426491
0.040066214
-0.0083923295
0.040066214
-0.0087420099
0.040066214
0.040066214
-0.005245206
0.040415894
-0.0055948864
0.040415894
-0.0059445667
0.040415894
-0.0062942471
0.040415894
-0.0066439276
0.040415894
-0.0069936079
0.040415894
-0.0073432883
0.040415894
-0.0076929687
0.040415894
-0.0080426491
0.040415894
-0.0083923295
0.040415894
-0.0087420099
0.040415894
0.040415894
-0.005245206
0.040765574
-0.0055948863
0.040765575
-0.0059445668
0.040765574
-0.0062942471
0.040765574
-0.0066439275
0.040765574
-0.0069936079
0.040765574
-0.0073432883
0.040765574
-0.0076929688
0.040765574
-0.0080426491
0.040765574
-0.0083923294
0.040765574
-0.0087420099
0.040765574
0.040765574
-0.005245206
0.041115255
-0.0055948864
0.041115255
-0.0059445667
0.041115255
-0.0062942471
0.041115255
-0.0066439275
0.041115255
-0.0069936079
0.041115255
-0.0073432882
0.041115255
-0.0076929687
0.041115255
-0.0080426491
0.041115255
-0.0083923295
0.041115255
-0.0087420099
0.041115255
0.041115255
-0.005245206
0.041464935
-0.0055948863
0.041464935
-0.0059445667
0.041464935
-0.0062942471
0.041464935
-0.0066439276
0.041464935
-0.0069936079
0.041464935
-0.0073432883
0.041464935
-0.0076929688
0.041464935
-0.0080426491
0.041464935
-0.0083923295
0.041464935
-0.0087420099
0.041464935
0.041464935
-0.0052452059
0.041814615
-0.0055948864
0.041814616
-0.0059445667
0.041814615
-0.0062942471
0.041814615
-0.0066439275
0.041814616
-0.0069936079
0.041814616
-0.0073432883
0.041814616
-0.0076929687
0.041814616
-0.0080426491
0.041814616
-0.0083923294
0.041814616
-0.0087420099
0.041814616
0.041814616
-0.005245206
0.042164296
-0.0055948863
0.042164296
-0.0059445667
0.042164296
-0.0062942471
0.042164296
-0.0066439276
0.042164296
-0.006993608
0.042164296
-0.0073432882
0.042164296
-0.0076929687
0.042164296
-0.0080426491
0.042164296
-0.0083923295
0.042164296
-0.0087420099
0.042164296
0.042164296
-0.005245206
0.042513976
-0.0055948863
0.042513977
-0.0059445667
0.042513976
-0.0062942471
0.042513976
-0.0066439275
0.042513976
-0.0069936079
0.042513976
-0.0073432883
0.042513976
-0.0076929688
0.042513976
-0.0080426491
0.042513976
-0.0083923295
0.042513976
-0.0087420099
0.042513976
0.042513976
-0.005245206
0.042863657
-0.0055948864
0.042863657
-0.0059445667
0.042863657
-0.0062942471
0.042863657
-0.0066439275
0.042863657
-0.0069936079
0.042863657
-0.0073432883
0.042863657
-0.0076929687
0.042863657
-0.0080426491
0.042863657
-0.0083923294
0.042863657
-0.0087420099
0.042863657
0.042863657
-0.005245206
0.043213337
-0.0055948863
0.043213337
-0.0059445667
0.043213337
-0.0062942471
0.043213337
-0.0066439276
0.043213337
-0.0069936079
0.043213337
-0.0073432883
0.043213337
-0.0076929687
0.043213337
-0.0080426491
0.043213337
-0.0083923295
0.043213337
-0.0087420099
0.043213337
0.043213337
-0.0052452059
0.043563017
-0.0055948864
0.043563018
-0.0059445667
0.043563017
-0.0062942471
0.043563017
-0.0066439275
0.043563018
-0.0069936079
0.043563018
-0.0073432882
0.043563018
-0.0076929688
0.043563018
-0.0080426491
0.043563018
-0.0083923295
0.043563018
-0.0087420099
0.043563018
0.043563018
-0.005245206
0.043912698
-0.0055948863
0.043912698
-0.0059445667
0.043912698
-0.0062942471
0.043912698
-0.0066439276
0.043912698
-0.0069936079
0.043912698
-0.0073432883
0.043912698
-0.0076929687
0.043912698
-0.0080426491
0.043912698
-0.0083923294
0.043912698
-0.0087420099
0.043912698
0.043912698
0.0014861416
0.043825278
0.0015735618
0.043825278
0.0016609819
0.043825278
0.001748402
0.043825278
0.001835822
0.043825278
0.0019232421
0.043825278
0.0020106622
0.043825278
0.0020980823
0.043825278
0.0021855026
0.043825278
0.0022729226
0.043825278
0.0023603427
0.043825278
0.043825278
0.0014861417
0.043737858
0.0015735618
0.043737858
0.0016609819
0.043737858
0.001748402
0.043737858
0.0018358221
0.043737858
0.0019232422
0.043737858
0.0020106623
0.043737858
0.0020980824
0.043737858
0.0021855025
0.043737858
0.0022729226
0.043737858
0.0023603426
0.043737858
0.043737858
0.0014861417
0.043650438
0.0015735618
0.043650438
0.001660982
0.043650438
0.001748402
0.043650438
0.001835822
0.043650438
0.0019232422
0.043650438
0.0020106623
0.043650438
0.0020980824
0.043650438
0.0021855025
0.043650437
0.0022729226
0.043650438
0.0023603426
0.043650438
0.043650437
0.0014861417
0.043563018
0.0015735618
0.043563018
0.0016609819
0.043563018
0.001748402
0.043563018
0.0018358221
0.043563018
0.0019232421
0.043563018
0.0020106623
0.043563018
0.0020980824
0.043563018
0.0021855025
0.043563017
0.0022729226
0.043563018
0.0023603427
0.043563018
0.043563018
0.0014861416
0.043475598
0.0015735618
0.043475597
0.0016609819
0.043475597
0.001748402
0.043475598
0.001835822
0.043475597
0.0019232422
0.043475597
0.0020106622
0.043475598
0.0020980824
0.043475598
0.0021855025
0.043475597
0.0022729226
0.043475597
0.0023603426
0.043475598
0.043475597
0.0014861417
0.043388177
0.0015735618
0.043388177
0.0016609819
0.043388177
0.001748402
0.043388177
0.0018358221
0.043388177
0.0019232421
0.043388177
0.0020106623
0.043388177
0.0020980824
0.043388177
0.0021855025
0.043388177
0.0022729226
0.043388177
0.0023603427
0.043388178
0.043388177
0.0014861417
0.043300757
0.0015735618
0.043300757
0.0016609819
0.043300757
0.001748402
0.043300757
0.001835822
0.043300757
0.0019232422
0.043300757
0.0020106623
0.043300757
0.0020980824
0.043300757
0.0021855025
0.043300757
0.0022729226
0.043300757
0.0023603426
0.043300758
0.043300757
0.0014861417
0.043213337
0.0015735618
0.043213337
0.0016609819
0.043213337
0.001748402
0.043213337
0.001835822
0.043213337
0.0019232422
0.043213337
0.0020106623
0.043213337
0.0020980824
0.043213337
0.0021855025
0.043213337
0.0022729226
0.043213337
0.0023603426
0.043213338
0.043213337
0.0014861417
0.043125917
0.0015735618
0.043125917
0.0016609819
0.043125917
0.001748402
0.043125917
0.0018358221
0.043125917
0.0019232421
0.043125917
0.0020106623
0.043125917
0.0020980824
0.043125917
0.0021855025
0.043125917
0.0022729226
0.043125917
0.0023603427
0.043125917
0.043125917
0.0014861416
0.043038497
0.0015735618
0.043038497
0.0016609819
0.043038497
0.001748402
0.043038497
0.001835822
0.043038497
0.0019232422
0.043038497
0.0020106622
0.043038497
0.0020980824
0.043038497
0.0021855025
0.043038497
0.0022729226
0.043038497
0.0023603426
0.043038497
0.043038497
0.0014861417
0.042951077
0.0015735618
0.042951077
0.0016609819
0.042951077
0.001748402
0.042951077
0.0018358221
0.042951077
0.0019232421
0.042951077
0.0020106623
0.042951077
0.0020980824
0.042951077
0.0021855025
0.042951077
0.0022729226
0.042951077
0.0023603427
0.042951077
0.042951077
0.0014861417
0.042863657
0.0015735618
0.042863657
0.001660982
0.042863657
0.001748402
0.042863657
0.001835822
0.042863657
0.0019232422
0.042863657
0.0020106623
0.042863657
0.0020980824
0.042863657
0.0021855025
0.042863657
0.0022729226
0.042863657
0.0023603426
0.042863657
0.042863657
0.0014861417
0.042776237
0.0015735618
0.042776237
0.0016609819
0.042776237
0.001748402
0.042776237
0.0018358221
0.042776237
0.0019232422
0.042776237
0.0020106623
0.042776237
0.0020980824
0.042776237
0.0021855025
0.042776237
0.0022729226
0.042776237
0.0023603426
0.042776237
0.042776237
0.0014861416
0.042688817
0.0015735618
0.042688816
0.0016609819
0.042688817
0.001748402
0.042688817
0.001835822
0.042688817
0.0019232421
0.042688817
0.0020106622
0.042688817
0.0020980823
0.042688817
0.0021855026
0.042688816
0.0022729226
0.042688816
0.0023603427
0.042688817
0.042688816
-0.0023603427
-0.041552355
0.041464935
-0.0022729226
-0.041552356
0.041464935
-0.0021855025
-0.041552355
0.041464935
-0.0020980824
-0.041552355
0.041464935
-0.0020106623
-0.041552355
0.041464935
-0.0019232421
-0.041552355
0.041464935
-0.001835822
-0.041552355
0.041464935
-0.001748402
-0.041552355
0.041464935
-0.0016609819
-0.041552355
0.041464935
-0.0015735618
-0.041552355
0.041464935
-0.0014861417
-0.041552355
0.041464935
-0.0013987216
-0.041552355
0.041464935
-0.041552355
-0.0023603426
-0.041639775
-0.0022729226
-0.041639776
-0.0021855025
-0.041639775
-0.0020980824
-0.041639775
-0.0020106623
-0.041639775
-0.0019232422
-0.041639775
-0.0018358221
-0.041639775
-0.001748402
-0.041639775
-0.0016609819
-0.041639775
-0.0015735618
-0.041639775
-0.0014861417
-0.041639775
-0.0013987216
-0.041639775
-0.041639775
-0.0023603427
-0.041727195
-0.0022729226
-0.041727196
-0.0021855026
-0.041727195
-0.0020980823
-0.041727195
-0.0020106622
-0.041727196
-0.0019232421
-0.041727196
-0.001835822
-0.041727196
-0.001748402
-0.041727195
-0.0016609819
-0.041727196
-0.0015735618
-0.041727195
-0.0014861417
-0.041727195
-0.0013987216
-0.041727196
-0.041727196
-0.0023603426
-0.041814615
-0.0022729226
-0.041814616
-0.0021855025
-0.041814615
-0.0020980824
-0.041814616
-0.0020106623
-0.041814616
-0.0019232422
-0.041814616
-0.0018358221
-0.041814616
-0.001748402
-0.041814616
-0.0016609819
-0.041814616
-0.0015735618
-0.041814616
-0.0014861417
-0.041814616
-0.0013987216
-0.041814616
-0.041814616
-0.0023603426
-0.041902036
-0.0022729226
-0.041902036
-0.0021855025
-0.041902036
-0.0020980824
-0.041902036
-0.0020106623
-0.041902036
-0.0019232422
-0.041902036
-0.001835822
-0.041902036
-0.001748402
-0.041902036
-0.0016609819
-0.041902036
-0.0015735618
-0.041902036
-0.0014861417
-0.041902036
-0.0013987216
-0.041902036
-0.041902036
-0.0023603427
-0.041989456
-0.0022729226
-0.041989456
-0.0021855025
-0.041989456
-0.0020980824
-0.041989456
-0.0020106623
-0.041989456
-0.0019232421
-0.041989456
-0.0018358221
-0.041989456
-0.001748402
-0.041989456
-0.0016609819
-0.041989456
-0.0015735618
-0.041989456
-0.0014861417
-0.041989456
-0.0013987216
-0.041989456
-0.041989456
-0.0023603426
-0.042076876
-0.0022729226
-0.042076876
-0.0021855025
-0.042076876
-0.0020980824
-0.042076876
-0.0020106622
-0.042076876
-0.0019232422
-0.042076876
-0.001835822
-0.042076876
-0.001748402
-0.042076876
-0.001660982
-0.042076876
-0.0015735618
-0.042076876
-0.0014861417
-0.042076876
-0.0013987216
-0.042076876
-0.042076876
-0.0023603427
-0.042164296
-0.0022729226
-0.042164296
-0.0021855025
-0.042164296
-0.0020980824
-0.042164296
-0.0020106623
-0.042164296
-0.0019232421
-0.042164296
-0.001835822
-0.042164296
-0.001748402
-0.042164296
-0.0016609819
-0.042164296
-0.0015735618
-0.042164296
-0.0014861417
-0.042164296
-0.0013987216
-0.042164296
-0.042164296
-0.0023603426
-0.042251716
-0.0022729226
-0.042251716
-0.0021855025
-0.042251716
-0.0020980824
-0.042251716
-0.0020106623
-0.042251716
-0.0019232422
-0.042251716
-0.0018358221
-0.042251716
-0.001748402
-0.042251716
-0.0016609819
-0.042251716
-0.0015735618
-0.042251716
-0.0014861417
-0.042251716
-0.0013987216
-0.042251716
-0.042251716
-0.0023603427
-0.042339136
-0.0022729226
-0.042339137
-0.0021855025
-0.042339136
-0.0020980824
-0.042339136
-0.0020106623
-0.042339136
-0.0019232421
-0.042339136
-0.001835822
-0.042339136
-0.001748402
-0.042339136
-0.0016609819
-0.042339136
-0.0015735618
-0.042339136
-0.0014861416
-0.042339136
-0.0013987215
-0.042339136
-0.042339136
-0.0023603426
-0.042426556
-0.0022729226
-0.042426557
-0.0021855025
-0.042426556
-0.0020980824
-0.042426556
-0.0020106622
-0.042426556
-0.0019232422
-0.042426556
-0.0018358221
-0.042426556
-0.001748402
-0.042426556
-0.0016609819
-0.042426556
-0.0015735618
-0.042426556
-0.0014861417
-0.042426556
-0.0013987216
-0.042426556
-0.042426556
-0.0023603426
-0.042513976
-0.0022729226
-0.042513977
-0.0021855025
-0.042513976
-0.0020980824
-0.042513976
-0.0020106623
-0.042513976
-0.0019232422
-0.042513976
-0.001835822
-0.042513976
-0.001748402
-0.042513976
-0.0016609819
-0.042513976
-0.0015735618
-0.042513976
-0.0014861417
-0.042513976
-0.0013987215
-0.042513976
-0.0023603427
-0.042601396
-0.0022729226
-0.042601397
-0.0021855025
-0.042601396
-0.0020980824
-0.042601396
-0.0020106623
-0.042601397
-0.0019232421
-0.042601397
-0.0018358221
-0.042601396
-0.001748402
-0.042601397
-0.0016609819
-0.042601397
-0.0015735617
-0.042601397
-0.0014861417
-0.042601396
-0.042601397
-0.0023603426
-0.0022729226
-0.0021855025
-0.0020980824
-0.0020106623
-0.0019232422
-0.001835822
-0.001748402
-0.0016609819
-0.0015735618
-0.0014861417
-0.039760243
0.0028411532
-0.039891373
0.0028411532
-0.040022504
0.0028411532
-0.040153634
0.0028411532
-0.040284764
0.0028411532
-0.040415894
0.0028411532
-0.040547024
0.0028411532
-0.040678154
0.0028411532
-0.040809284
0.0028411532
-0.040940415
0.0028411532
-0.041071545
0.0028411532
-0.041202675
0.0028411532
-0.041333805
0.0028411532
0.0028411532
-0.039760243
0.0029722834
-0.039891373
0.0029722834
-0.040022504
0.0029722834
-0.040153634
0.0029722834
-0.040284764
0.0029722834
-0.040415894
0.0029722834
-0.040547024
0.0029722834
-0.040678154
0.0029722834
-0.040809284
0.0029722834
-0.040940415
0.0029722834
-0.041071545
0.0029722834
-0.041202675
0.0029722834
-0.041333805
0.0029722834
0.0029722834
-0.039760243
0.0031034135
-0.039891373
0.0031034135
-0.040022504
0.0031034135
-0.040153634
0.0031034135
-0.040284764
0.0031034135
-0.040415894
0.0031034135
-0.040547024
0.0031034135
-0.040678154
0.0031034135
-0.040809284
0.0031034135
-0.040940415
0.0031034135
-0.041071545
0.0031034135
-0.041202675
0.0031034135
-0.041333805
0.0031034135
0.0031034135
-0.039760243
0.0032345437
-0.039891373
0.0032345437
-0.040022504
0.0032345437
-0.040153634
0.0032345437
-0.040284764
0.0032345437
-0.040415894
0.0032345437
-0.040547024
0.0032345437
-0.040678154
0.0032345437
-0.040809284
0.0032345437
-0.040940415
0.0032345437
-0.041071545
0.0032345437
-0.041202675
0.0032345437
-0.041333805
0.0032345437
0.0032345437
-0.039760243
0.0033656738
-0.039891373
0.0033656738
-0.040022504
0.0033656738
-0.040153634
0.0033656738
-0.040284764
0.0033656738
-0.040415894
0.0033656738
-0.040547024
0.0033656738
-0.040678154
0.0033656738
-0.040809284
0.0033656738
-0.040940415
0.0033656738
-0.041071545
0.0033656738
-0.041202675
0.0033656738
-0.041333805
0.0033656738
0.0033656738
-0.039760243
0.003496804
-0.039891373
0.003496804
-0.040022504
0.003496804
-0.040153634
0.003496804
-0.040284764
0.003496804
-0.040415894
0.003496804
-0.040547024
0.003496804
-0.040678154
0.003496804
-0.040809284
0.003496804
-0.040940415
0.003496804
-0.041071545
0.003496804
-0.041202675
0.003496804
-0.041333805
0.003496804
0.003496804
-0.039760243
0.0036279341
-0.039891373
0.0036279341
-0.040022504
0.0036279341
-0.040153634
0.0036279341
-0.040284764
0.0036279341
-0.040415894
0.0036279341
-0.040547024
0.0036279341
-0.040678154
0.0036279341
-0.040809284
0.0036279341
-0.040940415
0.0036279341
-0.041071545
0.0036279341
-0.041202675
0.0036279341
-0.041333805
0.0036279341
0.0036279341
-0.039760243
0.0037590643
-0.039891373
0.0037590643
-0.040022504
0.0037590643
-0.040153634
0.0037590643
-0.040284764
0.0037590643
-0.040415894
0.0037590643
-0.040547024
0.0037590643
-0.040678154
0.0037590643
-0.040809285
0.0037590643
-0.040940415
0.0037590643
-0.041071545
0.0037590643
-0.041202675
0.0037590643
-0.041333805
0.0037590643
0.0037590643
-0.039760243
0.0038901944
-0.039891373
0.0038901944
-0.040022503
0.0038901944
-0.040153634
0.0038901944
-0.040284764
0.0038901944
-0.040415894
0.0038901944
-0.040547024
0.0038901944
-0.040678154
0.0038901944
-0.040809284
0.0038901944
-0.040940414
0.0038901944
-0.041071545
0.0038901944
-0.041202675
0.0038901944
-0.041333805
0.0038901944
0.0038901944
-0.039760243
0.0040213245
-0.039891373
0.0040213245
-0.040022503
0.0040213245
-0.040153634
0.0040213246
-0.040284764
0.0040213245
-0.040415894
0.0040213245
-0.040547024
0.0040213245
-0.040678154
0.0040213245
-0.040809284
0.0040213245
-0.040940414
0.0040213245
-0.041071545
0.0040213245
-0.041202675
0.0040213246
-0.041333805
0.0040213245
0.0040213246
-0.039760244
0.0041524547
-0.039891374
0.0041524547
-0.040022504
0.0041524547
-0.040153634
0.0041524547
-0.040284764
0.0041524547
-0.040415894
0.0041524547
-0.040547024
0.0041524547
-0.040678155
0.0041524547
-0.040809285
0.0041524547
-0.040940415
0.0041524547
-0.041071545
0.0041524547
-0.041202675
0.0041524547
-0.041333805
0.0041524547
0.0041524546
-0.039760243
-0.039891373
-0.040022503
-0.040153634
-0.040284764
-0.040415894
-0.040547024
-0.040678154
-0.040809284
-0.040940414
-0.041071545
-0.041202675
-0.041333805
-0.0094850808
-0.038711202
0.039017172
-0.0097910511
-0.038711202
0.039017173
-0.010097021
-0.038711202
0.039017172
-0.010402992
-0.038711202
0.039017172
-0.010708962
-0.038711202
0.039017172
-0.011014932
-0.038711202
0.039017172
-0.011320903
-0.038711202
0.039017172
-0.011626873
-0.038711202
0.039017172
-0.011932843
-0.038711202
0.039017172
-0.012238814
-0.038711202
0.039017172
-0.012544784
-0.038711202
0.039017172
-0.038711202
0.039017172
-0.0094850807
-0.038405232
-0.0097910511
-0.038405232
-0.010097021
-0.038405232
-0.010402992
-0.038405232
-0.010708962
-0.038405232
-0.011014932
-0.038405232
-0.011320903
-0.038405232
-0.011626873
-0.038405232
-0.011932844
-0.038405232
-0.012238814
-0.038405232
-0.012544784
-0.038405232
-0.038405232
-0.0094850808
-0.038099261
-0.0097910511
-0.038099262
-0.010097021
-0.038099261
-0.010402992
-0.038099261
-0.010708962
-0.038099261
-0.011014932
-0.038099261
-0.011320903
-0.038099261
-0.011626873
-0.038099261
-0.011932843
-0.038099261
-0.012238814
-0.038099261
-0.012544784
-0.038099261
-0.038099261
-0.0094850808
-0.037793291
-0.0097910511
-0.037793291
-0.010097021
-0.037793291
-0.010402992
-0.037793291
-0.010708962
-0.037793291
-0.011014932
-0.037793291
-0.011320903
-0.037793291
-0.011626873
-0.037793291
-0.011932843
-0.037793291
-0.012238814
-0.037793291
-0.012544784
-0.037793291
-0.037793291
-0.0094850808
-0.037487321
-0.0097910511
-0.037487321
-0.010097021
-0.037487321
-0.010402992
-0.037487321
-0.010708962
-0.037487321
-0.011014932
-0.037487321
-0.011320903
-0.037487321
-0.011626873
-0.037487321
-0.011932843
-0.037487321
-0.012238814
-0.037487321
-0.012544784
-0.037487321
-0.037487321
-0.0094850807
-0.03718135
-0.0097910511
-0.037181351
-0.010097021
-0.03718135
-0.010402992
-0.03718135
-0.010708962
-0.03718135
-0.011014932
-0.03718135
-0.011320903
-0.03718135
-0.011626873
-0.03718135
-0.011932844
-0.03718135
-0.012238814
-0.03718135
-0.012544784
-0.03718135
-0.03718135
-0.0094850808
-0.03687538
-0.0097910511
-0.03687538
-0.010097021
-0.03687538
-0.010402992
-0.03687538
-0.010708962
-0.03687538
-0.011014932
-0.03687538
-0.011320903
-0.03687538
-0.011626873
-0.03687538
-0.011932843
-0.03687538
-0.012238814
-0.03687538
-0.012544784
-0.03687538
-0.03687538
-0.0094850808
-0.03656941
-0.0097910511
-0.03656941
-0.010097021
-0.03656941
-0.010402992
-0.03656941
-0.010708962
-0.03656941
-0.011014932
-0.03656941
-0.011320903
-0.03656941
-0.011626873
-0.03656941
-0.011932843
-0.03656941
-0.012238814
-0.03656941
-0.012544784
-0.03656941
-0.03656941
-0.0094850807
-0.036263439
-0.0097910511
-0.03626344
-0.010097021
-0.036263439
-0.010402992
-0.036263439
-0.010708962
-0.036263439
-0.011014932
-0.036263439
-0.011320903
-0.036263439
-0.011626873
-0.036263439
-0.011932843
-0.036263439
-0.012238814
-0.036263439
-0.012544784
-0.036263439
-0.036263439
-0.0094850808
-0.035957469
-0.0097910511
-0.035957469
-0.010097021
-0.035957469
-0.010402992
-0.035957469
-0.010708962
-0.035957469
-0.011014932
-0.035957469
-0.011320903
-0.035957469
-0.011626873
-0.035957469
-0.011932843
-0.035957469
-0.012238814
-0.035957469
-0.012544784
-0.035957469
-0.035957469
-0.0094850807
-0.035651499
-0.0097910511
-0.035651499
-0.010097021
-0.035651499
-0.010402992
-0.035651499
-0.010708962
-0.035651499
-0.011014932
-0.035651499
-0.011320903
-0.035651499
-0.011626873
-0.035651499
-0.011932843
-0.035651499
-0.012238814
-0.035651499
-0.012544784
-0.035651499
-0.035651499
-0.0094850807
-0.035345528
-0.0097910511
-0.035345529
-0.010097021
-0.035345528
-0.010402992
-0.035345528
-0.010708962
-0.035345528
-0.011014932
-0.035345528
-0.011320903
-0.035345528
-0.011626873
-0.035345528
-0.011932843
-0.035345528
-0.012238814
-0.035345528
-0.012544784
-0.035345528
-0.035345528
-0.0094850807
-0.035039558
-0.0097910511
-0.035039558
-0.010097021
-0.035039558
-0.010402992
-0.035039558
-0.010708962
-0.035039558
-0.011014932
-0.035039558
-0.011320903
-0.035039558
-0.011626873
-0.035039558
-0.011932843
-0.035039558
-0.012238814
-0.035039558
-0.012544784
-0.035039558
-0.035039558
-0.0094850807
-0.0097910511
-0.010097021
-0.010402992
-0.010708962
-0.011014932
-0.011320903
-0.011626873
-0.011932843
-0.012238814
-0.012544784
0.29105607
0.038794217
0.29127902
0.038794217
0.29150198
0.038794217
0.29172493
0.038794217
0.29194789
0.038794217
0.29217085
0.038794217
0.2923938
0.038794217
0.29261676
0.038794217
0.29283971
0.038794217
0.29306267
0.038794217
0.29328562
0.038794218
0.29350858
0.038794217
0.038794217
0.29105607
0.038571262
0.29127902
0.038571262
0.29150198
0.038571262
0.29172493
0.038571262
0.29194789
0.038571262
0.29217085
0.038571262
0.2923938
0.038571262
0.29261676
0.038571262
0.29283971
0.038571262
0.29306267
0.038571262
0.29328562
0.038571262
0.29350858
0.038571262
0.038571262
0.29105607
0.038348307
0.29127902
0.038348307
0.29150198
0.038348307
0.29172494
0.038348307
0.29194789
0.038348307
0.29217085
0.038348307
0.2923938
0.038348307
0.29261676
0.038348307
0.29283971
0.038348307
0.29306267
0.038348307
0.29328562
0.038348307
0.29350858
0.038348307
0.038348307
0.29105607
0.038125351
0.29127902
0.038125351
0.29150198
0.038125351
0.29172493
0.038125351
0.29194789
0.038125351
0.29217084
0.038125351
0.2923938
0.038125351
0.29261676
0.038125351
0.29283971
0.038125351
0.29306267
0.038125351
0.29328562
0.038125351
0.29350858
0.038125351
0.038125351
0.29105607
0.037902396
0.29127902
0.037902396
0.29150198
0.037902396
0.29172493
0.037902396
0.29194789
0.037902396
0.29217085
0.037902396
0.2923938
0.037902396
0.29261676
0.037902396
0.29283971
0.037902396
0.29306267
0.037902396
0.29328562
0.037902396
0.29350858
0.037902396
0.037902396
0.29105607
0.037679441
0.29127902
0.037679441
0.29150198
0.037679441
0.29172493
0.037679441
0.29194789
0.037679441
0.29217085
0.037679441
0.2923938
0.037679441
0.29261676
0.037679441
0.29283971
0.037679441
0.29306267
0.037679441
0.29328562
0.03767944
0.29350858
0.037679441
0.037679441
0.29105607
0.037456486
0.29127902
0.037456486
0.29150198
0.037456486
0.29172493
0.037456486
0.29194789
0.037456486
0.29217085
0.037456486
0.2923938
0.037456486
0.29261676
0.037456486
0.29283971
0.037456485
0.29306267
0.037456486
0.29328562
0.037456486
0.29350858
0.037456485
0.037456486
0.29105607
0.03723353
0.29127902
0.03723353
0.29150198
0.03723353
0.29172493
0.03723353
0.29194789
0.03723353
0.29217085
0.03723353
0.2923938
0.03723353
0.29261676
0.03723353
0.29283971
0.03723353
0.29306267
0.03723353
0.29328562
0.03723353
0.29350858
0.03723353
0.03723353
0.29105607
0.037010575
0.29127902
0.037010575
0.29150198
0.037010575
0.29172493
0.037010575
0.29194789
0.037010575
0.29217085
0.037010575
0.2923938
0.037010575
0.29261676
0.037010575
0.29283971
0.037010575
0.29306267
0.037010575
0.29328562
0.037010575
0.29350858
0.037010575
0.037010575
0.29105607
0.03678762
0.29127902
0.03678762
0.29150198
0.03678762
0.29172493
0.03678762
0.29194789
0.03678762
0.29217085
0.03678762
0.2923938
0.03678762
0.29261676
0.03678762
0.29283971
0.03678762
0.29306267
0.03678762
0.29328562
0.03678762
0.29350858
0.03678762
0.03678762
0.29105607
0.036564664
0.29127902
0.036564664
0.29150198
0.036564664
0.29172493
0.036564664
0.29194789
0.036564664
0.29217084
0.036564664
0.2923938
0.036564664
0.29261676
0.036564664
0.29283971
0.036564664
0.29306267
0.036564665
0.29328562
0.036564664
0.29350858
0.036564665
0.036564664
0.29105607
0.036341709
0.29127902
0.036341709
0.29150198
0.036341709
0.29172493
0.036341709
0.29194789
0.036341709
0.29217085
0.036341709
0.2923938
0.036341709
0.29261676
0.036341709
0.29283971
0.036341709
0.29306267
0.036341709
0.29328562
0.036341709
0.29350858
0.036341709
0.036341709
0.29105607
0.036118754
0.29127902
0.036118754
0.29150198
0.036118754
0.29172493
0.036118754
0.29194789
0.036118754
0.29217085
0.036118754
0.2923938
0.036118754
0.29261676
0.036118754
0.29283971
0.036118754
0.29306267
0.036118754
0.29328562
0.036118754
0.29350858
0.036118754
0.036118754
0.29083311
0.29105607
0.29127902
0.29150198
0.29172493
0.29194789
0.29217085
0.2923938
0.29261676
0.29283971
0.29306267
0.29328562
0.29350858
)
;

boundaryField
{
    Side
    {
        type            empty;
        value           nonuniform List<scalar> 0();
    }
    Inlet
    {
        type            calculated;
        value           nonuniform List<scalar> 
28
(
-0.035895799
-0.035895799
-0.035895799
-0.035895799
-0.035895799
-0.035895799
-0.035895799
-0.035895799
-0.035895799
-0.035895798
-0.035895799
-0.035895799
-0.035895799
-0.035895799
0.035895799
0.035895799
0.035895799
0.035895799
0.035895799
0.035895799
0.035895799
0.035895799
0.035895799
0.035895798
0.035895799
0.035895799
0.035895799
0.035895799
)
;
    }
    Airfoil
    {
        type            calculated;
        value           nonuniform List<scalar> 0();
    }
    Outlet
    {
        type            calculated;
        value           nonuniform List<scalar> 
112
(
0.0061194069
0.0061194069
0.0061194069
0.0061194069
0.0061194069
0.0061194069
0.0061194069
0.0061194069
0.0061194069
0.0061194069
0.0061194069
0.0061194069
0.0061194069
0.0061194069
0.28883601
0.28883601
0.28883601
0.28883601
0.28883601
0.28883601
0.28883601
0.28883601
0.28883601
0.28883601
0.28883601
0.28883601
0.28883601
0.28883601
0.0048955255
0.0048955255
0.0048955255
0.0048955256
0.0048955255
0.0048955255
0.0048955255
0.0048955255
0.0048955255
0.0048955255
0.0048955256
0.0048955255
0.0048955255
0.0048955255
0.0024477628
0.0024477627
0.0024477628
0.0024477627
0.0024477628
0.0024477627
0.0024477628
0.0024477628
0.0024477627
0.0024477628
0.0024477627
0.0024477628
0.0024477627
0.0024477628
0.0024477628
0.0024477627
0.0024477628
0.0024477627
0.0024477628
0.0024477627
0.0024477628
0.0024477628
0.0024477627
0.0024477628
0.0024477627
0.0024477628
0.0024477627
0.0024477628
0.0042835848
0.0042835848
0.0042835848
0.0042835848
0.0042835848
0.0042835848
0.0042835848
0.0042835848
0.0042835848
0.0042835848
0.0042835848
0.0042835848
0.0042835848
0.0042835848
0.0091791104
0.0091791104
0.0091791104
0.0091791105
0.0091791104
0.0091791104
0.0091791104
0.0091791104
0.0091791104
0.0091791104
0.0091791104
0.0091791104
0.0091791104
0.0091791104
0.29373153
0.29373153
0.29373153
0.29373153
0.29373153
0.29373153
0.29373153
0.29373153
0.29373153
0.29373153
0.29373153
0.29373153
0.29373153
0.29373153
)
;
    }
    Flap
    {
        type            calculated;
        value           nonuniform List<scalar> 0();
    }
    procBoundary7to6
    {
        type            processor;
        value           nonuniform List<scalar> 
120
(
-0.0015735618
0.034733588
-0.0015735618
-0.0015735618
-0.0015735618
-0.0015735618
-0.0015735618
-0.0015735618
-0.0015735618
-0.0015735618
-0.0015735618
-0.0015735618
-0.0015735618
-0.0015735618
-0.0015735618
-0.039629113
-0.29195738
-0.29173443
-0.29173443
-0.29173442
-0.29173443
-0.29173443
-0.29173443
-0.29173443
-0.29173443
-0.29173443
-0.29173443
-0.29173443
-0.29173443
0.036118754
-0.29173443
0.039017172
-0.0090916903
-0.0090916903
-0.0090916903
-0.0090916903
-0.0090916903
-0.0090916903
-0.0090916903
-0.0090916903
-0.0090916903
-0.0090916903
-0.0090916903
-0.0090916903
-0.0090916903
-0.0090916903
-0.0013987215
-0.0013987216
-0.0013987216
-0.0013987215
-0.0013987216
-0.0013987215
-0.0013987216
-0.0013987216
-0.0013987215
-0.0013987216
-0.0013987215
-0.0013987216
-0.0013987216
-0.0013987215
-0.0013113015
0.041464935
-0.0013113015
-0.0013113015
-0.0013113015
-0.0013113015
-0.0013113015
-0.0013113015
-0.0013113015
-0.0013113015
-0.0013113015
-0.0013113015
-0.0013113015
-0.042513976
-0.0013987216
-0.0013987216
-0.0027100231
-0.0027100231
-0.0027100231
-0.0027100231
-0.0027100231
-0.0027100231
-0.0027100231
-0.0027100231
-0.0027100231
-0.0027100231
-0.0027100231
-0.0027100231
-0.0027100231
-0.0027100231
-0.012850755
-0.039017172
-0.012850755
-0.012850755
-0.012850755
-0.012850755
-0.012850755
-0.012850755
-0.012850755
-0.012850755
-0.012850755
-0.012850755
-0.012850755
-0.012850755
-0.012850755
-0.29061016
-0.29083311
-0.29083311
-0.29083311
-0.29083311
-0.29083311
-0.29083311
-0.29083311
-0.29083311
-0.29083311
-0.29083311
-0.29083311
-0.29083311
-0.29083311
-0.036118754
)
;
    }
}


// ************************************************************************* //
