/*--------------------------------*- C++ -*----------------------------------*\
| =========                 |                                                 |
| \\      /  F ield         | OpenFOAM: The Open Source CFD Toolbox           |
|  \\    /   O peration     | Version:  2206                                  |
|   \\  /    A nd           | Website:  www.openfoam.com                      |
|    \\/     M anipulation  |                                                 |
\*---------------------------------------------------------------------------*/
FoamFile
{
    version     2.0;
    format      ascii;
    arch        "LSB;label=32;scalar=64";
    class       volVectorField;
    location    "0.02";
    object      U;
}
// * * * * * * * * * * * * * * * * * * * * * * * * * * * * * * * * * * * * * //

dimensions      [0 1 -1 0 0 0 0];

internalField   nonuniform List<vector> 
1400
(
(0.85671779 0.043699275 0)
(0.85671779 0.043699275 0)
(0.85671779 0.043699275 0)
(0.85671779 0.043699275 -5.7034758e-22)
(0.85671779 0.043699275 5.7034654e-22)
(0.85671779 0.043699275 -5.7034549e-22)
(0.85671779 0.043699275 5.7034444e-22)
(0.85671779 0.043699275 -2.8517169e-22)
(0.85671779 0.043699275 5.7034234e-22)
(0.85671779 0.043699275 -2.8517064e-22)
(0.85671779 0.043699275 0)
(0.85671779 0.043699275 0)
(0.85671779 0.043699275 0)
(0.85671779 0.043699275 1.4258427e-22)
(0.85671779 0.043699275 1.2119814e-21)
(0.85671779 0.043699275 -1.211979e-21)
(0.85671779 0.043699275 6.0598831e-22)
(0.85671779 0.043699275 -6.0598712e-22)
(0.85671779 0.043699275 -6.0598594e-22)
(0.85671779 0.043699275 6.0598475e-22)
(0.85671779 0.043699275 -3.0299178e-22)
(0.85671779 0.043699275 3.0299119e-22)
(0.85671779 0.043699275 0)
(0.85671779 0.043699275 -1.51495e-22)
(0.85671779 0.043699275 2.2724206e-22)
(0.85671779 0.043699275 -7.5747206e-23)
(0.85671779 0.043699275 0)
(0.85671779 0.043699275 -1.5149382e-22)
(0.85671779 0.043699275 0)
(0.85671779 0.043699275 0)
(0.85671779 0.043699275 0)
(0.85671779 0.043699275 0)
(0.85671779 0.043699275 0)
(0.85671779 0.043699275 6.4637489e-22)
(0.85671779 0.043699275 -6.4637355e-22)
(0.85671779 0.043699275 -3.231861e-22)
(0.85671779 0.043699275 3.2318543e-22)
(0.85671779 0.043699275 -1.6159238e-22)
(0.85671779 0.043699275 1.6159204e-22)
(0.85671779 0.043699275 0)
(0.85671779 0.043699275 0)
(0.85671779 0.043699275 0)
(0.85671779 0.043699275 0)
(0.85671779 0.043699275 0)
(0.85671779 0.043699275 0)
(0.85671779 0.043699275 0)
(0.85671779 0.043699275 0)
(0.85671779 0.043699275 -6.9253369e-22)
(0.85671779 0.043699275 3.4626607e-22)
(0.85671779 0.043699275 3.462653e-22)
(0.85671779 0.043699275 0)
(0.85671779 0.043699275 -1.7313188e-22)
(0.85671779 0.043699275 1.7313149e-22)
(0.85671779 0.043699275 0)
(0.85671779 0.043699275 0)
(0.85671779 0.043699275 0)
(0.85671779 0.043699275 0)
(0.85671779 0.043699275 -7.4579921e-22)
(0.85671779 0.043699275 7.4579742e-22)
(0.85671779 0.043699275 0)
(0.85671779 0.043699275 7.4579383e-22)
(0.85671779 0.043699275 -7.4579204e-22)
(0.85671779 0.043699275 0)
(0.85671779 0.043699275 0)
(0.85671779 0.043699275 0)
(0.85671779 0.043699275 -1.8644622e-22)
(0.85671779 0.043699275 1.8644577e-22)
(0.85671779 0.043699275 0)
(0.85671779 0.043699275 0)
(0.85671779 0.043699275 0)
(0.85671779 0.043699275 -1.6158699e-21)
(0.85671779 0.043699275 1.6158655e-21)
(0.85671779 0.043699275 8.0793066e-22)
(0.85671779 0.043699275 -8.0792856e-22)
(0.85671779 0.043699275 0)
(0.85671779 0.043699275 0)
(0.85671779 0.043699275 0)
(0.85671779 0.043699275 -4.0396007e-22)
(0.85671779 0.043699275 4.0395902e-22)
(0.85671779 0.043699275 0)
(0.85671779 0.043699275 0)
(0.85671779 0.043699275 0)
(0.85671779 0.043699275 0)
(0.85671779 0.043699275 0)
(0.85671779 0.043699275 -2.3773858e-33)
(0.85671779 0.043699275 8.8136008e-22)
(0.85671779 0.043699275 1.7627151e-21)
(0.85671779 0.043699275 -8.8135507e-22)
(0.85671779 0.043699275 0)
(0.85671779 0.043699275 -8.8135006e-22)
(0.85671779 0.043699275 8.8134755e-22)
(0.85671779 0.043699275 0)
(0.85671779 0.043699275 0)
(0.85671779 0.043699275 2.2033501e-22)
(0.85671779 0.043699275 -2.2033438e-22)
(0.85671779 0.043699275 2.7541719e-23)
(0.85671779 0.043699275 -2.7541641e-23)
(0.85671779 0.043699275 0)
(0.85671779 0.043699275 -1.9389428e-21)
(0.85671779 0.043699275 2.9084046e-21)
(0.85671779 0.043699275 -9.6946516e-22)
(0.85671779 0.043699275 0)
(0.85671779 0.043699275 0)
(0.85671779 0.043699275 0)
(0.85671779 0.043699275 0)
(0.85671779 0.043699275 0)
(0.85671779 0.043699275 0)
(0.85671779 0.043699275 0)
(0.85671779 0.043699275 0)
(0.85671779 0.043699275 0)
(0.85671779 0.043699275 0)
(0.85671779 0.043699275 0)
(0.85671779 0.043699275 0)
(0.85671779 0.043699275 0)
(0.85671779 0.043699275 0)
(0.85671779 0.043699275 1.0771415e-21)
(0.85671779 0.043699275 -1.0771378e-21)
(0.85671779 0.043699275 0)
(0.85671779 0.043699275 0)
(0.85671779 0.043699275 0)
(0.85671779 0.043699275 0)
(0.85671779 0.043699275 2.6927976e-22)
(0.85671779 0.043699275 -1.3463941e-22)
(0.85671779 0.043699275 -1.3463895e-22)
(0.85671779 0.043699275 0)
(0.85671779 0.043699275 -2.6927602e-22)
(0.85671779 0.043699275 0)
(0.85671779 0.043699275 -1.2117393e-21)
(0.85671779 0.043699275 -1.8511268e-34)
(0.85671779 0.043699275 1.2161425e-34)
(0.85671779 0.043699275 1.2117251e-21)
(0.85671779 0.043699275 0)
(0.85671779 0.043699275 0)
(0.85671779 0.043699275 0)
(0.85671779 0.043699275 -6.0585308e-22)
(0.85671779 0.043699275 3.0292536e-22)
(0.85671779 0.043699275 3.0292417e-22)
(0.85671779 0.043699275 0)
(0.85671779 0.043699275 0)
(0.85671779 0.043699275 0)
(0.85671779 0.043699275 0)
(0.85671779 0.043699275 -1.3847666e-21)
(0.85671779 0.043699275 1.3847604e-21)
(0.85671779 0.043699275 0)
(0.85671779 0.043699275 -1.384748e-21)
(0.85671779 0.043699275 1.3847418e-21)
(0.85671779 0.043699275 -6.9236782e-22)
(0.85671779 0.043699275 6.9236473e-22)
(0.85671779 0.043699275 6.9236164e-22)
(0.85671779 0.043699275 -1.0385378e-21)
(0.85671779 0.043699275 3.4617772e-22)
(0.85671779 0.043699275 0)
(0.85671779 0.043699275 0)
(0.85671779 0.043699275 3.4617311e-22)
(0.85671779 0.043699275 -3.2308968e-21)
(0.85671779 0.043699275 4.846317e-21)
(0.85671779 0.043699275 -1.6154306e-21)
(0.85671779 0.043699275 -1.6154222e-21)
(0.85671779 0.043699275 1.6154138e-21)
(0.85671779 0.043699275 0)
(0.85671779 0.043699275 0)
(0.85671779 0.043699275 0)
(0.85671779 0.043699275 -8.0769004e-22)
(0.85671779 0.043699275 4.0384292e-22)
(0.85671779 0.043699275 4.0384081e-22)
(0.85671779 0.043699275 0)
(0.85671779 0.043699275 0)
(0.85671779 0.043699275 0)
(0.85671779 0.043699275 0)
(0.85671779 0.043699275 0)
(0.85671779 0.043699275 0)
(0.85671779 0.043699275 1.9382974e-21)
(0.85671779 0.043699275 -1.9382853e-21)
(0.85671779 0.043699275 0)
(0.85671779 0.043699275 0)
(0.85671779 0.043699275 0)
(0.85671779 0.043699275 0)
(0.85671779 0.043699275 4.8455618e-22)
(0.85671779 0.043699275 -2.4227658e-22)
(0.85671779 0.043699275 -2.4227506e-22)
(0.85671779 0.043699275 2.4227355e-22)
(0.85671779 0.043699275 -2.422721e-22)
(0.85671779 0.043699275 0)
(0.85671779 0.043699275 0)
(0.85671779 0.043699275 0)
(0.85671779 0.043699275 -9.528565e-23)
(0.85671779 0.043699275 0)
(0.85671779 0.043699275 9.6403334e-23)
(0.85671779 0.043699275 0)
(0.85671779 0.043699275 9.754755e-23)
(0.85671779 0.043699275 -9.8129904e-23)
(0.85671779 0.043699275 0)
(0.85671779 0.043699275 -9.9315724e-23)
(0.85671779 0.043699275 0)
(0.85671779 0.043699275 1.0053055e-22)
(0.85671779 0.043699275 1.0114918e-22)
(0.85671779 0.043699275 1.0177547e-22)
(0.85671779 0.043699275 9.4193588e-23)
(0.85671779 0.043699275 0)
(0.85671779 0.043699275 0)
(0.85671779 0.043699275 0)
(0.85671779 0.043699275 -9.6403337e-23)
(0.85671779 0.043699275 -9.6972069e-23)
(0.85671779 0.043699275 -9.7547552e-23)
(0.85671779 0.043699275 0)
(0.85671779 0.043699275 0)
(0.85671779 0.043699275 0)
(0.85671779 0.043699275 9.9919449e-23)
(0.85671779 0.043699275 0)
(0.85671779 0.043699275 -1.0114919e-22)
(0.85671779 0.043699275 -1.0177548e-22)
(0.85671779 0.043699275 -1.8838718e-22)
(0.85671779 0.043699275 0)
(0.85671779 0.043699275 0)
(0.85671779 0.043699275 0)
(0.85671779 0.043699275 1.9280668e-22)
(0.85671779 0.043699275 1.9394414e-22)
(0.85671779 0.043699275 0)
(0.85671779 0.043699275 9.8129909e-23)
(0.85671779 0.043699275 9.8719258e-23)
(0.85671779 0.043699275 0)
(0.85671779 0.043699275 -9.9919452e-23)
(0.85671779 0.043699275 1.0053056e-22)
(0.85671779 0.043699275 0)
(0.85671779 0.043699275 1.0177548e-22)
(0.85671779 0.043699275 4.7096796e-23)
(0.85671779 0.043699275 0)
(0.85671779 0.043699275 4.7642829e-23)
(0.85671779 0.043699275 0)
(0.85671779 0.043699275 -1.4460501e-22)
(0.85671779 0.043699275 -9.6972074e-23)
(0.85671779 0.043699275 -4.8773779e-23)
(0.85671779 0.043699275 -1.4719487e-22)
(0.85671779 0.043699275 -9.8719261e-23)
(0.85671779 0.043699275 -4.9657866e-23)
(0.85671779 0.043699275 0)
(0.85671779 0.043699275 -1.0053056e-22)
(0.85671779 0.043699275 -5.0574596e-23)
(0.85671779 0.043699275 -1.0177548e-22)
(0.85671779 0.043699275 4.7096797e-23)
(0.85671779 0.043699275 0)
(0.85671779 0.043699275 -4.764283e-23)
(0.85671779 0.043699275 0)
(0.85671779 0.043699275 9.6403344e-23)
(0.85671779 0.043699275 4.8486038e-23)
(0.85671779 0.043699275 4.877378e-23)
(0.85671779 0.043699275 9.8129914e-23)
(0.85671779 0.043699275 0)
(0.85671779 0.043699275 4.9657867e-23)
(0.85671779 0.043699275 0)
(0.85671779 0.043699275 0)
(0.85671779 0.043699275 5.0574597e-23)
(0.85671779 0.043699275 0)
(0.85671779 0.043699275 0)
(0.85671779 0.043699275 0)
(0.85671779 0.043699275 0)
(0.85671779 0.043699275 0)
(0.85671779 0.043699275 -4.8201673e-23)
(0.85671779 0.043699275 -4.8486039e-23)
(0.85671779 0.043699275 0)
(0.85671779 0.043699275 -9.8129916e-23)
(0.85671779 0.043699275 0)
(0.85671779 0.043699275 -4.9657869e-23)
(0.85671779 0.043699275 0)
(0.85671779 0.043699275 0)
(0.85671779 0.043699275 0)
(0.85671779 0.043699275 -5.0887743e-23)
(0.85671779 0.043699275 4.70968e-23)
(0.85671779 0.043699275 0)
(0.85671779 0.043699275 0)
(0.85671779 0.043699275 0)
(0.85671779 0.043699275 0)
(0.85671779 0.043699275 0)
(0.85671779 0.043699275 0)
(0.85671779 0.043699275 4.906496e-23)
(0.85671779 0.043699275 0)
(0.85671779 0.043699275 4.965787e-23)
(0.85671779 0.043699275 0)
(0.85671779 0.043699275 0)
(0.85671779 0.043699275 0)
(0.85671779 0.043699275 5.0887744e-23)
(0.85671779 0.043699275 -4.7096801e-23)
(0.85671779 0.043699275 0)
(0.85671779 0.043699275 0)
(0.85671779 0.043699275 0)
(0.85671779 0.043699275 4.8201675e-23)
(0.85671779 0.043699275 4.8486042e-23)
(0.85671779 0.043699275 -4.8773784e-23)
(0.85671779 0.043699275 0)
(0.85671779 0.043699275 0)
(0.85671779 0.043699275 0)
(0.85671779 0.043699275 0)
(0.85671779 0.043699275 -5.0265286e-23)
(0.85671779 0.043699275 -5.0574601e-23)
(0.85671779 0.043699275 0)
(0.85671779 0.043699275 0)
(0.85671779 0.043699275 0)
(0.85671779 0.043699275 0)
(0.85671779 0.043699275 0)
(0.85671779 0.043699275 -7.2302515e-23)
(0.85671779 0.043699275 -4.8486043e-23)
(0.85671779 0.043699275 2.4386892e-23)
(0.85671779 0.043699275 -2.4532481e-23)
(0.85671779 0.043699275 0)
(0.85671779 0.043699275 -2.4828936e-23)
(0.85671779 0.043699275 0)
(0.85671779 0.043699275 7.5397932e-23)
(0.85671779 0.043699275 2.5287301e-23)
(0.85671779 0.043699275 -2.5443874e-23)
(0.85671779 0.043699275 -2.3548402e-23)
(0.85671779 0.043699275 0)
(0.85671779 0.043699275 2.3821418e-23)
(0.85671779 0.043699275 0)
(0.85671779 0.043699275 4.8201678e-23)
(0.85671779 0.043699275 0)
(0.85671779 0.043699275 4.8773786e-23)
(0.85671779 0.043699275 4.9064963e-23)
(0.85671779 0.043699275 2.4679819e-23)
(0.85671779 0.043699275 4.9657874e-23)
(0.85671779 0.043699275 0)
(0.85671779 0.043699275 -2.5132644e-23)
(0.85671779 0.043699275 5.0574604e-23)
(0.85671779 0.043699275 2.5443874e-23)
(0.85671779 0.043699275 1.1774201e-23)
(0.85671779 0.043699275 0)
(0.85671779 0.043699275 -3.5732128e-23)
(0.85671779 0.043699275 0)
(0.85671779 0.043699275 -2.410084e-23)
(0.85671779 0.043699275 0)
(0.85671779 0.043699275 -2.4386894e-23)
(0.85671779 0.043699275 -2.4532482e-23)
(0.85671779 0.043699275 -2.4679819e-23)
(0.85671779 0.043699275 -2.4828937e-23)
(0.85671779 0.043699275 0)
(0.85671779 0.043699275 0)
(0.85671779 0.043699275 -2.5287302e-23)
(0.85671779 0.043699275 0)
(0.85671779 0.043699275 1.1774201e-23)
(0.85671779 0.043699275 0)
(0.85671779 0.043699275 5.9553548e-24)
(0.85671779 0.043699275 0)
(0.85671779 0.043699275 0)
(0.85671779 0.043699275 0)
(0.85671779 0.043699275 6.0967236e-24)
(0.85671779 0.043699275 0)
(0.85671779 0.043699275 0)
(0.85671779 0.043699275 -6.2072345e-24)
(0.85671779 0.043699275 0)
(0.85671779 0.043699275 0)
(0.85671779 0.043699275 0)
(0.85671779 0.043699275 0)
(0.85671779 0.043699275 0)
(0.85671779 0.043699275 0)
(0.85671779 0.043699275 5.9553549e-24)
(0.85671779 0.043699275 0)
(0.85671779 0.043699275 0)
(0.85671779 0.043699275 0)
(0.85671779 0.043699275 -6.0967237e-24)
(0.85671779 0.043699275 0)
(0.85671779 0.043699275 0)
(0.85671779 0.043699275 6.2072347e-24)
(0.85671779 0.043699275 0)
(0.85671779 0.043699275 0)
(0.85671779 0.043699275 0)
(0.85671779 0.043699275 0)
(0.85671779 0.043699275 8.3581034e-23)
(0.85671779 0.043699275 0)
(0.85671779 0.043699275 0)
(0.85671779 0.043699275 6.925573e-23)
(0.85671779 0.043699275 0)
(0.85671779 0.043699275 0)
(0.85671779 0.043699275 0)
(0.85671779 0.043699275 5.6373045e-23)
(0.85671779 0.043699275 0)
(0.85671779 0.043699275 -5.1576055e-23)
(0.85671779 0.043699275 -4.9471212e-23)
(0.85671779 0.043699275 0)
(0.85671779 0.043699275 -8.3580842e-23)
(0.85671779 0.043699275 0)
(0.85671779 0.043699275 1.4690401e-22)
(0.85671779 0.043699275 -6.9255599e-23)
(0.85671779 0.043699275 0)
(0.85671779 0.043699275 1.243075e-22)
(0.85671779 0.043699275 0)
(0.85671779 0.043699275 -1.6911888e-22)
(0.85671779 0.043699275 0)
(0.85671779 0.043699275 1.5472795e-22)
(0.85671779 0.043699275 4.9471146e-23)
(0.85671779 0.043699275 0)
(0.85671779 0.043699275 0)
(0.85671779 0.043699275 0)
(0.85671779 0.043699275 -1.4690374e-22)
(0.85671779 0.043699275 0)
(0.85671779 0.043699275 0)
(0.85671779 0.043699275 -3.7292191e-22)
(0.85671779 0.043699275 0)
(0.85671779 0.043699275 1.1274575e-22)
(0.85671779 0.043699275 0)
(0.85671779 0.043699275 -1.0315183e-22)
(0.85671779 0.043699275 0)
(0.85671779 0.043699275 0)
(0.85671779 0.043699275 -3.3432192e-22)
(0.85671779 0.043699275 0)
(0.85671779 0.043699275 -2.9380691e-22)
(0.85671779 0.043699275 -2.7702141e-22)
(0.85671779 0.043699275 0)
(0.85671779 0.043699275 2.4861421e-22)
(0.85671779 0.043699275 0)
(0.85671779 0.043699275 0)
(0.85671779 0.043699275 2.1547096e-22)
(0.85671779 0.043699275 -2.0630339e-22)
(0.85671779 0.043699275 1.9788408e-22)
(0.85671779 0.043699275 0)
(0.85671779 0.043699275 3.343212e-22)
(0.85671779 0.043699275 0)
(0.85671779 0.043699275 1.0496813e-34)
(0.85671779 0.043699275 -2.5628557e-34)
(0.85671779 0.043699275 0)
(0.85671779 0.043699275 0)
(0.85671779 0.043699275 2.3648846e-22)
(0.85671779 0.043699275 0)
(0.85671779 0.043699275 -2.1547066e-22)
(0.85671779 0.043699275 2.0630311e-22)
(0.85671779 0.043699275 -1.9788383e-22)
(0.85671779 0.043699275 -1.9012478e-22)
(0.85671779 0.043699275 0)
(0.85671779 0.043699275 0)
(0.85671779 0.043699275 2.938058e-22)
(0.85671779 0.043699275 2.7702042e-22)
(0.85671779 0.043699275 -5.2409862e-22)
(0.85671779 0.043699275 0)
(0.85671779 0.043699275 -2.364881e-22)
(0.85671779 0.043699275 0)
(0.85671779 0.043699275 0)
(0.85671779 0.043699275 0)
(0.85671779 0.043699275 0)
(0.85671779 0.043699275 1.9012455e-22)
(0.85671779 0.043699275 0)
(0.85671779 0.043699275 0)
(0.85671779 0.043699275 0)
(0.85671779 0.043699275 0)
(0.85671779 0.043699275 5.2409773e-22)
(0.85671779 0.043699275 -4.9722602e-22)
(0.85671779 0.043699275 0)
(0.85671779 0.043699275 0)
(0.85671779 0.043699275 0)
(0.85671779 0.043699275 0)
(0.85671779 0.043699275 -3.9576664e-22)
(0.85671779 0.043699275 0)
(0.85671779 0.043699275 6.6863809e-22)
(0.85671779 0.043699275 0)
(0.85671779 0.043699275 0)
(0.85671779 0.043699275 5.5403885e-22)
(0.85671779 0.043699275 0)
(0.85671779 0.043699275 9.9445045e-22)
(0.85671779 0.043699275 0)
(0.85671779 0.043699275 -4.5097974e-22)
(0.85671779 0.043699275 0)
(0.85671779 0.043699275 0)
(0.85671779 0.043699275 3.9576614e-22)
(0.85671779 0.043699275 3.8024816e-22)
(0.85671779 0.043699275 -6.6863664e-22)
(0.85671779 0.043699275 0)
(0.85671779 0.043699275 0)
(0.85671779 0.043699275 -5.5403786e-22)
(0.85671779 0.043699275 -5.2409595e-22)
(0.85671779 0.043699275 -4.9722442e-22)
(0.85671779 0.043699275 0)
(0.85671779 0.043699275 9.0195817e-22)
(0.85671779 0.043699275 0)
(0.85671779 0.043699275 0)
(0.85671779 0.043699275 0)
(0.85671779 0.043699275 -7.604954e-22)
(0.85671779 0.043699275 0)
(0.85671779 0.043699275 6.25508e-22)
(0.85671779 0.043699275 0)
(0.85671779 0.043699275 0)
(0.85671779 0.043699275 5.2409507e-22)
(0.85671779 0.043699275 -4.9722363e-22)
(0.85671779 0.043699275 0)
(0.85671779 0.043699275 4.405041e-34)
(0.85671779 0.043699275 0)
(0.85671779 0.043699275 4.1260348e-22)
(0.85671779 0.043699275 0)
(0.85671779 0.043699275 3.8024723e-22)
(0.85671779 0.043699275 -1.3372675e-21)
(0.85671779 0.043699275 6.2550673e-22)
(0.85671779 0.043699275 -1.1752121e-21)
(0.85671779 0.043699275 -1.1080718e-21)
(0.85671779 0.043699275 0)
(0.85671779 0.043699275 4.9722283e-22)
(0.85671779 0.043699275 0)
(0.85671779 0.043699275 -4.5097777e-22)
(0.85671779 0.043699275 -8.6187544e-22)
(0.85671779 0.043699275 -1.2378088e-21)
(0.85671779 0.043699275 7.9152924e-22)
(0.85671779 0.043699275 0)
(0.85671779 0.043699275 -2.0071145e-33)
(0.85671779 0.043699275 -2.5020219e-21)
(0.85671779 0.043699275 -3.402775e-34)
(0.85671779 0.043699275 1.244844e-33)
(0.85671779 0.043699275 0)
(0.85671779 0.043699275 -9.9444407e-22)
(0.85671779 0.043699275 -9.4594372e-22)
(0.85671779 0.043699275 0)
(0.85671779 0.043699275 2.5443243e-34)
(0.85671779 0.043699275 8.2520476e-22)
(0.85671779 0.043699275 -1.5830565e-21)
(0.85671779 0.043699275 -7.604926e-22)
(0.85671779 0.043699275 1.3372618e-21)
(0.85671779 0.043699275 1.2510084e-21)
(0.85671779 0.043699275 7.1865219e-34)
(0.85671779 0.043699275 1.1080678e-21)
(0.85671779 0.043699275 0)
(0.85671779 0.043699275 9.9444248e-22)
(0.85671779 0.043699275 9.4594229e-22)
(0.85671779 0.043699275 0)
(0.85671779 0.043699275 8.6187304e-22)
(0.85671779 0.043699275 8.2520366e-22)
(0.85671779 0.043699275 7.9152722e-22)
(0.85671779 0.043699275 1.5209833e-21)
(0.85671779 0.043699275 -1.3372588e-21)
(0.85671779 0.043699275 1.2510058e-21)
(0.85671779 0.043699275 -9.2375593e-34)
(0.85671779 0.043699275 0)
(0.85671779 0.043699275 0)
(0.85671779 0.043699275 0)
(0.85671779 0.043699275 0)
(0.85671779 0.043699275 9.0195157e-22)
(0.85671779 0.043699275 0)
(0.85671779 0.043699275 -8.2520254e-22)
(0.85671779 0.043699275 7.9152618e-22)
(0.85671779 0.043699275 -7.6049071e-22)
(0.85671779 0.043699275 0)
(0.85671779 0.043699275 -4.4292731e-21)
(0.85671779 0.043699275 4.1900566e-21)
(0.85671779 0.043699275 -3.9753554e-21)
(0.85671779 0.043699275 2.7541518e-33)
(0.85671779 0.043699275 0)
(0.85671779 0.043699275 3.4456788e-21)
(0.85671779 0.043699275 3.2991523e-21)
(0.85671779 0.043699275 0)
(0.85671779 0.043699275 3.0405547e-21)
(0.85671779 0.043699275 -5.6391959e-34)
(0.85671779 0.043699275 2.8195499e-21)
(0.85671779 0.043699275 4.6974603e-21)
(0.85671779 0.043699275 -4.4292759e-21)
(0.85671779 0.043699275 -4.1900596e-21)
(0.85671779 0.043699275 3.9753583e-21)
(0.85671779 0.043699275 -3.7815873e-21)
(0.85671779 0.043699275 -3.6058284e-21)
(0.85671779 0.043699275 -3.4456815e-21)
(0.85671779 0.043699275 3.0360932e-33)
(0.85671779 0.043699275 -3.1645822e-21)
(0.85671779 0.043699275 -3.0405575e-21)
(0.85671779 0.043699275 -5.8517752e-21)
(0.85671779 0.043699275 -2.8195526e-21)
(0.85671779 0.043699275 -4.6974692e-21)
(0.85671779 0.043699275 8.8585676e-21)
(0.85671779 0.043699275 -4.1900665e-21)
(0.85671779 0.043699275 -3.9753647e-21)
(0.85671779 0.043699275 3.7815933e-21)
(0.85671779 0.043699275 3.6058337e-21)
(0.85671779 0.043699275 -3.4456863e-21)
(0.85671779 0.043699275 -3.2991594e-21)
(0.85671779 0.043699275 1.4485734e-33)
(0.85671779 0.043699275 3.0405612e-21)
(0.85671779 0.043699275 2.925891e-21)
(0.85671779 0.043699275 -7.8634032e-34)
(0.85671779 0.043699275 0)
(0.85671779 0.043699275 -4.4292917e-21)
(0.85671779 0.043699275 -2.5929782e-33)
(0.85671779 0.043699275 3.4337408e-34)
(0.85671779 0.043699275 -7.5631979e-21)
(0.85671779 0.043699275 0)
(0.85671779 0.043699275 3.4456912e-21)
(0.85671779 0.043699275 0)
(0.85671779 0.043699275 3.1645902e-21)
(0.85671779 0.043699275 -3.040565e-21)
(0.85671779 0.043699275 2.9258944e-21)
(0.85671779 0.043699275 2.8195589e-21)
(0.85671779 0.043699275 4.6974871e-21)
(0.85671779 0.043699275 -4.4292997e-21)
(0.85671779 0.043699275 4.1900808e-21)
(0.85671779 0.043699275 8.0856339e-34)
(0.85671779 0.043699275 3.7816048e-21)
(0.85671779 0.043699275 -3.6058442e-21)
(0.85671779 0.043699275 -3.445696e-21)
(0.85671779 0.043699275 0)
(0.85671779 0.043699275 -3.1645943e-21)
(0.85671779 0.043699275 2.9297781e-33)
(0.85671779 0.043699275 -2.9258979e-21)
(0.85671779 0.043699275 0)
(0.85671779 0.043699275 -2.5022857e-33)
(0.85671779 0.043699275 -3.4176758e-34)
(0.85671779 0.043699275 0)
(0.85671779 0.043699275 -6.8366085e-34)
(0.85671779 0.043699275 0)
(0.85671779 0.043699275 3.6058495e-21)
(0.85671779 0.043699275 3.4457008e-21)
(0.85671779 0.043699275 0)
(0.85671779 0.043699275 2.7000555e-33)
(0.85671779 0.043699275 1.7449063e-33)
(0.85671779 0.043699275 -2.9259013e-21)
(0.85671779 0.043699275 0)
(0.85671779 0.043699275 -4.6975047e-21)
(0.85671779 0.043699275 4.4293154e-21)
(0.85671779 0.043699275 0)
(0.85671779 0.043699275 3.9753902e-21)
(0.85671779 0.043699275 0)
(0.85671779 0.043699275 0)
(0.85671779 0.043699275 0)
(0.85671779 0.043699275 0)
(0.85671779 0.043699275 3.1646024e-21)
(0.85671779 0.043699275 3.0405761e-21)
(0.85671779 0.043699275 2.9259048e-21)
(0.85671779 0.043699275 0)
(0.85671779 0.043699275 -4.6975136e-21)
(0.85671779 0.043699275 -4.4293233e-21)
(0.85671779 0.043699275 -4.190102e-21)
(0.85671779 0.043699275 -3.9753966e-21)
(0.85671779 0.043699275 0)
(0.85671779 0.043699275 0)
(0.85671779 0.043699275 -3.4457103e-21)
(0.85671779 0.043699275 -3.2991814e-21)
(0.85671779 0.043699275 -3.1646064e-21)
(0.85671779 0.043699275 0)
(0.85671779 0.043699275 2.9259083e-21)
(0.85671779 0.043699275 2.8195718e-21)
(0.85671779 0.043699275 7.1658192e-34)
(0.85671779 0.043699275 4.4293312e-21)
(0.85671779 0.043699275 3.3494081e-35)
(0.85671779 0.043699275 1.767199e-33)
(0.85671779 0.043699275 0)
(0.85671779 0.043699275 -3.6058652e-21)
(0.85671779 0.043699275 6.8914302e-21)
(0.85671779 0.043699275 6.5983715e-21)
(0.85671779 0.043699275 3.1646104e-21)
(0.85671779 0.043699275 -3.0405836e-21)
(0.85671779 0.043699275 -2.9259117e-21)
(0.85671779 0.043699275 -5.6391499e-21)
(0.85671779 0.043699275 4.6975316e-21)
(0.85671779 0.043699275 0)
(0.85671779 0.043699275 4.1901162e-21)
(0.85671779 0.043699275 3.9754094e-21)
(0.85671779 0.043699275 0)
(0.85671779 0.043699275 3.6058704e-21)
(0.85671779 0.043699275 -6.8914398e-21)
(0.85671779 0.043699275 -3.2991902e-21)
(0.85671779 0.043699275 0)
(0.85671779 0.043699275 3.0405873e-21)
(0.85671779 0.043699275 -2.9259151e-21)
(0.85671779 0.043699275 2.8195782e-21)
(0.85671779 0.043699275 4.6975405e-21)
(0.85671779 0.043699275 0)
(0.85671779 0.043699275 4.1901233e-21)
(0.85671779 0.043699275 0)
(0.85671779 0.043699275 0)
(0.85671779 0.043699275 3.6058757e-21)
(0.85671779 0.043699275 3.4457247e-21)
(0.85671779 0.043699275 0)
(0.85671779 0.043699275 -3.1646185e-21)
(0.85671779 0.043699275 -3.040591e-21)
(0.85671779 0.043699275 2.9259186e-21)
(0.85671779 0.043699275 -2.8195814e-21)
(0.85671779 0.043699275 -4.6975492e-21)
(0.85671779 0.043699275 -4.429355e-21)
(0.85671779 0.043699275 -4.1901302e-21)
(0.85671779 0.043699275 0)
(0.85671779 0.043699275 0)
(0.85671779 0.043699275 -7.2117618e-21)
(0.85671779 0.043699275 0)
(0.85671779 0.043699275 3.2991989e-21)
(0.85671779 0.043699275 3.1646225e-21)
(0.85671779 0.043699275 2.5875034e-33)
(0.85671779 0.043699275 2.9259221e-21)
(0.85671779 0.043699275 2.8195846e-21)
(0.85671779 0.043699275 0)
(0.85671779 0.043699275 4.4293629e-21)
(0.85671779 0.043699275 -4.1901374e-21)
(0.85671779 0.043699275 3.9754284e-21)
(0.85671779 0.043699275 -3.7816507e-21)
(0.85671779 0.043699275 3.6058861e-21)
(0.85671779 0.043699275 0)
(0.85671779 0.043699275 -3.2992033e-21)
(0.85671779 0.043699275 0)
(0.85671779 0.043699275 3.0405985e-21)
(0.85671779 0.043699275 -2.9259255e-21)
(0.85671779 0.043699275 0)
(0.85671779 0.043699275 0)
(0.85671779 0.043699275 0)
(0.85671779 0.043699275 4.1901445e-21)
(0.85671779 0.043699275 -1.9877174e-21)
(0.85671779 0.043699275 3.7816567e-21)
(0.85671779 0.043699275 -1.8029457e-21)
(0.85671779 0.043699275 -1.7228696e-21)
(0.85671779 0.043699275 0)
(0.85671779 0.043699275 -1.5823153e-21)
(0.85671779 0.043699275 0)
(0.85671779 0.043699275 -1.4629644e-21)
(0.85671779 0.043699275 0)
(0.85671779 0.043699275 0)
(0.85671779 0.043699275 8.8683722e-35)
(0.85671779 0.043699275 0)
(0.85671779 0.043699275 0)
(0.85671779 0.043699275 1.649635e-21)
(0.85671779 0.043699275 -3.445807e-21)
(0.85671779 0.043699275 0)
(0.85671779 0.043699275 0)
(0.85671779 0.043699275 0)
(0.85671779 0.043699275 2.0951227e-21)
(0.85671779 0.043699275 0)
(0.85671779 0.043699275 0)
(0.85671779 0.043699275 5.0004793e-21)
(0.85671779 0.043699275 0)
(0.85671779 0.043699275 -1.4629869e-21)
(0.85671779 0.043699275 0)
(0.85671779 0.043699275 -1.5823416e-21)
(0.85671779 0.043699275 -1.6496324e-21)
(0.85671779 0.043699275 1.7229006e-21)
(0.85671779 0.043699275 1.8029797e-21)
(0.85671779 0.043699275 -1.8908658e-21)
(0.85671779 0.043699275 1.9877588e-21)
(0.85671779 0.043699275 9.9159449e-34)
(0.85671779 0.043699275 -2.2147368e-21)
(0.85671779 0.043699275 2.3488414e-21)
(0.85671779 0.043699275 6.4565485e-34)
(0.85671779 0.043699275 -1.4098147e-21)
(0.85671779 0.043699275 -1.4629852e-21)
(0.85671779 0.043699275 0)
(0.85671779 0.043699275 3.1646791e-21)
(0.85671779 0.043699275 3.2992605e-21)
(0.85671779 0.043699275 0)
(0.85671779 0.043699275 -1.8029772e-21)
(0.85671779 0.043699275 1.8908629e-21)
(0.85671779 0.043699275 -1.9877557e-21)
(0.85671779 0.043699275 2.0666906e-33)
(0.85671779 0.043699275 4.4294658e-21)
(0.85671779 0.043699275 -4.6976739e-21)
(0.85671779 0.043699275 -5.0004558e-21)
(0.85671779 0.043699275 1.4098131e-21)
(0.85671779 0.043699275 1.4629835e-21)
(0.85671779 0.043699275 0)
(0.85671779 0.043699275 -2.3628254e-34)
(0.85671779 0.043699275 -1.649628e-21)
(0.85671779 0.043699275 1.7228958e-21)
(0.85671779 0.043699275 -1.8029745e-21)
(0.85671779 0.043699275 1.89086e-21)
(0.85671779 0.043699275 -1.9877525e-21)
(0.85671779 0.043699275 -2.0951112e-21)
(0.85671779 0.043699275 -2.2147289e-21)
(0.85671779 0.043699275 2.3488325e-21)
(0.85671779 0.043699275 -8.5494794e-35)
(0.85671779 0.043699275 1.4098115e-21)
(0.85671779 0.043699275 0)
(0.85671779 0.043699275 0)
(0.85671779 0.043699275 -1.5823355e-21)
(0.85671779 0.043699275 -1.6496258e-21)
(0.85671779 0.043699275 -1.7228934e-21)
(0.85671779 0.043699275 1.8029719e-21)
(0.85671779 0.043699275 -3.7817143e-21)
(0.85671779 0.043699275 1.9877492e-21)
(0.85671779 0.043699275 -2.0951077e-21)
(0.85671779 0.043699275 0)
(0.85671779 0.043699275 -2.348828e-21)
(0.85671779 0.043699275 2.5002178e-21)
(0.85671779 0.043699275 -2.8196198e-21)
(0.85671779 0.043699275 -1.46298e-21)
(0.85671779 0.043699275 0)
(0.85671779 0.043699275 0)
(0.85671779 0.043699275 1.6496236e-21)
(0.85671779 0.043699275 -1.7228911e-21)
(0.85671779 0.043699275 0)
(0.85671779 0.043699275 3.7817085e-21)
(0.85671779 0.043699275 0)
(0.85671779 0.043699275 2.0951041e-21)
(0.85671779 0.043699275 0)
(0.85671779 0.043699275 4.6976472e-21)
(0.85671779 0.043699275 2.5002128e-21)
(0.85671779 0.043699275 1.4098083e-21)
(0.85671779 0.043699275 1.4629783e-21)
(0.85671779 0.043699275 0)
(0.85671779 0.043699275 0)
(0.85671779 0.043699275 0)
(0.85671779 0.043699275 4.9196976e-34)
(0.85671779 0.043699275 1.8029667e-21)
(0.85671779 0.043699275 -2.1664433e-34)
(0.85671779 0.043699275 0)
(0.85671779 0.043699275 0)
(0.85671779 0.043699275 0)
(0.85671779 0.043699275 1.3716571e-33)
(0.85671779 0.043699275 -2.5002078e-21)
(0.85671779 0.043699275 0)
(0.85671779 0.043699275 0)
(0.85671779 0.043699275 0)
(0.85671779 0.043699275 0)
(0.85671779 0.043699275 -1.6496192e-21)
(0.85671779 0.043699275 -6.731101e-34)
(0.85671779 0.043699275 -3.6059282e-21)
(0.85671779 0.043699275 1.1222663e-33)
(0.85671779 0.043699275 -1.9877397e-21)
(0.85671779 0.043699275 0)
(0.85671779 0.043699275 0)
(0.85671779 0.043699275 -2.3488147e-21)
(0.85671779 0.043699275 0)
(0.85671779 0.043699275 0)
(0.85671779 0.043699275 1.4629749e-21)
(0.85671779 0.043699275 0)
(0.85671779 0.043699275 0)
(0.85671779 0.043699275 1.649617e-21)
(0.85671779 0.043699275 1.7228838e-21)
(0.85671779 0.043699275 1.8029614e-21)
(0.85671779 0.043699275 9.967288e-34)
(0.85671779 0.043699275 1.9877365e-21)
(0.85671779 0.043699275 2.0950935e-21)
(0.85671779 0.043699275 0)
(0.85671779 0.043699275 2.3488102e-21)
(0.85671779 0.043699275 0)
(0.85671779 0.043699275 0)
(0.85671779 0.043699275 -1.4629731e-21)
(0.85671779 0.043699275 0)
(0.85671779 0.043699275 0)
(0.85671779 0.043699275 0)
(0.85671779 0.043699275 0)
(0.85671779 0.043699275 0)
(0.85671779 0.043699275 -1.8908428e-21)
(0.85671779 0.043699275 0)
(0.85671779 0.043699275 -2.09509e-21)
(0.85671779 0.043699275 2.2147052e-21)
(0.85671779 0.043699275 9.9249e-34)
(0.85671779 0.043699275 0)
(0.85671779 0.043699275 1.4098019e-21)
(0.85671779 0.043699275 -1.4629714e-21)
(0.85671779 0.043699275 0)
(0.85671779 0.043699275 0)
(0.85671779 0.043699275 0)
(0.85671779 0.043699275 1.7228791e-21)
(0.85671779 0.043699275 0)
(0.85671779 0.043699275 0)
(0.85671779 0.043699275 1.9877302e-21)
(0.85671779 0.043699275 0)
(0.85671779 0.043699275 -4.4294024e-21)
(0.85671779 0.043699275 2.8163088e-35)
(0.85671779 0.043699275 0)
(0.85671779 0.043699275 -1.4098003e-21)
(0.85671779 0.043699275 1.4629697e-21)
(0.85671779 0.043699275 0)
(0.85671779 0.043699275 0)
(0.85671779 0.043699275 0)
(0.85671779 0.043699275 -1.7228767e-21)
(0.85671779 0.043699275 0)
(0.85671779 0.043699275 0)
(0.85671779 0.043699275 -1.9877269e-21)
(0.85671779 0.043699275 2.0950829e-21)
(0.85671779 0.043699275 2.2146973e-21)
(0.85671779 0.043699275 -5.0797771e-34)
(0.85671779 0.043699275 0)
(0.85671779 0.043699275 1.4097987e-21)
(0.85671779 0.043699275 0)
(0.85671779 0.043699275 0)
(0.85671779 0.043699275 0)
(0.85671779 0.043699275 -1.6496082e-21)
(0.85671779 0.043699275 0)
(0.85671779 0.043699275 0)
(0.85671779 0.043699275 0)
(0.85671779 0.043699275 -1.9877238e-21)
(0.85671779 0.043699275 -2.0950794e-21)
(0.85671779 0.043699275 0)
(0.85671779 0.043699275 -2.3487924e-21)
(0.85671779 0.043699275 -1.4097971e-21)
(0.85671779 0.043699275 1.4629662e-21)
(0.85671779 0.043699275 0)
(0.85671779 0.043699275 1.5823173e-21)
(0.85671779 0.043699275 1.649606e-21)
(0.85671779 0.043699275 1.7228719e-21)
(0.85671779 0.043699275 1.8029483e-21)
(0.85671779 0.043699275 0)
(0.85671779 0.043699275 8.5514011e-34)
(0.85671779 0.043699275 0)
(0.85671779 0.043699275 0)
(0.85671779 0.043699275 0)
(0.85671779 0.043699275 0)
(0.85671779 0.043699275 3.0530348e-22)
(0.85671779 0.043699275 -3.0530303e-22)
(0.85671779 0.043699275 0)
(0.85671779 0.043699275 0)
(0.85671779 0.043699275 0)
(0.85671779 0.043699275 0)
(0.85671779 0.043699275 0)
(0.85671779 0.043699275 0)
(0.85671779 0.043699275 -1.2211995e-21)
(0.85671779 0.043699275 1.2211977e-21)
(0.85671779 0.043699275 0)
(0.85671779 0.043699275 0)
(0.85671779 0.043699275 0)
(0.85671779 0.043699275 -5.8307343e-22)
(0.85671779 0.043699275 2.9153632e-22)
(0.85671779 0.043699275 0)
(0.85671779 0.043699275 0)
(0.85671779 0.043699275 0)
(0.85671779 0.043699275 -5.8306934e-22)
(0.85671779 0.043699275 5.8306852e-22)
(0.85671779 0.043699275 0)
(0.85671779 0.043699275 -5.8306688e-22)
(0.85671779 0.043699275 -5.8306605e-22)
(0.85671779 0.043699275 2.3322609e-21)
(0.85671779 0.043699275 -1.1661288e-21)
(0.85671779 0.043699275 -1.1661272e-21)
(0.85671779 0.043699275 1.1661254e-21)
(0.85671779 0.043699275 0)
(0.85671779 0.043699275 2.7895719e-22)
(0.85671779 0.043699275 2.7895682e-22)
(0.85671779 0.043699275 -1.4339289e-34)
(0.85671779 0.043699275 -4.6591786e-34)
(0.85671779 0.043699275 -5.5791138e-22)
(0.85671779 0.043699275 -5.5791062e-22)
(0.85671779 0.043699275 5.5790987e-22)
(0.85671779 0.043699275 -5.5790912e-22)
(0.85671779 0.043699275 -5.5790836e-22)
(0.85671779 0.043699275 1.1158152e-21)
(0.85671779 0.043699275 0)
(0.85671779 0.043699275 0)
(0.85671779 0.043699275 0)
(0.85671779 0.043699275 2.6741904e-22)
(0.85671779 0.043699275 0)
(0.85671779 0.043699275 0)
(0.85671779 0.043699275 0)
(0.85671779 0.043699275 5.3483531e-22)
(0.85671779 0.043699275 -1.0696692e-21)
(0.85671779 0.043699275 5.3483392e-22)
(0.85671779 0.043699275 0)
(0.85671779 0.043699275 -5.3483254e-22)
(0.85671779 0.043699275 1.6044955e-21)
(0.85671779 0.043699275 -1.5414577e-34)
(0.85671779 0.043699275 -1.0696609e-21)
(0.85671779 0.043699275 0)
(0.85671779 0.043699275 0)
(0.85671779 0.043699275 0)
(0.85671779 0.043699275 -2.5679681e-22)
(0.85671779 0.043699275 2.5679649e-22)
(0.85671779 0.043699275 5.1359234e-22)
(0.85671779 0.043699275 -5.135917e-22)
(0.85671779 0.043699275 5.1359106e-22)
(0.85671779 0.043699275 -5.1359042e-22)
(0.85671779 0.043699275 0)
(0.85671779 0.043699275 -5.1358915e-22)
(0.85671779 0.043699275 -5.1358851e-22)
(0.85671779 0.043699275 2.0543515e-21)
(0.85671779 0.043699275 -1.0271745e-21)
(0.85671779 0.043699275 0)
(0.85671779 0.043699275 0)
(0.85671779 0.043699275 0)
(0.85671779 0.043699275 0)
(0.85671779 0.043699275 0)
(0.85671779 0.043699275 -4.939718e-22)
(0.85671779 0.043699275 4.9397121e-22)
(0.85671779 0.043699275 -4.9397062e-22)
(0.85671779 0.043699275 -3.471479e-34)
(0.85671779 0.043699275 4.9396944e-22)
(0.85671779 0.043699275 -4.9396885e-22)
(0.85671779 0.043699275 -4.9396826e-22)
(0.85671779 0.043699275 9.8793534e-22)
(0.85671779 0.043699275 0)
(0.85671779 0.043699275 0)
(0.85671779 0.043699275 0)
(0.85671779 0.043699275 2.3789843e-22)
(0.85671779 0.043699275 -2.3789815e-22)
(0.85671779 0.043699275 4.7579576e-22)
(0.85671779 0.043699275 -4.7579521e-22)
(0.85671779 0.043699275 0)
(0.85671779 0.043699275 -4.7579412e-22)
(0.85671779 0.043699275 4.7579357e-22)
(0.85671779 0.043699275 0)
(0.85671779 0.043699275 0)
(0.85671779 0.043699275 9.5158385e-22)
(0.85671779 0.043699275 -2.2999332e-34)
(0.85671779 0.043699275 -9.5158166e-22)
(0.85671779 0.043699275 9.5158057e-22)
(0.85671779 0.043699275 1.7178126e-34)
(0.85671779 0.043699275 0)
(0.85671779 0.043699275 -2.2945492e-22)
(0.85671779 0.043699275 2.2945467e-22)
(0.85671779 0.043699275 0)
(0.85671779 0.043699275 0)
(0.85671779 0.043699275 0)
(0.85671779 0.043699275 0)
(0.85671779 0.043699275 0)
(0.85671779 0.043699275 0)
(0.85671779 0.043699275 0)
(0.85671779 0.043699275 0)
(0.85671779 0.043699275 0)
(0.85671779 0.043699275 0)
(0.85671779 0.043699275 -9.1780738e-22)
(0.85671779 0.043699275 0)
(0.85671779 0.043699275 0)
(0.85671779 0.043699275 0)
(0.85671779 0.043699275 4.4317998e-22)
(0.85671779 0.043699275 -4.4317951e-22)
(0.85671779 0.043699275 0)
(0.85671779 0.043699275 0)
(0.85671779 0.043699275 0)
(0.85671779 0.043699275 0)
(0.85671779 0.043699275 8.8635426e-22)
(0.85671779 0.043699275 -8.8800659e-34)
(0.85671779 0.043699275 -8.8635236e-22)
(0.85671779 0.043699275 0)
(0.85671779 0.043699275 0)
(0.85671779 0.043699275 0)
(0.85671779 0.043699275 2.1424725e-22)
(0.85671779 0.043699275 -2.1424702e-22)
(0.85671779 0.043699275 0)
(0.85671779 0.043699275 0)
(0.85671779 0.043699275 0)
(0.85671779 0.043699275 -4.2849227e-22)
(0.85671779 0.043699275 4.2849183e-22)
(0.85671779 0.043699275 -4.2849138e-22)
(0.85671779 0.043699275 4.2849094e-22)
(0.85671779 0.043699275 0)
(0.85671779 0.043699275 -8.5698009e-22)
(0.85671779 0.043699275 4.6620465e-35)
(0.85671779 0.043699275 8.5697826e-22)
(0.85671779 0.043699275 2.0737532e-22)
(0.85671779 0.043699275 2.073751e-22)
(0.85671779 0.043699275 -2.0737489e-22)
(0.85671779 0.043699275 0)
(0.85671779 0.043699275 0)
(0.85671779 0.043699275 0)
(0.85671779 0.043699275 -4.1474812e-22)
(0.85671779 0.043699275 4.1474771e-22)
(0.85671779 0.043699275 0)
(0.85671779 0.043699275 0)
(0.85671779 0.043699275 8.2949292e-22)
(0.85671779 0.043699275 -1.6589842e-21)
(0.85671779 0.043699275 1.6589825e-21)
(0.85671779 0.043699275 3.1311256e-34)
(0.85671779 0.043699275 -4.0186064e-22)
(0.85671779 0.043699275 2.0093012e-22)
(0.85671779 0.043699275 0)
(0.85671779 0.043699275 0)
(0.85671779 0.043699275 -4.0185906e-22)
(0.85671779 0.043699275 4.0185867e-22)
(0.85671779 0.043699275 0)
(0.85671779 0.043699275 0)
(0.85671779 0.043699275 0)
(0.85671779 0.043699275 0)
(0.85671779 0.043699275 -8.0371344e-22)
(0.85671779 0.043699275 1.9246917e-34)
(0.85671779 0.043699275 4.4079592e-35)
(0.85671779 0.043699275 8.0371106e-22)
(0.85671779 0.043699275 -4.5416777e-23)
(0.85671779 0.043699275 0)
(0.85671779 0.043699275 0)
(0.85671779 0.043699275 0)
(0.85671779 0.043699275 0)
(0.85671779 0.043699275 -3.9020764e-23)
(0.85671779 0.043699275 0)
(0.85671779 0.043699275 -3.6939877e-23)
(0.85671779 0.043699275 0)
(0.85671779 0.043699275 -3.5069692e-23)
(0.85671779 0.043699275 0)
(0.85671779 0.043699275 -3.3379748e-23)
(0.85671779 0.043699275 4.5416822e-23)
(0.85671779 0.043699275 8.7950396e-23)
(0.85671779 0.043699275 0)
(0.85671779 0.043699275 -8.2700246e-23)
(0.85671779 0.043699275 8.0303411e-23)
(0.85671779 0.043699275 3.9020797e-23)
(0.85671779 0.043699275 -7.59037e-23)
(0.85671779 0.043699275 3.6939907e-23)
(0.85671779 0.043699275 0)
(0.85671779 0.043699275 3.5069719e-23)
(0.85671779 0.043699275 0)
(0.85671779 0.043699275 3.3379773e-23)
(0.85671779 0.043699275 9.0833737e-23)
(0.85671779 0.043699275 -8.7950484e-23)
(0.85671779 0.043699275 0)
(0.85671779 0.043699275 1.6540065e-22)
(0.85671779 0.043699275 -1.6060697e-22)
(0.85671779 0.043699275 0)
(0.85671779 0.043699275 -3.3708043e-37)
(0.85671779 0.043699275 -7.3879876e-23)
(0.85671779 0.043699275 0)
(0.85671779 0.043699275 -7.0139493e-23)
(0.85671779 0.043699275 6.8407821e-23)
(0.85671779 0.043699275 -6.6759596e-23)
(0.85671779 0.043699275 -9.083383e-23)
(0.85671779 0.043699275 -1.7590114e-22)
(0.85671779 0.043699275 0)
(0.85671779 0.043699275 -8.27004e-23)
(0.85671779 0.043699275 -8.0303556e-23)
(0.85671779 0.043699275 0)
(0.85671779 0.043699275 -7.590383e-23)
(0.85671779 0.043699275 7.3879937e-23)
(0.85671779 0.043699275 0)
(0.85671779 0.043699275 7.0139549e-23)
(0.85671779 0.043699275 6.8407874e-23)
(0.85671779 0.043699275 6.6759646e-23)
(0.85671779 0.043699275 0)
(0.85671779 0.043699275 1.7590132e-22)
(0.85671779 0.043699275 0)
(0.85671779 0.043699275 1.6540096e-22)
(0.85671779 0.043699275 1.6060726e-22)
(0.85671779 0.043699275 1.560836e-22)
(0.85671779 0.043699275 1.5180779e-22)
(0.85671779 0.043699275 0)
(0.85671779 0.043699275 0)
(0.85671779 0.043699275 0)
(0.85671779 0.043699275 -1.3681585e-22)
(0.85671779 0.043699275 0)
(0.85671779 0.043699275 0)
(0.85671779 0.043699275 -1.7590149e-22)
(0.85671779 0.043699275 0)
(0.85671779 0.043699275 -3.3080222e-22)
(0.85671779 0.043699275 0)
(0.85671779 0.043699275 -1.5608374e-22)
(0.85671779 0.043699275 1.5180792e-22)
(0.85671779 0.043699275 0)
(0.85671779 0.043699275 0)
(0.85671779 0.043699275 0)
(0.85671779 0.043699275 0)
(0.85671779 0.043699275 0)
(0.85671779 0.043699275 3.6333644e-22)
(0.85671779 0.043699275 1.7590167e-22)
(0.85671779 0.043699275 0)
(0.85671779 0.043699275 4.9620379e-22)
(0.85671779 0.043699275 0)
(0.85671779 0.043699275 0)
(0.85671779 0.043699275 -1.5180805e-22)
(0.85671779 0.043699275 0)
(0.85671779 0.043699275 0)
(0.85671779 0.043699275 0)
(0.85671779 0.043699275 0)
(0.85671779 0.043699275 0)
(0.85671779 0.043699275 -7.2667362e-22)
(0.85671779 0.043699275 3.5180368e-22)
(0.85671779 0.043699275 -3.4098021e-22)
(0.85671779 0.043699275 -3.3080284e-22)
(0.85671779 0.043699275 0)
(0.85671779 0.043699275 -3.1216803e-22)
(0.85671779 0.043699275 0)
(0.85671779 0.043699275 0)
(0.85671779 0.043699275 0)
(0.85671779 0.043699275 2.8055908e-22)
(0.85671779 0.043699275 2.7363234e-22)
(0.85671779 0.043699275 2.6703939e-22)
(0.85671779 0.043699275 3.6333718e-22)
(0.85671779 0.043699275 -7.0360806e-22)
(0.85671779 0.043699275 6.8196107e-22)
(0.85671779 0.043699275 -3.3080314e-22)
(0.85671779 0.043699275 0)
(0.85671779 0.043699275 3.121683e-22)
(0.85671779 0.043699275 0)
(0.85671779 0.043699275 0)
(0.85671779 0.043699275 2.8784586e-22)
(0.85671779 0.043699275 -2.8055931e-22)
(0.85671779 0.043699275 -2.7363255e-22)
(0.85671779 0.043699275 -2.6703959e-22)
(0.85671779 0.043699275 0)
(0.85671779 0.043699275 3.5180438e-22)
(0.85671779 0.043699275 -3.4098086e-22)
(0.85671779 0.043699275 -1.0309146e-34)
(0.85671779 0.043699275 0)
(0.85671779 0.043699275 0)
(0.85671779 0.043699275 0)
(0.85671779 0.043699275 2.9552123e-22)
(0.85671779 0.043699275 -5.7569218e-22)
(0.85671779 0.043699275 2.8055953e-22)
(0.85671779 0.043699275 -2.7363276e-22)
(0.85671779 0.043699275 2.6703979e-22)
(0.85671779 0.043699275 0)
(0.85671779 0.043699275 0)
(0.85671779 0.043699275 0)
(0.85671779 0.043699275 3.3080376e-22)
(0.85671779 0.043699275 0)
(0.85671779 0.043699275 0)
(0.85671779 0.043699275 0)
(0.85671779 0.043699275 -2.9552147e-22)
(0.85671779 0.043699275 2.8784632e-22)
(0.85671779 0.043699275 -2.8055975e-22)
(0.85671779 0.043699275 2.7363298e-22)
(0.85671779 0.043699275 -2.6703999e-22)
(0.85671779 0.043699275 0)
(0.85671779 0.043699275 -3.5180508e-22)
(0.85671779 0.043699275 0)
(0.85671779 0.043699275 0)
(0.85671779 0.043699275 -3.2121656e-22)
(0.85671779 0.043699275 -3.1216913e-22)
(0.85671779 0.043699275 -3.036174e-22)
(0.85671779 0.043699275 0)
(0.85671779 0.043699275 -2.8784656e-22)
(0.85671779 0.043699275 2.8055997e-22)
(0.85671779 0.043699275 -2.7363319e-22)
(0.85671779 0.043699275 2.6704019e-22)
(0.85671779 0.043699275 0)
(0.85671779 0.043699275 3.5180543e-22)
(0.85671779 0.043699275 0)
(0.85671779 0.043699275 0)
(0.85671779 0.043699275 3.2121685e-22)
(0.85671779 0.043699275 9.3650821e-22)
(0.85671779 0.043699275 -3.0361766e-22)
(0.85671779 0.043699275 0)
(0.85671779 0.043699275 -2.8784679e-22)
(0.85671779 0.043699275 -2.8056019e-22)
(0.85671779 0.043699275 2.736334e-22)
(0.85671779 0.043699275 -2.6704039e-22)
(0.85671779 0.043699275 0)
(0.85671779 0.043699275 0)
(0.85671779 0.043699275 0)
(0.85671779 0.043699275 0)
(0.85671779 0.043699275 0)
(0.85671779 0.043699275 -6.2433935e-22)
(0.85671779 0.043699275 -2.5877234e-33)
(0.85671779 0.043699275 0)
(0.85671779 0.043699275 5.7569404e-22)
(0.85671779 0.043699275 0)
(0.85671779 0.043699275 0)
(0.85671779 0.043699275 0)
(0.85671779 0.043699275 9.2623755e-23)
(0.85671779 0.043699275 -9.2623752e-23)
(0.85671779 0.043699275 0)
(0.85671779 0.043699275 0)
(0.85671779 0.043699275 0)
(0.85671779 0.043699275 4.6311872e-23)
(0.85671779 0.043699275 -4.6311871e-23)
(0.85671779 0.043699275 4.631187e-23)
(0.85671779 0.043699275 -4.6311869e-23)
(0.85671779 0.043699275 -2.3155934e-23)
(0.85671779 0.043699275 2.3155933e-23)
(0.85671779 0.043699275 0)
(0.85671779 0.043699275 0)
(0.85671779 0.043699275 9.3157592e-23)
(0.85671779 0.043699275 0)
(0.85671779 0.043699275 0)
(0.85671779 0.043699275 -9.3157586e-23)
(0.85671779 0.043699275 9.3157584e-23)
(0.85671779 0.043699275 -4.6578791e-23)
(0.85671779 0.043699275 4.657879e-23)
(0.85671779 0.043699275 0)
(0.85671779 0.043699275 0)
(0.85671779 0.043699275 0)
(0.85671779 0.043699275 1.1644696e-23)
(0.85671779 0.043699275 -1.1644696e-23)
(0.85671779 0.043699275 0)
(0.85671779 0.043699275 0)
(0.85671779 0.043699275 0)
(0.85671779 0.043699275 0)
(0.85671779 0.043699275 0)
(0.85671779 0.043699275 -4.6848805e-23)
(0.85671779 0.043699275 4.6848804e-23)
(0.85671779 0.043699275 0)
(0.85671779 0.043699275 -4.6848802e-23)
(0.85671779 0.043699275 4.68488e-23)
(0.85671779 0.043699275 0)
(0.85671779 0.043699275 0)
(0.85671779 0.043699275 0)
(0.85671779 0.043699275 0)
(0.85671779 0.043699275 0)
(0.85671779 0.043699275 -9.4243942e-23)
(0.85671779 0.043699275 9.424394e-23)
(0.85671779 0.043699275 0)
(0.85671779 0.043699275 4.7121968e-23)
(0.85671779 0.043699275 -9.4243933e-23)
(0.85671779 0.043699275 4.7121965e-23)
(0.85671779 0.043699275 0)
(0.85671779 0.043699275 -2.3560982e-23)
(0.85671779 0.043699275 2.3560981e-23)
(0.85671779 0.043699275 0)
(0.85671779 0.043699275 0)
(0.85671779 0.043699275 0)
(0.85671779 0.043699275 0)
(0.85671779 0.043699275 -9.4796675e-23)
(0.85671779 0.043699275 9.4796672e-23)
(0.85671779 0.043699275 -9.479667e-23)
(0.85671779 0.043699275 1.42195e-22)
(0.85671779 0.043699275 -4.7398333e-23)
(0.85671779 0.043699275 0)
(0.85671779 0.043699275 4.739833e-23)
(0.85671779 0.043699275 -4.7398329e-23)
(0.85671779 0.043699275 0)
(0.85671779 0.043699275 0)
(0.85671779 0.043699275 0)
(0.85671779 0.043699275 0)
(0.85671779 0.043699275 0)
(0.85671779 0.043699275 0)
(0.85671779 0.043699275 0)
(0.85671779 0.043699275 0)
(0.85671779 0.043699275 0)
(0.85671779 0.043699275 4.767796e-23)
(0.85671779 0.043699275 -4.7677959e-23)
(0.85671779 0.043699275 0)
(0.85671779 0.043699275 0)
(0.85671779 0.043699275 0)
(0.85671779 0.043699275 -1.1919489e-23)
(0.85671779 0.043699275 1.7879232e-23)
(0.85671779 0.043699275 -5.9597439e-24)
(0.85671779 0.043699275 9.5921824e-23)
(0.85671779 0.043699275 0)
(0.85671779 0.043699275 -9.5921819e-23)
(0.85671779 0.043699275 9.5921817e-23)
(0.85671779 0.043699275 4.7960907e-23)
(0.85671779 0.043699275 2.6824926e-34)
(0.85671779 0.043699275 -4.7960905e-23)
(0.85671779 0.043699275 0)
(0.85671779 0.043699275 -2.3980451e-23)
(0.85671779 0.043699275 2.3980451e-23)
(0.85671779 0.043699275 0)
(0.85671779 0.043699275 -5.9951124e-24)
(0.85671779 0.043699275 5.9951122e-24)
(0.85671779 0.043699275 0)
(0.85671779 0.043699275 0)
(0.85671779 0.043699275 0)
(0.85671779 0.043699275 0)
(0.85671779 0.043699275 0)
(0.85671779 0.043699275 0)
(0.85671779 0.043699275 0)
(0.85671779 0.043699275 0)
(0.85671779 0.043699275 0)
(0.85671779 0.043699275 2.4123613e-23)
(0.85671779 0.043699275 -2.4123612e-23)
(0.85671779 0.043699275 0)
(0.85671779 0.043699275 0)
(0.85671779 0.043699275 9.7074e-23)
(0.85671779 0.043699275 0)
(0.85671779 0.043699275 0)
(0.85671779 0.043699275 -9.7073993e-23)
(0.85671779 0.043699275 1.4561099e-22)
(0.85671779 0.043699275 -4.8536994e-23)
(0.85671779 0.043699275 0)
(0.85671779 0.043699275 4.8536992e-23)
(0.85671779 0.043699275 -2.4268495e-23)
(0.85671779 0.043699275 -2.4268495e-23)
(0.85671779 0.043699275 -1.2134247e-23)
(0.85671779 0.043699275 1.2134247e-23)
(0.85671779 0.043699275 0)
(0.85671779 0.043699275 0)
(0.85671779 0.043699275 0)
(0.85671779 0.043699275 0)
(0.85671779 0.043699275 0)
(0.85671779 0.043699275 0)
(0.85671779 0.043699275 0)
(0.85671779 0.043699275 0)
(0.85671779 0.043699275 0)
(0.85671779 0.043699275 0)
(0.85671779 0.043699275 0)
(0.85671779 0.043699275 -1.2207563e-23)
(0.85671779 0.043699275 6.1037815e-24)
(0.85671779 0.043699275 6.1037813e-24)
(0.85671779 0.043699275 9.8254193e-23)
(0.85671779 0.043699275 0)
(0.85671779 0.043699275 -9.8254188e-23)
(0.85671779 0.043699275 1.9650837e-22)
(0.85671779 0.043699275 -1.4738127e-22)
(0.85671779 0.043699275 4.912709e-23)
(0.85671779 0.043699275 0)
(0.85671779 0.043699275 -4.9127088e-23)
(0.85671779 0.043699275 7.369063e-23)
(0.85671779 0.043699275 -2.4563542e-23)
(0.85671779 0.043699275 0)
(0.85671779 0.043699275 0)
(0.85671779 0.043699275 0)
(0.85671779 0.043699275 9.8855116e-23)
(0.85671779 0.043699275 0)
(0.85671779 0.043699275 0)
(0.85671779 0.043699275 -9.8855108e-23)
(0.85671779 0.043699275 1.4828266e-22)
(0.85671779 0.043699275 -4.9427551e-23)
(0.85671779 0.043699275 0)
(0.85671779 0.043699275 4.9427549e-23)
(0.85671779 0.043699275 -2.4713774e-23)
(0.85671779 0.043699275 -2.4713773e-23)
(0.85671779 0.043699275 -1.2356886e-23)
(0.85671779 0.043699275 6.1784429e-24)
(0.85671779 0.043699275 6.1784429e-24)
(0.85671779 0.043699275 9.9463434e-23)
(0.85671779 0.043699275 -9.9463432e-23)
(0.85671779 0.043699275 0)
(0.85671779 0.043699275 0)
(0.85671779 0.043699275 0)
(0.85671779 0.043699275 0)
(0.85671779 0.043699275 0)
(0.85671779 0.043699275 4.9731708e-23)
(0.85671779 0.043699275 -4.9731707e-23)
(0.85671779 0.043699275 2.4865853e-23)
(0.85671779 0.043699275 -1.2432926e-23)
(0.85671779 0.043699275 -6.2164629e-24)
(0.85671779 0.043699275 -6.2164628e-24)
(0.85671779 0.043699275 0)
(0.85671779 0.043699275 1.0007929e-22)
(0.85671779 0.043699275 -1.0007928e-22)
(0.85671779 0.043699275 0)
(0.85671779 0.043699275 0)
(0.85671779 0.043699275 0)
(0.85671779 0.043699275 0)
(0.85671779 0.043699275 0)
(0.85671779 0.043699275 0)
(0.85671779 0.043699275 0)
(0.85671779 0.043699275 0)
(0.85671779 0.043699275 -1.2509908e-23)
(0.85671779 0.043699275 1.2509907e-23)
(0.85671779 0.043699275 0)
)
;

boundaryField
{
    Side
    {
        type            empty;
    }
    Inlet
    {
        type            inletOutlet;
        inletValue      uniform (0.85671779 0.043699275 0);
        value           nonuniform List<vector> 
28
(
(0.85671779 0.043699275 0)
(0.85671779 0.043699275 0)
(0.85671779 0.043699275 0)
(0.85671779 0.043699275 0)
(0.85671779 0.043699275 0)
(0.85671779 0.043699275 0)
(0.85671779 0.043699275 0)
(0.85671779 0.043699275 0)
(0.85671779 0.043699275 0)
(0.85671779 0.043699275 0)
(0.85671779 0.043699275 0)
(0.85671779 0.043699275 0)
(0.85671779 0.043699275 0)
(0.85671779 0.043699275 0)
(0.85671779 0.043699275 0)
(0.85671779 0.043699275 1.0007929e-22)
(0.85671779 0.043699275 -1.0007928e-22)
(0.85671779 0.043699275 0)
(0.85671779 0.043699275 0)
(0.85671779 0.043699275 0)
(0.85671779 0.043699275 0)
(0.85671779 0.043699275 0)
(0.85671779 0.043699275 0)
(0.85671779 0.043699275 0)
(0.85671779 0.043699275 0)
(0.85671779 0.043699275 -1.2509908e-23)
(0.85671779 0.043699275 1.2509907e-23)
(0.85671779 0.043699275 0)
)
;
    }
    Airfoil
    {
        type            noSlip;
    }
    Outlet
    {
        type            zeroGradient;
    }
    Flap
    {
        type            noSlip;
    }
    procBoundary7to6
    {
        type            processor;
        value           nonuniform List<vector> 
120
(
(0.85671779 0.043699275 0)
(0.85671779 0.043699275 0)
(0.85671779 0.043699275 2.422517e-21)
(0.85671779 0.043699275 -2.422498e-21)
(0.85671779 0.043699275 0)
(0.85671779 0.043699275 0)
(0.85671779 0.043699275 0)
(0.85671779 0.043699275 0)
(0.85671779 0.043699275 1.2112017e-21)
(0.85671779 0.043699275 -1.2111922e-21)
(0.85671779 0.043699275 0)
(0.85671779 0.043699275 3.0279333e-22)
(0.85671779 0.043699275 -3.0279096e-22)
(0.85671779 0.043699275 3.027886e-22)
(0.85671779 0.043699275 -3.027864e-22)
(0.85671779 0.043699275 0)
(0.85671779 0.043699275 0)
(0.85671779 0.043699275 -9.4193583e-23)
(0.85671779 0.043699275 -9.4736469e-23)
(0.85671779 0.043699275 -9.5285648e-23)
(0.85671779 0.043699275 0)
(0.85671779 0.043699275 9.6403332e-23)
(0.85671779 0.043699275 0)
(0.85671779 0.043699275 0)
(0.85671779 0.043699275 -9.8129902e-23)
(0.85671779 0.043699275 0)
(0.85671779 0.043699275 1.5992488e-34)
(0.85671779 0.043699275 0)
(0.85671779 0.043699275 1.0053055e-22)
(0.85671779 0.043699275 0)
(0.85671779 0.043699275 0)
(0.85671779 0.043699275 4.5738029e-23)
(0.85671779 0.043699275 4.5738029e-23)
(0.85671779 0.043699275 -4.5737974e-23)
(0.85671779 0.043699275 0)
(0.85671779 0.043699275 0)
(0.85671779 0.043699275 0)
(0.85671779 0.043699275 3.6590206e-22)
(0.85671779 0.043699275 -3.6590163e-22)
(0.85671779 0.043699275 3.659012e-22)
(0.85671779 0.043699275 -7.3180153e-22)
(0.85671779 0.043699275 3.6590033e-22)
(0.85671779 0.043699275 0)
(0.85671779 0.043699275 -7.3179894e-22)
(0.85671779 0.043699275 7.3179808e-22)
(0.85671779 0.043699275 0)
(0.85671779 0.043699275 5.0002117e-21)
(0.85671779 0.043699275 -5.0002138e-21)
(0.85671779 0.043699275 -5.000224e-21)
(0.85671779 0.043699275 4.6076412e-35)
(0.85671779 0.043699275 5.0002442e-21)
(0.85671779 0.043699275 0)
(0.85671779 0.043699275 0)
(0.85671779 0.043699275 0)
(0.85671779 0.043699275 0)
(0.85671779 0.043699275 5.0002946e-21)
(0.85671779 0.043699275 -5.0003046e-21)
(0.85671779 0.043699275 0)
(0.85671779 0.043699275 5.0003246e-21)
(0.85671779 0.043699275 -5.000335e-21)
(0.85671779 0.043699275 0)
(0.85671779 0.043699275 1.2817173e-21)
(0.85671779 0.043699275 2.6724844e-21)
(0.85671779 0.043699275 -3.3408953e-34)
(0.85671779 0.043699275 -2.0864232e-33)
(0.85671779 0.043699275 -2.7000015e-35)
(0.85671779 0.043699275 -2.6724614e-21)
(0.85671779 0.043699275 0)
(0.85671779 0.043699275 2.6724499e-21)
(0.85671779 0.043699275 -2.6724441e-21)
(0.85671779 0.043699275 -2.6724384e-21)
(0.85671779 0.043699275 5.3448652e-21)
(0.85671779 0.043699275 -2.6724268e-21)
(0.85671779 0.043699275 0)
(0.85671779 0.043699275 0)
(0.85671779 0.043699275 0)
(0.85671779 0.043699275 0)
(0.85671779 0.043699275 -3.2043534e-22)
(0.85671779 0.043699275 3.2043484e-22)
(0.85671779 0.043699275 -6.4086869e-22)
(0.85671779 0.043699275 6.4086769e-22)
(0.85671779 0.043699275 6.408667e-22)
(0.85671779 0.043699275 -6.408657e-22)
(0.85671779 0.043699275 0)
(0.85671779 0.043699275 0)
(0.85671779 0.043699275 0)
(0.85671779 0.043699275 0)
(0.85671779 0.043699275 -1.2817215e-21)
(0.85671779 0.043699275 1.2817195e-21)
(0.85671779 0.043699275 1.2817173e-21)
(0.85671779 0.043699275 3.2594416e-23)
(0.85671779 0.043699275 3.2594416e-23)
(0.85671779 0.043699275 -9.7783318e-23)
(0.85671779 0.043699275 6.5188926e-23)
(0.85671779 0.043699275 0)
(0.85671779 0.043699275 1.3037804e-22)
(0.85671779 0.043699275 -6.0852401e-35)
(0.85671779 0.043699275 -3.9113471e-22)
(0.85671779 0.043699275 2.6075666e-22)
(0.85671779 0.043699275 2.6075686e-22)
(0.85671779 0.043699275 -2.6075705e-22)
(0.85671779 0.043699275 0)
(0.85671779 0.043699275 -2.6075743e-22)
(0.85671779 0.043699275 2.6075762e-22)
(0.85671779 0.043699275 0)
(0.85671779 0.043699275 -1.3905961e-20)
(0.85671779 0.043699275 0)
(0.85671779 0.043699275 9.3157595e-23)
(0.85671779 0.043699275 0)
(0.85671779 0.043699275 0)
(0.85671779 0.043699275 9.4796679e-23)
(0.85671779 0.043699275 0)
(0.85671779 0.043699275 9.5921826e-23)
(0.85671779 0.043699275 0)
(0.85671779 0.043699275 9.7074003e-23)
(0.85671779 0.043699275 0)
(0.85671779 0.043699275 1.9650839e-22)
(0.85671779 0.043699275 9.8855118e-23)
(0.85671779 0.043699275 0)
(0.85671779 0.043699275 0)
)
;
    }
}


// ************************************************************************* //
