/*--------------------------------*- C++ -*----------------------------------*\
| =========                 |                                                 |
| \\      /  F ield         | OpenFOAM: The Open Source CFD Toolbox           |
|  \\    /   O peration     | Version:  2206                                  |
|   \\  /    A nd           | Website:  www.openfoam.com                      |
|    \\/     M anipulation  |                                                 |
\*---------------------------------------------------------------------------*/
FoamFile
{
    version     2.0;
    format      ascii;
    arch        "LSB;label=32;scalar=64";
    class       volVectorField;
    location    "0.01";
    object      U;
}
// * * * * * * * * * * * * * * * * * * * * * * * * * * * * * * * * * * * * * //

dimensions      [0 1 -1 0 0 0 0];

internalField   nonuniform List<vector> 
1396
(
(0.85671779 0.043699275 -1.1689459e-24)
(0.85671779 0.043699275 3.5068309e-24)
(0.85671779 0.043699275 -2.3378827e-24)
(0.85671779 0.043699275 -4.6757564e-24)
(0.85671779 0.043699275 1.4027242e-23)
(0.85671779 0.043699275 -9.3514767e-24)
(0.85671779 0.043699275 -9.3514587e-24)
(0.85671779 0.043699275 1.8702881e-23)
(0.85671779 0.043699275 -9.3514226e-24)
(0.85671779 0.043699275 1.8702809e-23)
(0.85671779 0.043699275 -1.8702773e-23)
(0.85671779 0.043699275 0)
(0.85671779 0.043699275 1.8702701e-23)
(0.85671779 0.043699275 -1.8702665e-23)
(0.85671779 0.043699275 0)
(0.85671779 0.043699275 -2.3364552e-24)
(0.85671779 0.043699275 2.3364507e-24)
(0.85671779 0.043699275 0)
(0.85671779 0.043699275 0)
(0.85671779 0.043699275 0)
(0.85671779 0.043699275 0)
(0.85671779 0.043699275 0)
(0.85671779 0.043699275 0)
(0.85671779 0.043699275 1.8691353e-23)
(0.85671779 0.043699275 -1.8691317e-23)
(0.85671779 0.043699275 0)
(0.85671779 0.043699275 -1.8691245e-23)
(0.85671779 0.043699275 -9.5477238e-36)
(0.85671779 0.043699275 -1.1675147e-24)
(0.85671779 0.043699275 3.5025373e-24)
(0.85671779 0.043699275 -2.3350203e-24)
(0.85671779 0.043699275 -4.6700317e-24)
(0.85671779 0.043699275 1.4010068e-23)
(0.85671779 0.043699275 -9.3400273e-24)
(0.85671779 0.043699275 -9.3400093e-24)
(0.85671779 0.043699275 9.3399913e-24)
(0.85671779 0.043699275 -9.3399733e-24)
(0.85671779 0.043699275 2.8019866e-23)
(0.85671779 0.043699275 -1.8679875e-23)
(0.85671779 0.043699275 -1.8679839e-23)
(0.85671779 0.043699275 3.8476597e-35)
(0.85671779 0.043699275 1.8679767e-23)
(0.85671779 0.043699275 -1.1668004e-24)
(0.85671779 0.043699275 -1.1667981e-24)
(0.85671779 0.043699275 2.3335918e-24)
(0.85671779 0.043699275 4.6671745e-24)
(0.85671779 0.043699275 -1.4001497e-23)
(0.85671779 0.043699275 1.8668626e-23)
(0.85671779 0.043699275 -9.3342951e-24)
(0.85671779 0.043699275 9.3342771e-24)
(0.85671779 0.043699275 -9.3342591e-24)
(0.85671779 0.043699275 1.8668482e-23)
(0.85671779 0.043699275 -1.8668446e-23)
(0.85671779 0.043699275 0)
(0.85671779 0.043699275 0)
(0.85671779 0.043699275 0)
(0.85671779 0.043699275 -1.166087e-24)
(0.85671779 0.043699275 3.4982542e-24)
(0.85671779 0.043699275 -2.332165e-24)
(0.85671779 0.043699275 0)
(0.85671779 0.043699275 9.3286239e-24)
(0.85671779 0.043699275 -9.3286059e-24)
(0.85671779 0.043699275 -9.328588e-24)
(0.85671779 0.043699275 9.32857e-24)
(0.85671779 0.043699275 0)
(0.85671779 0.043699275 1.8657068e-23)
(0.85671779 0.043699275 -1.8657032e-23)
(0.85671779 0.043699275 1.8656996e-23)
(0.85671779 0.043699275 -3.4744635e-35)
(0.85671779 0.043699275 -1.8656924e-23)
(0.85671779 0.043699275 0)
(0.85671779 0.043699275 -2.3307444e-24)
(0.85671779 0.043699275 2.3307399e-24)
(0.85671779 0.043699275 -4.6614708e-24)
(0.85671779 0.043699275 1.3984385e-23)
(0.85671779 0.043699275 -9.3229057e-24)
(0.85671779 0.043699275 0)
(0.85671779 0.043699275 0)
(0.85671779 0.043699275 -9.3228519e-24)
(0.85671779 0.043699275 2.7968502e-23)
(0.85671779 0.043699275 -1.8645632e-23)
(0.85671779 0.043699275 0)
(0.85671779 0.043699275 -1.864556e-23)
(0.85671779 0.043699275 1.8645524e-23)
(0.85671779 0.043699275 -1.1646628e-24)
(0.85671779 0.043699275 3.4939816e-24)
(0.85671779 0.043699275 -2.3293166e-24)
(0.85671779 0.043699275 -4.6586242e-24)
(0.85671779 0.043699275 1.3975846e-23)
(0.85671779 0.043699275 -9.3172126e-24)
(0.85671779 0.043699275 -9.3171947e-24)
(0.85671779 0.043699275 1.8634354e-23)
(0.85671779 0.043699275 -1.8634318e-23)
(0.85671779 0.043699275 2.7951423e-23)
(0.85671779 0.043699275 -1.8634246e-23)
(0.85671779 0.043699275 0)
(0.85671779 0.043699275 -1.8634174e-23)
(0.85671779 0.043699275 1.8634138e-23)
(0.94295201 0.39477316 -1.2924149e-20)
(0.8718834 0.30064857 -8.5013522e-21)
(0.83851028 0.18329989 0)
(0.96036457 0.40454653 0)
(0.89099764 0.30092049 0)
(0.85481806 0.18263637 6.3536021e-21)
(0.97671704 0.40846622 -1.2499786e-20)
(0.90459527 0.29651547 0)
(0.8635199 0.1799778 -6.3023353e-21)
(0.99278109 0.41299789 2.4629914e-20)
(0.91857614 0.29277395 0)
(0.87312951 0.1777583 0)
(1.0085263 0.41765582 -1.2130201e-20)
(0.93167482 0.28869268 0)
(0.88009962 0.17527144 -6.2182367e-21)
(1.0239508 0.42233325 0)
(0.94424133 0.28466936 8.027618e-21)
(0.88585064 0.1727604 -8.4296405e-24)
(1.0390005 0.42666347 2.3582641e-20)
(0.95622837 0.28051293 7.9532313e-21)
(0.89036751 0.17006735 1.8453192e-20)
(1.0536399 0.43050002 -2.3179586e-20)
(0.96767426 0.27620313 -1.568547e-20)
(0.89380251 0.16728959 -1.2230794e-20)
(1.0680006 0.43457589 0)
(0.97859354 0.27170915 0)
(0.89625875 0.1645353 0)
(1.0823859 0.44041581 0)
(0.9890234 0.26707228 0)
(0.89781609 0.16172926 1.2142808e-20)
(1.0968945 0.44821345 0)
(0.99898465 0.26224345 -1.5172532e-20)
(0.89855124 0.15870255 -1.2082186e-20)
(1.1104024 0.45421886 -2.1754971e-20)
(1.0084006 0.2569278 -1.3938486e-23)
(0.89859527 0.15544069 0)
(1.1204081 0.44980885 4.2950952e-20)
(1.0169447 0.25092207 2.9628982e-20)
(0.89827539 0.15259785 0)
(1.1238777 0.42185394 6.4677273e-22)
(1.0236052 0.24494871 1.9910953e-23)
(0.89822853 0.15109271 0)
(0.85663353 0.088459457 0)
(0.81001651 0.030943031 -8.9625927e-23)
(0.80443849 0.011843445 -1.6561762e-22)
(1.1028827 0.22990867 4.6273997e-22)
(1.0001345 0.0013294424 -8.9918008e-22)
(0.9472312 -0.041746044 -1.3655731e-21)
(0.89036872 -0.097306679 9.7237987e-22)
(0.87052801 -0.058603626 0)
(0.85707222 -0.025561817 0)
(0.8566993 0.012400245 3.6366769e-22)
(0.85847211 0.027784098 -4.799303e-22)
(0.86215123 0.030795251 7.2381017e-22)
(0.8675999 0.027357408 -6.0536051e-22)
(0.87485449 0.022541206 -2.4146023e-22)
(0.88348583 0.019000151 1.2314824e-22)
(0.88926083 0.0079423731 -1.8147849e-22)
(0.88980217 0.017020197 9.1799067e-23)
(1.024642 0.21452108 -1.9109217e-21)
(0.98438969 0.075047225 1.0956259e-21)
(0.95534401 0.0341225 -8.9398089e-22)
(0.90494513 -0.024472421 9.9834161e-22)
(0.88118072 -0.012444125 0)
(0.86338737 0.00058240746 4.9630333e-22)
(0.85929397 0.019129715 -6.3107302e-22)
(0.85987303 0.025089922 0)
(0.86343586 0.021834025 0)
(0.86896654 0.014657786 -1.2248158e-22)
(0.87609696 0.0075275801 2.5036899e-22)
(0.88470645 0.0049826233 -1.2398707e-22)
(0.88896314 -0.0069400372 3.7656404e-22)
(0.88776521 0.0049946842 9.3499266e-23)
(0.90508281 0.13308902 1.1450102e-21)
(0.91214512 0.077126924 -1.2876558e-21)
(0.91484341 0.052595706 0)
(0.89005926 0.023670409 -9.0881725e-22)
(0.87670291 0.022648163 9.0615402e-22)
(0.86440402 0.02270117 -5.1137016e-22)
(0.86046034 0.025626318 5.1703328e-22)
(0.86083386 0.020883153 0)
(0.86434668 0.011751118 -6.3523877e-22)
(0.86979445 0.0013057289 6.4234141e-22)
(0.87661087 -0.0077408294 -2.5554382e-22)
(0.88529077 -0.0081141481 6.4302192e-22)
(0.88837635 -0.020133616 -1.2921397e-22)
(0.88617757 -0.0060159881 -2.5923403e-22)
(0.85704698 0.080963357 1.0532612e-21)
(0.86874578 0.06353364 -9.236531e-22)
(0.87799694 0.049940188 0)
(0.87057437 0.041349175 -1.3338751e-22)
(0.86639627 0.03701951 1.3359244e-22)
(0.86142501 0.032459917 -1.3152277e-22)
(0.85991831 0.025324879 1.3117882e-22)
(0.86106636 0.013944991 6.5256215e-22)
(0.86470618 0.00018575892 -3.9820619e-22)
(0.87004049 -0.012654376 3.9103917e-22)
(0.87641129 -0.02329083 -5.2933092e-22)
(0.88521224 -0.020383553 -1.3315891e-22)
(0.88743468 -0.03203748 2.6310997e-22)
(0.88441959 -0.016223495 -1.3402247e-22)
(0.88165185 -0.026029057 -3.4175452e-26)
(0.85671779 0.043699275 -1.3719907e-21)
(0.85671779 0.043699275 1.7388737e-21)
(0.85671779 0.043699275 -1.410747e-21)
(0.85671779 0.043699275 -7.1547897e-22)
(0.85671779 0.043699275 1.8146956e-21)
(0.85671779 0.043699275 0)
(0.85671779 0.043699275 1.4952216e-21)
(0.85671779 0.043699273 3.7948624e-22)
(0.85671777 0.04369919 -1.7340411e-21)
(0.85671701 0.043695474 1.1741526e-21)
(0.85670628 0.043642053 1.9880916e-22)
(0.85643236 0.042296828 0)
(0.8533717 0.027387765 1.634175e-21)
(0.85339334 0.026630001 -1.8066626e-21)
(0.85671779 0.043699275 0)
(0.85671779 0.043699275 0)
(0.85671779 0.043699275 -1.4105707e-21)
(0.85671779 0.043699275 1.4307226e-21)
(0.85671779 0.043699275 0)
(0.85671779 0.043699275 1.8410054e-21)
(0.85671779 0.043699275 1.1210905e-21)
(0.85671779 0.043699273 -1.8967958e-21)
(0.85671777 0.043699187 3.851957e-22)
(0.85671697 0.043695382 1.7604569e-21)
(0.85670575 0.043641052 -1.9871437e-22)
(0.856422 0.042271498 0)
(0.85327847 0.027237335 1.8245045e-21)
(0.85323766 0.026492864 1.5927746e-21)
(0.85671779 0.043699275 -1.3717063e-21)
(0.85671779 0.043699275 0)
(0.85671779 0.043699275 1.4102346e-21)
(0.85671779 0.043699275 -3.2182243e-21)
(0.85671779 0.043699275 -7.2549487e-22)
(0.85671779 0.043699275 -3.6806591e-22)
(0.85671779 0.043699275 -3.361884e-21)
(0.85671779 0.043699273 1.8959243e-21)
(0.85671777 0.043699185 1.5400004e-21)
(0.85671695 0.043695317 -1.5639847e-21)
(0.8567054 0.043640302 0)
(0.85641383 0.042249926 0)
(0.85319745 0.027099341 -1.8231784e-21)
(0.85312474 0.026353623 1.816537e-21)
(0.85671779 0.043699275 -1.662559e-34)
(0.85671779 0.043699275 -1.0427019e-21)
(0.85671779 0.043699275 -3.524329e-22)
(0.85671779 0.043699275 1.4297466e-21)
(0.85671779 0.043699275 1.4503381e-21)
(0.85671779 0.043699275 -3.6788287e-22)
(0.85671779 0.043699275 1.8666917e-21)
(0.85671779 0.043699273 0)
(0.85671777 0.043699184 -1.5389981e-21)
(0.85671693 0.043695258 0)
(0.8567051 0.043639609 0)
(0.85640613 0.042229444 -2.0050416e-22)
(0.85311927 0.026967611 2.0258477e-21)
(0.85302021 0.026217688 -2.0166689e-21)
(0.85671779 0.043699275 -1.7613503e-21)
(0.85671779 0.043699275 1.4290215e-21)
(0.85671779 0.043699275 0)
(0.85671779 0.043699275 -2.9412934e-21)
(0.85671779 0.043699275 0)
(0.85671779 0.043699273 -1.5147696e-21)
(0.85671777 0.043699182 1.9222983e-21)
(0.85671691 0.043695203 -3.9040552e-22)
(0.85670482 0.043639009 -1.3879454e-21)
(0.85640025 0.042210177 -1.1438713e-24)
(0.85304033 0.026849803 -1.642099e-21)
(0.85286703 0.02612003 -4.1386621e-22)
(0.85671779 0.043699275 -1.071164e-21)
(0.85671779 0.043699275 -1.8108351e-21)
(0.85671779 0.043699275 1.4697116e-21)
(0.85671779 0.043699275 3.7284389e-22)
(0.85671779 0.043699273 -7.5684384e-22)
(0.85671777 0.043699181 -1.1525082e-21)
(0.85671689 0.043695161 -1.5603751e-21)
(0.85670459 0.043638636 1.5847731e-21)
(0.8563979 0.042194979 -1.6093323e-21)
(0.85297115 0.026765063 -1.4359957e-21)
(0.85266596 0.026087973 -2.1382162e-22)
(0.85671779 0.043699275 1.4477972e-21)
(0.85671779 0.043699275 -1.4687916e-21)
(0.85671779 0.043699275 1.8630047e-21)
(0.85671779 0.043699273 1.1344961e-21)
(0.85671777 0.04369918 -1.5355941e-21)
(0.85671688 0.043695138 1.3643351e-21)
(0.85670444 0.043638561 3.957957e-22)
(0.85639873 0.0421855 2.815055e-21)
(0.85292247 0.026720763 1.8295182e-21)
(0.85246877 0.026110941 0)
(0.85671779 0.043699275 -1.4895043e-21)
(0.85671779 0.043699273 0)
(0.85671777 0.04369918 1.5346242e-21)
(0.85671688 0.043695138 -1.9477014e-22)
(0.85670442 0.043638677 1.9782251e-22)
(0.85639898 0.042182627 -1.6069688e-21)
(0.85291046 0.02670643 0)
(0.8524271 0.026107806 1.9923564e-22)
(0.85671779 0.043699273 -2.2657101e-21)
(0.85671777 0.04369918 3.8332209e-22)
(0.85671688 0.043695135 -1.3622091e-21)
(0.85670438 0.043638484 -3.9515555e-22)
(0.85639052 0.042178565 2.0077413e-22)
(0.85290635 0.026660962 1.8997838e-22)
(0.85262639 0.025947599 -2.1328896e-22)
(0.85671777 0.043699179 -1.148373e-21)
(0.85671686 0.043695092 1.1658699e-21)
(0.85670413 0.04363763 0)
(0.8563753 0.042162719 -1.6026332e-21)
(0.85283777 0.026543438 0)
(0.85271907 0.025728179 -1.587445e-21)
(0.85671683 0.043695028 -1.940279e-21)
(0.85670369 0.043637485 0)
(0.85638103 0.042138317 1.6000408e-21)
(0.85268591 0.026486882 0)
(0.8519759 0.025953117 1.3881336e-21)
(0.85670364 0.043639752 1.5773596e-21)
(0.85640971 0.042167143 -1.6016832e-21)
(0.85272471 0.026697735 0)
(0.85069179 0.026926461 1.5936862e-21)
(0.85641182 0.042300574 1.6049828e-21)
(0.85309216 0.027547276 1.9055777e-22)
(0.85358474 0.025083216 -1.9988003e-21)
(0.85140832 0.027302761 -1.6154058e-21)
(0.82470182 0.041259572 -1.5274573e-21)
(0.85671779 0.043699275 0)
(0.85671779 0.043699275 0)
(0.85671779 0.043699275 -1.4910058e-22)
(0.85671779 0.043699275 -1.4359353e-22)
(0.85671779 0.043699275 0)
(0.85671779 0.043699275 -1.8746205e-22)
(0.85671779 0.043699275 2.1109532e-22)
(0.85671779 0.043699275 0)
(0.85671779 0.043699275 2.8226551e-22)
(0.85671779 0.043699275 3.3949549e-22)
(0.85671779 0.043699275 0)
(0.85671779 0.043699275 0)
(0.85671779 0.043699275 -3.388071e-22)
(0.85671779 0.043699275 -1.3273496e-23)
(0.85671779 0.043699275 -1.1204546e-21)
(0.85671779 0.043699275 3.4208523e-21)
(0.89176043 0.026345937 5.3463168e-23)
(0.89115048 0.033653355 1.5908146e-22)
(0.88800511 0.040483946 1.1781933e-24)
(0.88540586 0.045896315 -1.5330444e-22)
(0.88725172 0.050901165 5.0638077e-23)
(0.89241954 0.057147732 0)
(0.89754827 0.064594785 2.9169965e-22)
(0.90193572 0.072943146 -9.4303628e-23)
(0.90665256 0.08237376 -5.675228e-22)
(0.91235805 0.093441299 -6.582361e-22)
(0.91847042 0.10666699 7.3831265e-22)
(0.92458397 0.12228591 -1.8963454e-22)
(0.93215572 0.14121601 0)
(0.94112665 0.16594642 1.8811522e-22)
(0.88857775 0.021025138 -3.1965129e-23)
(0.88719673 0.030973044 -1.2763809e-23)
(0.88578547 0.039781062 6.8412011e-24)
(0.88546452 0.046804503 -4.2975734e-23)
(0.88692194 0.053741622 -4.2068745e-23)
(0.8892449 0.062379451 1.9215647e-22)
(0.8916214 0.072602024 -4.7365559e-22)
(0.8940352 0.083999938 7.437919e-22)
(0.89672013 0.096641985 -4.5893564e-22)
(0.89970898 0.11099653 2.4565232e-24)
(0.90281007 0.1275113 0)
(0.90578686 0.14642656 1.7397028e-22)
(0.90803296 0.16867071 -7.2178426e-22)
(0.90787754 0.19608797 7.0566376e-22)
(0.88181134 0.030756266 2.0547063e-22)
(0.88022204 0.039187159 -1.8309491e-22)
(0.87918601 0.047604914 -6.0473938e-24)
(0.87932133 0.055545799 -5.3668415e-23)
(0.88021655 0.06380107 -5.8456925e-24)
(0.88124261 0.073087 0)
(0.882163 0.083506274 0)
(0.88304602 0.095022706 -2.7296844e-22)
(0.8838868 0.10772676 4.4244266e-22)
(0.88450233 0.12181885 6.2444295e-22)
(0.88458509 0.13750007 -1.3995473e-21)
(0.88380526 0.15486565 6.8601436e-22)
(0.88169734 0.1739057 -6.9405464e-22)
(0.8776024 0.1942642 1.355554e-21)
(0.87315943 0.034500887 2.3948989e-23)
(0.87166636 0.043046464 0)
(0.87053785 0.051115224 0)
(0.86997928 0.058923824 6.9137187e-23)
(0.86969892 0.067032262 -2.2524294e-23)
(0.86925914 0.075703104 4.4239435e-23)
(0.86867729 0.084950587 -1.0867159e-23)
(0.868078 0.09477172 -3.4783334e-22)
(0.86733719 0.10517773 3.4053048e-22)
(0.86629968 0.11620582 -4.1701872e-23)
(0.86482361 0.12772122 0)
(0.86279415 0.13976866 -5.8418177e-22)
(0.85992164 0.15193778 1.3071041e-21)
(0.85553723 0.16344217 -6.5203121e-22)
(0.86605603 0.03720833 1.16096e-22)
(0.86480673 0.044027058 -1.8231936e-22)
(0.86398513 0.050126073 0)
(0.86344214 0.055629909 2.227499e-23)
(0.8630085 0.060863077 6.5775796e-23)
(0.86246962 0.065887893 -1.2863234e-22)
(0.86192745 0.070811661 1.061891e-23)
(0.86147438 0.075781023 0)
(0.86099169 0.080731547 0)
(0.86037275 0.085536242 6.9259122e-22)
(0.85946645 0.090058156 -6.4005328e-22)
(0.85813575 0.094214437 -2.9873174e-24)
(0.85637726 0.097966951 -7.6668607e-23)
(0.85435258 0.10086855 -7.7457633e-22)
(0.86094145 0.037499574 2.2195292e-22)
(0.86001345 0.042473812 1.7665163e-22)
(0.85966272 0.046438867 -1.7488555e-22)
(0.85938633 0.04983723 0)
(0.85913277 0.052785198 0)
(0.85879605 0.055320051 1.652551e-22)
(0.85845093 0.0576375 0)
(0.85814387 0.059905413 -3.2110848e-22)
(0.85780125 0.062068881 3.165219e-22)
(0.85741375 0.064064789 0)
(0.85692139 0.065840171 0)
(0.85629874 0.067332955 -6.858967e-22)
(0.85561253 0.068448723 1.2756983e-21)
(0.85491316 0.068964777 -1.8466247e-21)
(0.8574445 0.030588419 0)
(0.85648105 0.035149761 1.7335545e-22)
(0.85662773 0.038241322 1.6911579e-22)
(0.85668865 0.040875115 1.6755669e-22)
(0.85680782 0.042971617 -1.6436123e-22)
(0.85687873 0.044485964 -1.60219e-22)
(0.85687837 0.045717153 1.5752582e-22)
(0.85682969 0.046882502 0)
(0.85675064 0.047920749 0)
(0.85665415 0.048789466 0)
(0.85653332 0.049479087 0)
(0.85638038 0.049987401 5.9799823e-22)
(0.85619657 0.050304331 -2.1731587e-25)
(0.85603242 0.050363245 7.1745817e-23)
(0.85438285 0.010326764 -3.3788934e-22)
(0.85185679 0.015696555 -1.6582214e-22)
(0.85249008 0.019399368 -3.7799509e-22)
(0.85299677 0.023411185 -1.4080487e-22)
(0.85383788 0.026918964 -6.5651376e-23)
(0.8547133 0.02948146 -2.338127e-22)
(0.85527722 0.031461675 0)
(0.85551194 0.033220369 7.6295165e-23)
(0.85562824 0.034800254 2.9796137e-22)
(0.8557121 0.0362761 -2.9455348e-22)
(0.85579879 0.037674063 0)
(0.85588693 0.038977562 -8.9490658e-24)
(0.85596572 0.040139688 0)
(0.85605545 0.041085479 -5.559594e-22)
(0.85086927 -0.039295328 8.6117449e-23)
(0.84345903 -0.034157164 0)
(0.84351267 -0.027634938 3.1788744e-22)
(0.84432659 -0.01864834 0)
(0.84654566 -0.0096779291 3.0774541e-22)
(0.8493344 -0.0027004124 0)
(0.85143146 0.0027551895 0)
(0.85246234 0.0074163734 -5.1936021e-22)
(0.85297766 0.01155521 4.409779e-22)
(0.85332004 0.015485661 -5.7434595e-22)
(0.85368339 0.019338184 4.9628139e-22)
(0.85410779 0.023079473 0)
(0.85454343 0.026588979 0)
(0.85493539 0.0296858 0)
(0.85325432 -0.084044912 -2.4566548e-22)
(0.83519549 -0.082226205 0)
(0.82945845 -0.07997097 3.3012003e-22)
(0.82814166 -0.070909758 -3.2578755e-22)
(0.83179069 -0.058124238 0)
(0.83800041 -0.044926035 0)
(0.84296753 -0.033649942 1.4312634e-22)
(0.84554116 -0.025180155 -4.4078754e-22)
(0.8467687 -0.018604577 1.4787523e-22)
(0.84746799 -0.012507484 -4.1976166e-22)
(0.84818527 -0.0061612626 6.2854673e-22)
(0.84910602 0.00041922474 0)
(0.85017722 0.0068196787 0)
(0.85120229 0.012599791 0)
(0.85854619 -0.14568327 -6.7070661e-25)
(0.82997801 -0.16304514 0)
(0.81685037 -0.16989622 1.384491e-23)
(0.80905643 -0.16208461 3.0363607e-22)
(0.80999163 -0.14262976 0)
(0.81804125 -0.12094821 -3.0934597e-22)
(0.82792844 -0.10152159 4.4368377e-22)
(0.83482533 -0.087140865 2.8523156e-22)
(0.83813879 -0.075911008 -2.8421389e-22)
(0.83936704 -0.065018711 -2.7917963e-22)
(0.84022419 -0.053281508 0)
(0.84161502 -0.040727209 -1.3760666e-22)
(0.84356966 -0.028123787 6.7474547e-23)
(0.84546528 -0.016183742 5.1866895e-22)
(0.89772841 -0.099532479 4.5730547e-22)
(0.85250967 -0.12288225 0)
(0.8211807 -0.13554009 -2.6474465e-22)
(0.80083106 -0.13577926 -6.3845385e-22)
(0.79375668 -0.12729326 5.9621485e-22)
(0.79997707 -0.11229414 4.3438379e-22)
(0.8127635 -0.095149564 -1.3426935e-22)
(0.82292273 -0.081281881 5.6118213e-22)
(0.82698427 -0.071526724 -2.8013267e-22)
(0.82735326 -0.063568851 2.6991651e-22)
(0.82713863 -0.05519011 1.3420298e-22)
(0.8279085 -0.045591824 7.8811693e-22)
(0.82986545 -0.035205914 -5.2352856e-22)
(0.83217787 -0.02475375 -5.707906e-22)
(0.93232161 -0.074067004 1.4034304e-22)
(0.86981135 -0.12277372 0)
(0.83431972 -0.14613417 -3.7804086e-23)
(0.80798881 -0.15462283 6.2448871e-22)
(0.79436021 -0.1452858 -5.7683382e-22)
(0.79335133 -0.12891541 -2.9022835e-22)
(0.80365195 -0.11024945 2.7758059e-22)
(0.81638836 -0.097445739 -8.2786515e-22)
(0.82361561 -0.089520116 2.7255975e-22)
(0.82557261 -0.082444891 1.3410509e-22)
(0.82530867 -0.074032048 -1.1817888e-21)
(0.82530509 -0.063875928 3.8967038e-22)
(0.82663193 -0.052375588 -6.3505624e-23)
(0.82867105 -0.040156318 6.2297933e-23)
(0.98179401 -0.059704555 -2.7903584e-22)
(0.91449168 -0.084079863 0)
(0.8506118 -0.097090978 5.7238675e-22)
(0.80998786 -0.10057142 1.7969707e-23)
(0.7816427 -0.095913567 -1.7483354e-23)
(0.76816588 -0.082718255 0)
(0.7768855 -0.067885652 0)
(0.79563382 -0.059095392 -2.6586362e-22)
(0.80732529 -0.054001228 2.6143904e-22)
(0.809579 -0.049789014 2.6187191e-22)
(0.80713875 -0.04485608 0)
(0.80453268 -0.038534167 4.9875162e-22)
(0.80395929 -0.03098927 -4.9459234e-22)
(0.80501737 -0.022726612 0)
(0.29277334 -0.16047873 0)
(0.32425435 -0.1053658 3.3242639e-21)
(0.85233893 0.023761929 2.8617039e-22)
(0.82374372 0.054373705 -3.019035e-22)
(0.85764726 0.04245989 1.9260394e-21)
(0.85645684 0.043943184 1.7796614e-21)
(0.85666819 0.043829499 0)
(0.85629212 0.044640053 -7.7031916e-22)
(0.85497331 0.048525306 8.1160034e-24)
(0.85195887 0.06121452 6.771466e-22)
(0.84760853 0.087514679 6.6413153e-22)
(0.84231123 0.1266418 -1.7860068e-21)
(0.83299531 0.17896624 2.9085506e-23)
(0.84958311 0.18913736 0)
(0.37302857 0.1113962 -2.2528707e-22)
(0.24876826 -0.028601772 -1.850038e-21)
(0.85152869 0.031043936 0)
(0.80681744 0.065909432 4.8299037e-22)
(0.85744364 0.042426282 -2.2289789e-21)
(0.85627737 0.044140517 8.3789228e-26)
(0.85662505 0.043901372 1.6000468e-21)
(0.85611169 0.045052466 1.5200192e-21)
(0.85411773 0.050297291 1.4443334e-21)
(0.84919271 0.066394815 2.0346526e-21)
(0.84148543 0.097816327 -6.6264017e-22)
(0.83157953 0.14459023 2.4596161e-21)
(0.8116085 0.22062823 1.2304661e-21)
(0.82682922 0.20982349 1.1843844e-21)
(0.38968805 0.27531002 -6.0128219e-22)
(0.30715753 0.1534397 -1.766984e-21)
(0.85271794 0.042839025 1.5797614e-21)
(0.8026813 0.083123523 0)
(0.8567107 0.043024542 0)
(0.85616452 0.044422814 -1.6961745e-21)
(0.85659039 0.044003881 -8.1225439e-22)
(0.85602385 0.045518577 -1.5590078e-21)
(0.85385971 0.051915795 -2.2383444e-21)
(0.84838516 0.069578123 -1.4569e-21)
(0.83943043 0.10052221 -7.2679539e-22)
(0.82698549 0.14317948 -1.942167e-21)
(0.79799587 0.22535549 -1.2127761e-21)
(0.80208834 0.19586567 0)
(0.44747158 0.43831733 -6.3326655e-22)
(0.33583981 0.26321084 2.299846e-21)
(0.84618998 0.063097286 -2.1537988e-21)
(0.80435758 0.097051153 0)
(0.8554164 0.044761832 0)
(0.85610682 0.044722079 -8.9671731e-22)
(0.85656049 0.044129279 2.5762688e-21)
(0.85597764 0.045970253 -1.6461787e-21)
(0.85386885 0.053131982 -7.9669918e-22)
(0.8485967 0.071342766 7.4458794e-22)
(0.84006352 0.10070262 0)
(0.83018765 0.13549644 1.3617067e-21)
(0.80025239 0.22045515 6.2584064e-22)
(0.79176658 0.1773508 -1.2701574e-21)
(0.52742763 0.5349787 6.7989854e-22)
(0.37293254 0.34612437 6.7102774e-22)
(0.8316253 0.090975246 6.160647e-22)
(0.80824625 0.10775804 -1.0572387e-21)
(0.85382263 0.047463481 2.0110573e-21)
(0.85599066 0.045132719 -9.5928316e-22)
(0.8565358 0.04426251 -9.1250621e-22)
(0.85595491 0.046354494 3.4920134e-21)
(0.85396224 0.053921519 1.6617653e-21)
(0.84908147 0.072071142 -2.3978302e-21)
(0.84104335 0.10025621 -7.5907949e-22)
(0.83431437 0.12631012 -1.431192e-21)
(0.80734049 0.210008 6.6755714e-22)
(0.79154364 0.16109669 -6.6995979e-24)
(0.62105196 0.58704537 0)
(0.43925276 0.41456127 -1.421392e-21)
(0.80950477 0.12358755 -1.27053e-21)
(0.81140487 0.11798664 5.867309e-22)
(0.85204985 0.050734323 1.6093399e-21)
(0.85574267 0.045844473 -2.0378065e-21)
(0.85650673 0.044409427 -1.9344588e-21)
(0.85596079 0.046622407 -1.8456883e-21)
(0.85410664 0.054239235 8.8043137e-22)
(0.84964961 0.071675697 -8.3894937e-22)
(0.8419565 0.098836499 7.9394759e-22)
(0.83674533 0.11592273 7.5451584e-22)
(0.81471932 0.19293925 -7.2056205e-22)
(0.79472187 0.14532113 -6.8159486e-22)
(0.71372791 0.60547683 -7.3589846e-22)
(0.52981385 0.45816764 2.9626934e-21)
(0.78962191 0.16034288 6.7845231e-22)
(0.8114528 0.13349912 -6.1185957e-22)
(0.85002731 0.05501497 -5.7986634e-22)
(0.85530021 0.047096681 -5.3817098e-22)
(0.85645119 0.044587053 1.5306788e-21)
(0.85599441 0.046697554 0)
(0.85428837 0.053931289 9.1531183e-22)
(0.85022747 0.069837945 -9.2492971e-24)
(0.84278433 0.095450084 8.1303863e-22)
(0.83799049 0.10430757 -8.0980678e-22)
(0.8202237 0.17123335 -1.5398438e-23)
(0.79804149 0.12798315 -7.7605549e-24)
(0.79556194 0.58745188 -8.3326231e-22)
(0.62136271 0.47126288 8.0565633e-22)
(0.7804776 0.20374641 -6.422511e-22)
(0.80995153 0.1519159 7.2794648e-22)
(0.84793293 0.060966077 1.21063e-21)
(0.85467286 0.049129765 1.6979138e-21)
(0.85635069 0.044906839 5.3602185e-22)
(0.85605389 0.046530008 -5.0999994e-22)
(0.8545132 0.052887223 -4.8434108e-22)
(0.85084026 0.066382928 -4.6592285e-22)
(0.84364281 0.089431129 4.1104604e-22)
(0.83851711 0.091401602 -1.6700046e-21)
(0.8241179 0.14620274 1.5663604e-21)
(0.80048504 0.10865807 -7.5868893e-22)
(0.85927934 0.53638696 1.7397568e-21)
(0.70400172 0.4604678 0)
(0.78346598 0.24269847 -1.5319025e-21)
(0.80993875 0.1688337 0)
(0.84604519 0.06924621 -1.8827935e-21)
(0.85397798 0.052014874 -2.3554629e-21)
(0.85620468 0.045397211 -5.5721411e-22)
(0.85612557 0.046114521 -5.2815455e-22)
(0.85476097 0.051102895 1.5088097e-21)
(0.85146879 0.061330613 -5.8499732e-24)
(0.84458559 0.080829619 0)
(0.83850676 0.076649523 0)
(0.82693883 0.11870267 0)
(0.8020804 0.087921122 3.9507982e-22)
(0.90410509 0.4658138 -1.4595733e-21)
(0.77210486 0.42787825 -2.1677514e-21)
(0.79628376 0.26880853 4.1944571e-22)
(0.81363466 0.18194894 6.9339212e-22)
(0.84470781 0.078518563 -6.8261108e-22)
(0.85333882 0.055529388 1.2282597e-21)
(0.85603164 0.046052217 1.1585393e-21)
(0.85618351 0.045576843 -1.0215801e-24)
(0.8550038 0.048647106 -1.0392659e-21)
(0.85200779 0.054861846 -7.5224305e-24)
(0.84548971 0.069089156 4.6366834e-22)
(0.83803872 0.059985603 -4.5144814e-22)
(0.82913726 0.089828687 -1.2940361e-21)
(0.80301542 0.06654185 4.0991449e-22)
(0.93287917 0.3894594 -1.4813698e-21)
(0.82529313 0.38804746 1.3984152e-21)
(0.81518988 0.27612296 0)
(0.82103261 0.19072354 3.8825866e-22)
(0.84470691 0.087443642 -3.3423418e-22)
(0.85291578 0.059758724 3.1779173e-22)
(0.85586049 0.046903811 -1.5040694e-21)
(0.85621542 0.044840592 1.1348766e-21)
(0.85519865 0.045538255 0)
(0.85240853 0.047062081 1.2740623e-21)
(0.84628205 0.054591314 -1.9424859e-24)
(0.83727281 0.042306473 -2.3300167e-22)
(0.83105646 0.060240025 8.7605235e-22)
(0.80397019 0.045815553 -2.1288381e-22)
(0.94861427 0.31740412 1.5369942e-21)
(0.86296079 0.33806214 9.6984501e-22)
(0.83555719 0.26753862 0)
(0.82971752 0.19236002 -7.7273266e-22)
(0.84630221 0.094841728 7.0953884e-22)
(0.85287774 0.063805424 -1.3225125e-21)
(0.85566313 0.047895369 1.8589817e-21)
(0.85617957 0.043942288 -2.9278021e-22)
(0.85529626 0.041876028 2.7737578e-22)
(0.85259096 0.038360591 0)
(0.84693142 0.03775925 0)
(0.83647107 0.024538566 0)
(0.83212959 0.031072739 0)
(0.8055187 0.026413455 0)
(0.95269149 0.25372437 0)
(0.88800273 0.28504889 0)
(0.85466095 0.2474294 -1.0891616e-21)
(0.83929271 0.18722644 4.059039e-22)
(0.84899339 0.10031089 5.4441922e-22)
(0.85333502 0.066728529 1.5273529e-21)
(0.85569315 0.048928671 -7.9785697e-22)
(0.85616781 0.043118691 0)
(0.85531479 0.037868545 -5.7189283e-22)
(0.85247094 0.029248842 0)
(0.84720488 0.019252726 5.2311073e-22)
(0.83572833 0.0071183978 0)
(0.83229921 0.0038316686 4.8027027e-22)
(0.80709152 0.0072923215 4.861249e-22)
(0.94821135 0.20158423 2.669042e-22)
(0.90210477 0.2353944 0)
(0.86930339 0.21966084 4.7750544e-22)
(0.84891788 0.17578897 0)
(0.85204286 0.10233777 -3.7744343e-22)
(0.85420111 0.068536411 5.2507146e-22)
(0.85591409 0.04999177 -1.6242574e-22)
(0.85614214 0.042062072 3.0856103e-22)
(0.85517953 0.033398236 5.097199e-22)
(0.85195351 0.019936208 1.0430948e-22)
(0.8467125 -0.00030250986 -8.2822806e-22)
(0.83427333 -0.010259522 2.5719413e-22)
(0.83074976 -0.021230659 -4.8193064e-22)
(0.80636884 -0.0096867239 -4.6255904e-22)
(0.72911784 -0.20550466 2.2718942e-22)
(0.84304501 0.061961845 3.1229659e-23)
(0.81589196 0.02042196 0)
(0.85756384 0.046221047 2.4687435e-22)
(0.85552688 0.043395941 -3.0691983e-23)
(0.85677366 0.043721977 2.7346722e-22)
(0.85674425 0.043718188 0)
(0.85681715 0.043845989 2.0876237e-22)
(0.85685691 0.044556318 5.9082807e-23)
(0.85643001 0.047330431 4.3416983e-22)
(0.8537924 0.054629688 -2.4852011e-22)
(0.84697245 0.066661882 2.6545802e-22)
(0.83891167 0.07770311 -3.0770672e-23)
(0.83426845 0.078976645 8.9092001e-25)
(0.84902941 0.037528049 -2.3319768e-22)
(0.8494713 0.036304167 -2.8539358e-22)
(0.85644507 0.043768659 2.5012481e-22)
(0.85618988 0.04342901 -4.9695955e-22)
(0.85673854 0.043709742 2.7630427e-22)
(0.85670728 0.043697057 -3.0413073e-22)
(0.85671269 0.04369779 2.711516e-22)
(0.85669153 0.04369712 -4.7759703e-22)
(0.85664355 0.043709395 2.3660157e-22)
(0.85658198 0.043809292 -4.3953451e-22)
(0.85658849 0.044300757 -2.903848e-23)
(0.85671322 0.045839945 2.3022107e-22)
(0.85670434 0.049308323 -4.2164324e-22)
(0.85545212 0.055022469 1.4156617e-22)
(0.85621155 0.042680174 2.2363564e-22)
(0.85664454 0.043626671 3.1860481e-23)
(0.85663304 0.043600787 -4.7016961e-22)
(0.85672003 0.043703196 2.48167e-22)
(0.85671408 0.043697152 -5.2236878e-22)
(0.85671807 0.043699384 -3.0437085e-23)
(0.85671793 0.043699399 -4.8243998e-22)
(0.85671821 0.043700491 2.9869435e-23)
(0.85671787 0.043705067 1.2294036e-26)
(0.85671456 0.043718298 -2.9359783e-23)
(0.85670449 0.043747954 2.9065287e-23)
(0.85668072 0.043819196 1.6542001e-25)
(0.85664714 0.043984013 -3.6608845e-25)
(0.85659693 0.044336998 -4.2381518e-22)
(0.85671358 0.043689871 -2.2382924e-22)
(0.85671346 0.043688716 2.5330012e-22)
(0.85671769 0.043699412 2.5080328e-22)
(0.85671726 0.043698598 -3.1048646e-23)
(0.85671783 0.043699318 3.0752585e-22)
(0.85671777 0.043699261 -3.046216e-23)
(0.85671778 0.043699271 2.4141721e-22)
(0.85671776 0.043699277 2.6907686e-22)
(0.85671775 0.043699377 -2.6660545e-22)
(0.85671784 0.043699936 2.3482491e-22)
(0.85671811 0.043702118 0)
(0.85671841 0.043708254 -2.3061151e-22)
(0.85671794 0.043721001 2.2854476e-22)
(0.85671428 0.04374162 2.2649698e-22)
(0.85671779 0.043699298 -2.2399738e-22)
(0.85671776 0.04369924 2.2179684e-22)
(0.85671777 0.043699214 -2.5101619e-22)
(0.85671779 0.043699281 2.1752306e-22)
(0.85671779 0.043699272 -2.4622554e-22)
(0.85671779 0.043699275 2.7438541e-22)
(0.85671779 0.043699275 -3.0201791e-23)
(0.85671779 0.043699277 2.992161e-23)
(0.85671779 0.043699281 0)
(0.85671779 0.043699296 2.9376561e-23)
(0.85671778 0.043699344 -2.9111416e-23)
(0.8567178 0.043699509 0)
(0.85671786 0.043700023 2.8595217e-23)
(0.85671783 0.043701202 2.267515e-22)
(0.85671779 0.043699272 2.8824603e-22)
(0.85671779 0.043699275 -3.8054916e-22)
(0.85671779 0.043699275 1.2561466e-22)
(0.85671779 0.043699275 -3.7321024e-22)
(0.85671779 0.043699275 2.1562678e-22)
(0.85671779 0.043699275 -3.6614902e-22)
(0.85671779 0.043699275 -1.2090589e-22)
(0.85671779 0.043699275 8.9837509e-23)
(0.85671779 0.043699275 -8.9011091e-23)
(0.85671779 0.043699276 -8.8199738e-23)
(0.85671779 0.043699278 -2.9134348e-23)
(0.85671779 0.043699283 -1.4436769e-22)
(0.85671779 0.043699294 -1.1446942e-22)
(0.85671779 0.043699316 -2.836567e-22)
(0.85671779 0.043699275 -1.4898687e-34)
(0.85671779 0.043699275 1.2695858e-22)
(0.85671779 0.043699275 9.429105e-23)
(0.85671779 0.043699275 1.5563513e-22)
(0.85671779 0.043699275 -6.1659003e-23)
(0.85671779 0.043699275 1.5268805e-22)
(0.85671779 0.043699275 1.2100478e-22)
(0.85671779 0.043699275 -1.1988041e-22)
(0.85671779 0.043699275 1.4847092e-22)
(0.85671779 0.043699275 1.176932e-22)
(0.85671779 0.043699275 -8.8633105e-34)
(0.85671779 0.043699275 5.779219e-23)
(0.85671779 0.043699276 1.7183709e-22)
(0.85671779 0.043699276 1.135498e-22)
(0.85671779 0.043699275 -1.2833159e-22)
(0.85671779 0.043699275 -3.1766904e-23)
(0.85671779 0.043699275 1.5728541e-22)
(0.85671779 0.043699275 -1.2461298e-22)
(0.85671779 0.043699275 1.2342088e-22)
(0.85671779 0.043699275 1.2225138e-22)
(0.85671779 0.043699275 -1.2110383e-22)
(0.85671779 0.043699275 0)
(0.85671779 0.043699275 -1.4859021e-22)
(0.85671779 0.043699275 5.8893452e-23)
(0.85671779 0.043699275 8.7540956e-23)
(0.85671779 0.043699275 0)
(0.85671779 0.043699275 -8.5985124e-23)
(0.85671779 0.043699275 -1.7135382e-34)
(0.85671779 0.043699275 1.6055376e-22)
(0.85671779 0.043699275 -3.1794211e-23)
(0.85671779 0.043699275 -2.6411322e-35)
(0.85671779 0.043699275 9.353852e-23)
(0.85671779 0.043699275 -6.1761964e-23)
(0.85671779 0.043699275 -1.529406e-22)
(0.85671779 0.043699275 2.4240608e-22)
(0.85671779 0.043699275 -3.001875e-23)
(0.85671779 0.043699275 1.1896776e-22)
(0.85671779 0.043699275 2.9470188e-23)
(0.85671779 0.043699275 -8.7610075e-23)
(0.85671779 0.043699275 5.7882633e-23)
(0.85671779 0.043699275 1.7210361e-22)
(0.85671779 0.043699275 -5.6862185e-23)
(0.85671779 0.043699275 6.4277307e-23)
(0.85671779 0.043699275 0)
(0.85671779 0.043699275 -1.5755341e-22)
(0.85671779 0.043699275 9.361744e-23)
(0.85671779 0.043699275 -6.1813574e-23)
(0.85671779 0.043699275 0)
(0.85671779 0.043699275 -1.5162802e-22)
(0.85671779 0.043699275 6.0086267e-23)
(0.85671779 0.043699275 -8.00723e-36)
(0.85671779 0.043699275 7.6818765e-36)
(0.85671779 0.043699275 -8.7679304e-23)
(0.85671779 0.043699275 -5.792796e-23)
(0.85671779 0.043699275 2.8706197e-23)
(0.85671779 0.043699275 5.812401e-36)
(0.85671779 0.043699275 1.9327391e-35)
(0.85671779 0.043699275 3.1848967e-23)
(0.85671779 0.043699275 -6.3075099e-23)
(0.85671779 0.043699275 1.5561991e-35)
(0.85671779 0.043699275 1.2500533e-35)
(0.85671779 0.043699275 6.1277593e-23)
(0.85671779 0.043699275 9.1051466e-23)
(0.85671779 0.043699275 -6.0135112e-23)
(0.85671779 0.043699275 -5.9579699e-23)
(0.85671779 0.043699275 1.7710335e-22)
(0.85671779 0.043699275 8.7748642e-23)
(0.85671779 0.043699275 -1.449334e-22)
(0.85671779 0.043699275 1.1491398e-22)
(0.85671779 0.043699275 2.8474869e-23)
(0.85671779 0.043699275 -3.2194603e-23)
(0.85671779 0.043699275 -1.2750566e-22)
(0.85671779 0.043699275 6.3128928e-23)
(0.85671779 0.043699275 -3.1258559e-23)
(0.85671779 0.043699275 9.2875579e-23)
(0.85671779 0.043699275 -6.1328397e-23)
(0.85671779 0.043699275 -3.0375414e-23)
(0.85671779 0.043699275 -9.0276056e-23)
(0.85671779 0.043699275 1.1925545e-22)
(0.85671779 0.043699275 -8.8622402e-23)
(0.85671779 0.043699275 -2.9272696e-23)
(0.85671779 0.043699275 2.9009415e-23)
(0.85671779 0.043699275 -8.6252479e-23)
(0.85671779 0.043699275 -8.5490424e-23)
(0.85671779 0.043699275 3.2222651e-23)
(0.85671779 0.043699275 -1.5951956e-23)
(0.85671779 0.043699275 0)
(0.85671779 0.043699275 -4.6927498e-23)
(0.85671779 0.043699275 -1.549223e-23)
(0.85671779 0.043699275 -4.6034463e-23)
(0.85671779 0.043699275 -4.5600571e-23)
(0.85671779 0.043699275 -4.5174782e-23)
(0.85671779 0.043699275 1.4918957e-23)
(0.85671779 0.043699275 2.9564414e-23)
(0.85671779 0.043699275 -4.3943824e-23)
(0.85671779 0.043699275 -1.4516092e-23)
(0.85671779 0.043699275 2.8773193e-23)
(0.85671779 0.043699275 -4.2778171e-23)
(0.85671779 0.043699275 -3.2250748e-23)
(0.85671779 0.043699275 1.5965728e-23)
(0.85671779 0.043699275 0)
(0.85671779 0.043699275 4.6967227e-23)
(0.85671779 0.043699275 -4.6515659e-23)
(0.85671779 0.043699275 4.6072693e-23)
(0.85671779 0.043699275 1.5212694e-23)
(0.85671779 0.043699275 -1.5070532e-23)
(0.85671779 0.043699275 4.4793007e-23)
(0.85671779 0.043699275 0)
(0.85671779 0.043699275 4.3978659e-23)
(0.85671779 0.043699275 -4.3582488e-23)
(0.85671779 0.043699275 5.7591189e-23)
(0.85671779 0.043699275 -1.4270394e-23)
(0.85298707 0.027776114 -2.2077472e-22)
(0.85489424 0.027037383 2.4062055e-22)
(0.85668079 0.043346145 -2.4226648e-22)
(0.85671454 0.043649543 2.7324569e-22)
(0.85671777 0.043698887 5.8883471e-31)
(0.85671779 0.043699269 -3.0471325e-23)
(0.85671779 0.043699275 1.5266439e-23)
(0.85671779 0.043699275 -1.223787e-22)
(0.85671779 0.043699275 3.5252931e-22)
(0.85671779 0.043699275 -2.6106054e-22)
(0.85671779 0.043699275 -2.4617208e-22)
(0.85671779 0.043699275 2.466419e-22)
(0.85671779 0.043699275 -1.5444595e-23)
(0.85671779 0.043699275 5.106481e-22)
(0.8507981 0.02856457 -2.6028685e-22)
(0.85525178 0.027436871 -2.4051009e-22)
(0.85666578 0.0433354 7.3575091e-24)
(0.85671477 0.043653585 1.10572e-22)
(0.85671777 0.043698863 -1.1079071e-22)
(0.85671779 0.043699272 1.4801212e-23)
(0.85671779 0.043699275 1.4830517e-23)
(0.85671779 0.043699275 7.4299507e-24)
(0.85671779 0.043699275 2.2332698e-23)
(0.85671779 0.043699275 2.6103412e-22)
(0.85671779 0.043699275 -2.3910575e-22)
(0.85671779 0.043699275 0)
(0.85671779 0.043699275 1.5000171e-23)
(0.85671779 0.043699275 0)
(0.82174014 -0.0097774303 4.6495938e-22)
(0.85523507 0.030077036 -1.7093383e-23)
(0.85655055 0.043021197 -2.4163058e-22)
(0.8567143 0.043675314 -1.4592537e-23)
(0.85671776 0.04369894 -1.0907194e-22)
(0.85671779 0.043699273 -1.1638717e-22)
(0.85671779 0.043699275 2.0983014e-35)
(0.85671779 0.043699275 1.7053445e-35)
(0.85671779 0.043699275 -7.2825711e-24)
(0.85671779 0.043699275 -7.2848089e-24)
(0.85671779 0.043699275 7.2865454e-24)
(0.85671779 0.043699275 -4.664501e-22)
(0.85671779 0.043699275 4.6656134e-22)
(0.85671779 0.043699275 4.7396441e-22)
(0.85671779 0.043699275 1.3140228e-21)
(0.85671779 0.043699275 -1.3409231e-21)
(0.85671779 0.043699275 -1.3140226e-21)
(0.85671779 0.043699275 0)
(0.85671779 0.043699275 1.3689477e-21)
(0.85671779 0.043699275 0)
(0.85671779 0.043699275 0)
(0.85671779 0.043699275 -1.3409227e-21)
(0.85671779 0.043699275 0)
(0.85671779 0.043699275 0)
(0.85671779 0.043699275 0)
(0.85671779 0.043699275 0)
(0.85671779 0.043699275 1.4297696e-33)
(0.85671779 0.043699275 0)
(0.85671779 0.043699275 0)
(0.85671779 0.043699275 1.4286643e-21)
(0.85671779 0.043699275 -9.0787956e-34)
(0.85671779 0.043699275 1.4938289e-21)
(0.85671779 0.043699275 0)
(0.85671779 0.043699275 1.3409223e-21)
(0.85671779 0.043699275 0)
(0.85671779 0.043699275 0)
(0.85671779 0.043699275 -1.428664e-21)
(0.85671779 0.043699275 7.0194855e-34)
(0.85671779 0.043699275 -1.4938287e-21)
(0.85671779 0.043699275 0)
(0.85671779 0.043699275 0)
(0.85671779 0.043699275 0)
(0.85671779 0.043699275 0)
(0.85671779 0.043699275 0)
(0.85671779 0.043699275 0)
(0.85671779 0.043699275 5.6136417e-34)
(0.85671779 0.043699275 0)
(0.85671779 0.043699275 0)
(0.85671779 0.043699275 0)
(0.85671779 0.043699275 0)
(0.85671779 0.043699275 0)
(0.85671779 0.043699275 0)
(0.85671779 0.043699275 -1.3689466e-21)
(0.85671779 0.043699275 0)
(0.85671779 0.043699275 -1.4286636e-21)
(0.85671779 0.043699275 1.8712136e-34)
(0.85671779 0.043699275 -1.4938282e-21)
(0.85671779 0.043699275 -1.5286917e-21)
(0.85671779 0.043699275 0)
(0.85671779 0.043699275 0)
(0.85671779 0.043699275 0)
(0.85671779 0.043699275 0)
(0.85671779 0.043699275 0)
(0.85671779 0.043699275 1.3689464e-21)
(0.85671779 0.043699275 0)
(0.85671779 0.043699275 1.4286633e-21)
(0.85671779 0.043699275 -5.9833422e-34)
(0.85671779 0.043699275 1.4938279e-21)
(0.85671779 0.043699275 1.5286915e-21)
(0.85671779 0.043699275 0)
(0.85671779 0.043699275 0)
(0.85671779 0.043699275 0)
(0.85671779 0.043699275 3.3721889e-21)
(0.85671779 0.043699275 0)
(0.85671779 0.043699275 0)
(0.85671779 0.043699275 0)
(0.85671779 0.043699275 0)
(0.85671779 0.043699275 0)
(0.85671779 0.043699275 4.1186143e-35)
(0.85671779 0.043699275 0)
(0.85671779 0.043699275 0)
(0.85671779 0.043699275 0)
(0.85671779 0.043699275 0)
(0.85671779 0.043699275 0)
(0.85671779 0.043699275 -1.6860941e-21)
(0.85671779 0.043699275 0)
(0.85671779 0.043699275 -1.314021e-21)
(0.85671779 0.043699275 0)
(0.85671779 0.043699275 -1.368946e-21)
(0.85671779 0.043699275 -1.3981671e-21)
(0.85671779 0.043699275 -1.4286628e-21)
(0.85671779 0.043699275 -2.9210373e-21)
(0.85671779 0.043699275 -1.4938274e-21)
(0.85671779 0.043699275 -1.5286909e-21)
(0.85671779 0.043699275 0)
(0.85671779 0.043699275 -1.603539e-21)
(0.85671779 0.043699275 -1.6437805e-21)
(0.85671779 0.043699275 0)
(0.85671779 0.043699275 0)
(0.85671779 0.043699275 -3.5552206e-21)
(0.85671779 0.043699275 1.3140208e-21)
(0.85671779 0.043699275 0)
(0.85671779 0.043699275 1.3689457e-21)
(0.85671779 0.043699275 1.3981668e-21)
(0.85671779 0.043699275 1.4286626e-21)
(0.85671779 0.043699275 1.4605184e-21)
(0.85671779 0.043699275 1.4938271e-21)
(0.85671779 0.043699275 1.5286907e-21)
(0.85671779 0.043699275 0)
(0.85671779 0.043699275 1.6035387e-21)
(0.85671779 0.043699275 1.6437802e-21)
(0.85671779 0.043699275 -3.3721869e-21)
(0.85671779 0.043699275 -3.4612854e-21)
(0.85671779 0.043699275 5.3328297e-21)
(0.85671779 0.043699275 0)
(0.85671779 0.043699275 0)
(0.85671779 0.043699275 0)
(0.85671779 0.043699275 0)
(0.85671779 0.043699275 0)
(0.85671779 0.043699275 0)
(0.85671779 0.043699275 0)
(0.85671779 0.043699275 0)
(0.85671779 0.043699275 0)
(0.85671779 0.043699275 0)
(0.85671779 0.043699275 0)
(0.85671779 0.043699275 2.9389449e-33)
(0.85671779 0.043699275 5.5336291e-35)
(0.85671779 0.043699275 -3.5552191e-21)
(0.85671779 0.043699275 0)
(0.85671779 0.043699275 0)
(0.85671779 0.043699275 0)
(0.85671779 0.043699275 0)
(0.85671779 0.043699275 0)
(0.85671779 0.043699275 0)
(0.85671779 0.043699275 0)
(0.85671779 0.043699275 0)
(0.85671779 0.043699275 0)
(0.85671779 0.043699275 0)
(0.85671779 0.043699275 0)
(0.85671779 0.043699275 1.9456934e-33)
(0.85671779 0.043699275 -4.9326145e-33)
(0.85671779 0.043699275 0)
(0.85671779 0.043699275 0)
(0.85671779 0.043699275 0)
(0.85671779 0.043699275 0)
(0.85671779 0.043699275 0)
(0.85671779 0.043699275 0)
(0.85671779 0.043699275 -2.9210353e-21)
(0.85671779 0.043699275 0)
(0.85671779 0.043699275 0)
(0.85671779 0.043699275 0)
(0.85671779 0.043699275 0)
(0.85671779 0.043699275 0)
(0.85671779 0.043699275 3.3721849e-21)
(0.85671779 0.043699275 6.9225665e-21)
(0.85671779 0.043699275 3.5552176e-21)
(0.85671779 0.043699275 -3.7324817e-21)
(0.85671779 0.043699275 -3.5795024e-21)
(0.85671779 0.043699275 0)
(0.85671779 0.043699275 -3.3083136e-21)
(0.85671779 0.043699275 0)
(0.85671779 0.043699275 0)
(0.85671779 0.043699275 0)
(0.85671779 0.043699275 -2.8729891e-21)
(0.85671779 0.043699275 5.5629771e-21)
(0.85671779 0.043699275 0)
(0.85671779 0.043699275 -2.6149253e-21)
(0.85671779 0.043699275 0)
(0.85671779 0.043699275 0)
(0.85671779 0.043699275 0)
(0.85671779 0.043699275 0)
(0.85671779 0.043699275 -3.5795014e-21)
(0.85671779 0.043699275 0)
(0.85671779 0.043699275 3.3083127e-21)
(0.85671779 0.043699275 0)
(0.85671779 0.043699275 0)
(0.85671779 0.043699275 0)
(0.85671779 0.043699275 2.8729884e-21)
(0.85671779 0.043699275 -2.7814879e-21)
(0.85671779 0.043699275 0)
(0.85671779 0.043699275 2.6149248e-21)
(0.85671779 0.043699275 0)
(0.85671779 0.043699275 0)
(0.85671779 0.043699275 0)
(0.85671779 0.043699275 0)
(0.85671779 0.043699275 -4.071805e-33)
(0.85671779 0.043699275 0)
(0.85671779 0.043699275 0)
(0.85671779 0.043699275 0)
(0.85671779 0.043699275 0)
(0.85671779 0.043699275 0)
(0.85671779 0.043699275 0)
(0.85671779 0.043699275 0)
(0.85671779 0.043699275 0)
(0.85671779 0.043699275 0)
(0.85671779 0.043699275 0)
(0.85671779 0.043699275 0)
(0.85671779 0.043699275 0)
(0.85671779 0.043699275 0)
(0.85671779 0.043699275 7.1589981e-21)
(0.85671779 0.043699275 0)
(0.85671779 0.043699275 0)
(0.85671779 0.043699275 0)
(0.85671779 0.043699275 0)
(0.85671779 0.043699275 0)
(0.85671779 0.043699275 0)
(0.85671779 0.043699275 0)
(0.85671779 0.043699275 -2.6956345e-21)
(0.85671779 0.043699275 0)
(0.85671779 0.043699275 0)
(0.85671779 0.043699275 0)
(0.85671779 0.043699275 0)
(0.85671779 0.043699275 0)
(0.85671779 0.043699275 -3.579498e-21)
(0.85671779 0.043699275 0)
(0.85671779 0.043699275 0)
(0.85671779 0.043699275 0)
(0.85671779 0.043699275 0)
(0.85671779 0.043699275 0)
(0.85671779 0.043699275 0)
(0.85671779 0.043699275 0)
(0.85671779 0.043699275 2.6956339e-21)
(0.85671779 0.043699275 0)
(0.85671779 0.043699275 0)
(0.85671779 0.043699275 0)
(0.85671779 0.043699275 0)
(0.85671779 0.043699275 0)
(0.85671779 0.043699275 0)
(0.85671779 0.043699275 0)
(0.85671779 0.043699275 0)
(0.85671779 0.043699275 -3.1875617e-21)
(0.85671779 0.043699275 0)
(0.85671779 0.043699275 0)
(0.85671779 0.043699275 -2.8729856e-21)
(0.85671779 0.043699275 0)
(0.85671779 0.043699275 -2.6956333e-21)
(0.85671779 0.043699275 0)
(0.85671779 0.043699275 0)
(0.85671779 0.043699275 0)
(0.85671779 0.043699275 0)
(0.85671779 0.043699275 0)
(0.85671779 0.043699275 0)
(0.85671779 0.043699275 0)
(0.85671779 0.043699275 0)
(0.85671779 0.043699275 3.1875608e-21)
(0.85671779 0.043699275 0)
(0.85671779 0.043699275 0)
(0.85671779 0.043699275 2.8729848e-21)
(0.85671779 0.043699275 2.7814845e-21)
(0.85671779 0.043699275 2.6956327e-21)
(0.85671779 0.043699275 0)
(0.85671779 0.043699275 0)
(0.85671779 0.043699275 0)
(0.85671779 0.043699275 0)
(0.85671779 0.043699275 0)
(0.85671779 0.043699275 0)
(0.85671779 0.043699275 0)
(0.85671779 0.043699275 0)
(0.85671779 0.043699275 0)
(0.85671779 0.043699275 0)
(0.85671779 0.043699275 0)
(0.85671779 0.043699275 0)
(0.85671779 0.043699275 -2.7814839e-21)
(0.85671779 0.043699275 0)
(0.85671779 0.043699275 0)
(0.85671779 0.043699275 0)
(0.85671779 0.043699275 0)
(0.85671779 0.043699275 0)
(0.85671779 0.043699275 0)
(0.85671779 0.043699275 3.4385612e-21)
(0.85671779 0.043699275 0)
(0.85671779 0.043699275 0)
(0.85671779 0.043699275 0)
(0.85671779 0.043699275 0)
(0.85671779 0.043699275 0)
(0.85671779 0.043699275 -2.7814833e-21)
(0.85671779 0.043699275 0)
(0.85671779 0.043699275 0)
(0.85671779 0.043699275 0)
(0.85671779 0.043699275 0)
(0.85671779 0.043699275 0)
(0.85671779 0.043699275 -3.4385602e-21)
(0.85671779 0.043699275 0)
(0.85671779 0.043699275 3.1875582e-21)
(0.85671779 0.043699275 -3.075315e-21)
(0.85671779 0.043699275 0)
(0.85671779 0.043699275 2.8729827e-21)
(0.85671779 0.043699275 2.7814825e-21)
(0.85671779 0.043699275 0)
(0.85671779 0.043699275 2.61492e-21)
(0.85671779 0.043699275 0)
(0.85671779 0.043699275 0)
(0.85671779 0.043699275 0)
(0.85671779 0.043699275 0)
(0.85671779 0.043699275 -3.1875573e-21)
(0.85671779 0.043699275 3.0753141e-21)
(0.85671779 0.043699275 0)
(0.85671779 0.043699275 -2.872982e-21)
(0.85671779 0.043699275 -2.7814819e-21)
(0.85671779 0.043699275 0)
(0.85671779 0.043699275 0)
(0.85671779 0.043699275 3.5794903e-21)
(0.85671779 0.043699275 0)
(0.85671779 0.043699275 3.3083032e-21)
(0.85671779 0.043699275 0)
(0.85671779 0.043699275 0)
(0.85671779 0.043699275 0)
(0.85671779 0.043699275 2.8729813e-21)
(0.85671779 0.043699275 2.7814812e-21)
(0.85671779 0.043699275 0)
(0.85671779 0.043699275 -3.5794891e-21)
(0.85671779 0.043699275 0)
(0.85671779 0.043699275 -3.3083023e-21)
(0.85671779 0.043699275 0)
(0.85671779 0.043699275 0)
(0.85671779 0.043699275 0)
(0.85671779 0.043699275 -2.8729806e-21)
(0.85671779 0.043699275 0)
(0.85671779 0.043699275 0)
(0.85671779 0.043699275 -3.4385567e-21)
(0.85671779 0.043699275 3.3083019e-21)
(0.85671779 0.043699275 0)
(0.85671779 0.043699275 0)
(0.85671779 0.043699275 0)
(0.85671779 0.043699275 0)
(0.85671779 0.043699275 0)
(0.85671779 0.043699275 0)
(0.85671779 0.043699275 -9.0956234e-22)
(0.85671779 0.043699275 2.7159765e-23)
(0.85671779 0.043699275 0)
(0.85671779 0.043699275 -2.6388608e-23)
(0.85671779 0.043699275 -2.7541305e-23)
(0.85671779 0.043699275 8.9559323e-22)
(0.85671779 0.043699275 2.6748646e-23)
(0.85671779 0.043699275 -2.6369184e-23)
(0.85671779 0.043699275 -2.6349787e-23)
(0.83010569 0.055668089 2.5067907e-23)
(0.84538611 0.059694762 -1.4616316e-24)
(0.84754087 0.060321487 2.3355223e-22)
(0.84781885 0.060804741 -4.7053243e-23)
(0.85102976 0.059159802 2.4111846e-22)
(0.85210048 0.059582331 0)
(0.85150786 0.060174741 0)
(0.8513129 0.06064885 1.4822346e-22)
(0.85639764 0.044958323 -3.1674123e-22)
(0.8564379 0.044957876 1.5341877e-24)
(0.85637272 0.045025572 1.9778653e-22)
(0.85635093 0.045088447 -3.9697618e-22)
(0.85669498 0.043766345 9.8069141e-23)
(0.85670091 0.043763024 0)
(0.85669871 0.043766764 -1.4941283e-22)
(0.85669759 0.043770313 2.0051474e-22)
(0.85671684 0.043702902 7.4228661e-23)
(0.85671694 0.043702911 -8.7377194e-23)
(0.85671682 0.043703212 -1.1307049e-22)
(0.85671674 0.043703484 -1.0113657e-22)
(0.85671777 0.043699358 -1.2478639e-22)
(0.85671777 0.043699355 1.8879934e-22)
(0.85671777 0.043699363 1.2667471e-23)
(0.85671777 0.04369937 0)
(0.85671779 0.043699277 -2.5175468e-23)
(0.85671779 0.043699277 -1.0154046e-22)
(0.85671779 0.043699277 1.021881e-22)
(0.85671779 0.043699277 -5.1413742e-23)
(0.85671779 0.043699275 7.6192457e-23)
(0.85671779 0.043699275 0)
(0.85671779 0.043699275 1.0304987e-22)
(0.85671779 0.043699275 -1.036921e-22)
(0.85671779 0.043699275 -7.6870361e-23)
(0.85671779 0.043699275 0)
(0.85671779 0.043699275 -1.039263e-22)
(0.85671779 0.043699275 1.0457138e-22)
(0.85671779 0.043699275 -2.5853479e-23)
(0.85671779 0.043699275 0)
(0.85671779 0.043699275 0)
(0.85671779 0.043699275 0)
(0.85671779 0.043699275 5.2175342e-23)
(0.85671779 0.043699275 0)
(0.85671779 0.043699275 0)
(0.85671779 0.043699275 0)
(0.85671779 0.043699275 -2.6325853e-23)
(0.85671779 0.043699275 -3.9750191e-23)
(0.85671779 0.043699275 3.999264e-23)
(0.85671779 0.043699275 -2.6825205e-23)
(0.85671779 0.043699275 2.6567074e-23)
(0.85671779 0.043699275 5.3466865e-23)
(0.85671779 0.043699275 -4.0342384e-23)
(0.85671779 0.043699275 -2.7059081e-23)
(0.85671779 0.043699275 0)
(0.85671779 0.043699275 -2.6094625e-36)
(0.85671779 0.043699275 -1.3565382e-23)
(0.85671779 0.043699275 0)
(0.85671779 0.043699275 9.0033795e-22)
(0.85671779 0.043699275 -9.0121726e-22)
(0.85671779 0.043699275 1.2025549e-21)
(0.85671779 0.043699275 3.0080082e-22)
(0.85671779 0.043699275 1.2035359e-21)
(0.85671779 0.043699275 -9.0264913e-22)
(0.85671779 0.043699275 -9.0236873e-22)
(0.85671779 0.043699275 -2.1317873e-21)
(0.85671779 0.043699275 9.1457526e-22)
(0.85671779 0.043699275 1.2204659e-21)
(0.85671779 0.043699275 -1.5265167e-21)
(0.85671779 0.043699275 -3.0540987e-22)
(0.85671779 0.043699275 0)
(0.85671779 0.043699275 1.5236848e-34)
(0.85671779 0.043699275 1.2377803e-21)
(0.85671779 0.043699275 3.0972962e-22)
(0.85671779 0.043699275 1.2397708e-21)
(0.85671779 0.043699275 -1.240296e-21)
(0.85671779 0.043699275 1.2404661e-21)
(0.85671779 0.043699275 -1.2552073e-21)
(0.85671779 0.043699275 1.2566874e-21)
(0.85671779 0.043699275 5.6282631e-35)
(0.85671779 0.043699275 3.1472524e-22)
(0.85671779 0.043699275 1.574414e-21)
(0.85671779 0.043699275 -1.5932335e-21)
(0.85671779 0.043699275 0)
(0.85671779 0.043699275 -3.1938746e-22)
(0.85671779 0.043699275 9.5897304e-22)
(0.85671779 0.043699275 -1.5992155e-21)
(0.85671779 0.043699275 1.294574e-21)
(0.85671779 0.043699275 -2.5925782e-21)
(0.85671779 0.043699275 1.2977833e-21)
(0.85671779 0.043699275 1.2989887e-21)
(0.85671779 0.043699275 -9.8639856e-22)
(0.85671779 0.043699275 0)
(0.85671779 0.043699275 3.2966697e-22)
(0.85671779 0.043699275 0)
(0.85671779 0.043699273 -1.6706124e-21)
(0.85671779 0.043699273 1.0038509e-21)
(0.85671779 0.043699273 -6.7011784e-22)
(0.85671777 0.043699195 1.3584828e-21)
(0.85671778 0.043699197 3.4015091e-22)
(0.85671778 0.0436992 6.8126007e-22)
(0.85671708 0.043695623 -2.4171169e-21)
(0.8567171 0.04369571 2.7669656e-21)
(0.85670709 0.043643549 0)
(0.85670737 0.043644523 0)
(0.85644806 0.042331195 0)
)
;

boundaryField
{
    Side
    {
        type            empty;
    }
    Inlet
    {
        type            inletOutlet;
        inletValue      uniform (0.85671779 0.043699275 0);
        value           nonuniform List<vector> 
28
(
(0.85671779 0.043699275 -1.1689459e-24)
(0.85671779 0.043699275 0)
(0.85671779 0.043699275 -1.1675147e-24)
(0.85671779 0.043699275 -1.1668004e-24)
(0.85671779 0.043699275 -1.166087e-24)
(0.85671779 0.043699275 0)
(0.85671779 0.043699275 -1.1646628e-24)
(0.85671779 0.043699275 0)
(0.85671779 0.043699275 0)
(0.85671779 0.043699275 0)
(0.85671779 0.043699275 0)
(0.85671779 0.043699275 0)
(0.85671779 0.043699275 0)
(0.85671779 0.043699275 0)
(0.85671779 0.043699275 0)
(0.85671779 0.043699275 0)
(0.85671779 0.043699275 0)
(0.85671779 0.043699275 0)
(0.85671779 0.043699275 0)
(0.85671779 0.043699275 0)
(0.85671779 0.043699275 0)
(0.85671779 0.043699275 0)
(0.85671779 0.043699275 0)
(0.85671779 0.043699275 0)
(0.85671779 0.043699275 0)
(0.85671779 0.043699275 0)
(0.85671779 0.043699275 0)
(0.85671779 0.043699275 0)
)
;
    }
    Airfoil
    {
        type            noSlip;
    }
    Outlet
    {
        type            zeroGradient;
    }
    Flap
    {
        type            noSlip;
    }
    procBoundary2to1
    {
        type            processor;
        value           nonuniform List<vector> 
73
(
(0.85671779 0.043699275 -1.1696628e-24)
(0.85671779 0.043699275 3.5089816e-24)
(0.85671779 0.043699275 -2.3393165e-24)
(0.85671779 0.043699275 -4.6786241e-24)
(0.85671779 0.043699275 1.4035845e-23)
(0.85671779 0.043699275 -9.357212e-24)
(0.85671779 0.043699275 -9.3571939e-24)
(0.85671779 0.043699275 9.3571758e-24)
(0.85671779 0.043699275 0)
(0.85671779 0.043699275 1.8714279e-23)
(0.85671779 0.043699275 -1.8714243e-23)
(0.85671779 0.043699275 0)
(0.85671779 0.043699275 -1.8714171e-23)
(0.85671779 0.043699275 1.8714135e-23)
(0.85350054 0.027550293 2.8932771e-21)
(0.85360118 0.026768049 0)
(0.85671779 0.043699275 -1.1463704e-21)
(0.85671779 0.043699275 1.1050998e-21)
(0.85671779 0.043699275 1.3689479e-21)
(0.85671779 0.043699275 1.3689479e-21)
(0.85671779 0.043699275 0)
(0.85671779 0.043699275 -1.4286647e-21)
(0.85671779 0.043699275 -1.4286647e-21)
(0.85671779 0.043699275 -1.4605204e-21)
(0.85671779 0.043699275 -1.4605204e-21)
(0.85671779 0.043699275 0)
(0.85671779 0.043699275 0)
(0.85671779 0.043699275 0)
(0.85671779 0.043699275 0)
(0.85671779 0.043699275 0)
(0.85671779 0.043699275 1.6035405e-21)
(0.85671779 0.043699275 0)
(0.85671779 0.043699275 0)
(0.85671779 0.043699275 1.6860948e-21)
(0.85671779 0.043699275 1.6860948e-21)
(0.85671779 0.043699275 0)
(0.85671779 0.043699275 0)
(0.85671779 0.043699275 -3.5552213e-21)
(0.85671779 0.043699275 -3.5552213e-21)
(0.85671779 0.043699275 -9.6129186e-23)
(0.84778597 0.061312082 -1.8911651e-22)
(0.85108803 0.061132797 -4.9424021e-23)
(0.85632667 0.045160447 0)
(0.85669628 0.043774123 -5.0507828e-23)
(0.85671666 0.043703787 0)
(0.85671777 0.043699378 0)
(0.85671779 0.043699278 -1.5528526e-22)
(0.85671779 0.043699275 1.0438632e-22)
(0.85671779 0.043699275 1.0526364e-22)
(0.85671779 0.043699275 -5.3077916e-23)
(0.85671779 0.043699275 -2.4248279e-36)
(0.85671779 0.043699275 -2.6996591e-23)
(0.85671779 0.043699275 1.3614903e-23)
(0.85671779 0.043699275 -9.6129186e-23)
(0.85671779 0.043699275 -1.2023843e-21)
(0.85671779 0.043699275 3.0535831e-22)
(0.85671779 0.043699275 3.0535831e-22)
(0.85671779 0.043699275 4.789131e-34)
(0.85671779 0.043699275 1.2597964e-21)
(0.85671779 0.043699275 1.2597964e-21)
(0.85671779 0.043699275 3.1993468e-22)
(0.85671779 0.043699275 9.7488651e-22)
(0.85671779 0.043699275 9.7488651e-22)
(0.85671779 0.043699275 1.3209911e-21)
(0.85671779 0.043699273 3.3542839e-22)
(0.85671779 0.043699273 3.3542839e-22)
(0.85671778 0.043699203 -3.4103689e-22)
(0.85671714 0.043695819 1.38557e-21)
(0.85671714 0.043695819 1.38557e-21)
(0.8567079 0.04364579 3.5235092e-22)
(0.8564579 0.042361816 3.5793881e-22)
(0.8564579 0.042361816 3.5793881e-22)
(0.85350054 0.027550293 2.8932771e-21)
)
;
    }
    procBoundary2to3
    {
        type            processor;
        value           nonuniform List<vector> 
113
(
(0.85671779 0.043699275 0)
(0.85671779 0.043699275 0)
(0.83704443 0.09909068 0)
(0.82933948 0.040202867 -5.5981978e-21)
(0.84580692 0.099011984 0)
(0.85032832 0.098162053 0)
(0.85342325 0.09745199 0)
(0.85533655 0.09656495 0)
(0.85688295 0.095616078 0)
(0.85774028 0.09464147 -1.0006152e-20)
(0.85806391 0.093731577 9.9715202e-21)
(0.85802085 0.092887362 0)
(0.85774496 0.092073089 0)
(0.85735625 0.09126991 9.9153276e-21)
(0.85697195 0.090459285 5.3332783e-24)
(0.85670023 0.089577283 -1.9775852e-20)
(0.85670023 0.089577283 -1.9775852e-20)
(0.85522573 0.056734708 8.2095279e-21)
(0.85279671 0.038384706 -5.187552e-21)
(0.85161542 0.032378772 -5.1077663e-21)
(0.85161542 0.032378772 -5.1077663e-21)
(0.82933948 0.040202867 -5.5981978e-21)
(0.85642679 0.056034607 -1.0737342e-21)
(0.85853263 0.053806878 0)
(0.86066287 0.047947087 -9.4748311e-22)
(0.86001721 0.044624798 -1.3322023e-22)
(0.85946721 0.03963741 1.2225701e-21)
(0.85862262 0.032293503 -1.3621962e-22)
(0.85894939 0.020139719 4.0052286e-22)
(0.86084592 0.0041646217 1.2540311e-22)
(0.86449538 -0.012699747 1.2598625e-22)
(0.86967378 -0.026971047 1.270545e-22)
(0.87545934 -0.038836816 -5.4302584e-22)
(0.8842626 -0.03211585 1.347094e-22)
(0.88602849 -0.043115286 1.3692968e-22)
(0.88602849 -0.043115286 1.3692968e-22)
(0.8786437 -0.035182329 5.5992651e-22)
(0.85671779 0.043699275 -4.2918091e-34)
(0.85671779 0.043699275 0)
(0.85671779 0.043699275 -1.7371098e-21)
(0.85671779 0.043699275 -1.7371098e-21)
(0.85671779 0.043699275 -1.4083385e-21)
(0.85671779 0.043699275 -1.4083385e-21)
(0.85671779 0.043699275 0)
(0.85671779 0.043699275 0)
(0.85671779 0.043699275 1.0852214e-21)
(0.85671779 0.043699275 -1.1009437e-21)
(0.85671779 0.043699275 -1.1009437e-21)
(0.85671779 0.043699275 2.2507587e-31)
(0.85671779 0.043699275 2.2507587e-31)
(0.85671779 0.043699273 -1.5085216e-21)
(0.85671779 0.043699273 -1.5085216e-21)
(0.85671777 0.043699177 -3.4403518e-21)
(0.85671777 0.043699177 -3.4403518e-21)
(0.85671685 0.043695125 -1.1649198e-21)
(0.85671685 0.043695125 -1.1649198e-21)
(0.85670514 0.043642295 1.0088465e-25)
(0.85670514 0.043642295 1.0088465e-25)
(0.85646903 0.042225849 0)
(0.85646903 0.042225849 0)
(0.85671779 0.043699275 0)
(0.85671779 0.043699275 -3.7530867e-24)
(0.85671779 0.043699275 -2.547138e-22)
(0.85671779 0.043699275 1.402122e-22)
(0.85671779 0.043699275 1.5302616e-22)
(0.85671779 0.043699275 3.3683563e-22)
(0.85671779 0.043699275 1.8725197e-22)
(0.85671779 0.043699275 2.1082897e-22)
(0.85671779 0.043699275 -1.5074899e-23)
(0.85671779 0.043699275 2.9940133e-22)
(0.85671779 0.043699275 2.9940133e-22)
(0.85671779 0.043699275 0)
(0.85671779 0.043699275 0)
(0.85671779 0.043699275 0)
(0.85671779 0.043699275 0)
(0.85213594 0.026395027 -2.5468083e-22)
(0.85456496 0.025624668 -2.4901307e-22)
(0.8566689 0.04329861 0)
(0.85671362 0.043641826 1.5645742e-23)
(0.85671777 0.043698817 3.1354282e-23)
(0.85671779 0.043699268 4.9089765e-25)
(0.85671779 0.043699275 -4.77132e-23)
(0.85671779 0.043699275 7.886139e-23)
(0.85671779 0.043699275 -2.5285273e-22)
(0.85671779 0.043699275 2.5333354e-22)
(0.85671779 0.043699275 1.5863377e-23)
(0.85671779 0.043699275 0)
(0.85671779 0.043699275 0)
(0.85671779 0.043699275 5.1053303e-22)
(0.85671779 0.043699275 0)
(0.85671779 0.043699275 0)
(0.85671779 0.043699275 0)
(0.85671779 0.043699275 0)
(0.85671779 0.043699275 2.538902e-21)
(0.85671779 0.043699275 2.538902e-21)
(0.85671779 0.043699275 2.6149194e-21)
(0.85671779 0.043699275 2.6149194e-21)
(0.85671779 0.043699275 0)
(0.85671779 0.043699275 0)
(0.85671779 0.043699275 -2.7814805e-21)
(0.85671779 0.043699275 -2.7814805e-21)
(0.85671779 0.043699275 -9.2306188e-22)
(0.85671779 0.043699275 5.5629603e-21)
(0.85671779 0.043699275 -9.5226245e-22)
(0.85671779 0.043699275 -9.2306188e-22)
(0.85671779 0.043699275 1.4191188e-23)
(0.85671779 0.043699275 -1.3977758e-23)
(0.85671779 0.043699275 -1.3977758e-23)
(0.85671779 0.043699275 9.0816482e-22)
(0.85671779 0.043699275 0)
(0.85671779 0.043699275 0)
(0.85671779 0.043699275 0)
(0.85671779 0.043699275 -2.6330419e-23)
)
;
    }
}


// ************************************************************************* //
