/*--------------------------------*- C++ -*----------------------------------*\
| =========                 |                                                 |
| \\      /  F ield         | OpenFOAM: The Open Source CFD Toolbox           |
|  \\    /   O peration     | Version:  2206                                  |
|   \\  /    A nd           | Website:  www.openfoam.com                      |
|    \\/     M anipulation  |                                                 |
\*---------------------------------------------------------------------------*/
FoamFile
{
    version     2.0;
    format      ascii;
    arch        "LSB;label=32;scalar=64";
    class       faceSet;
    location    "constant/polyMesh/sets";
    object      nonOrthoFaces;
}
// * * * * * * * * * * * * * * * * * * * * * * * * * * * * * * * * * * * * * //


800
(
16384
16385
16386
16387
16388
15364
16389
15365
16390
15366
16391
15367
16392
15368
16393
15369
16394
15370
16395
15371
15372
15373
15374
15375
15376
15377
15378
15379
15380
15381
15382
15383
15384
15385
15386
15387
20549
20550
20551
20552
19529
19530
19531
19532
18509
18510
18511
18512
18514
16469
16470
16471
16472
16473
15449
16474
15450
16475
15451
16476
15452
16477
15453
15454
15455
15456
15457
15458
15459
15460
15461
15462
15463
15464
15465
15466
15467
15468
15469
15470
15471
15472
20634
20635
20636
20637
19614
19615
19616
19617
18594
18595
18596
18597
17574
18599
17575
17576
17577
16554
16555
16556
16557
16558
15534
16559
15535
16560
15536
16561
15537
16562
15538
16563
15539
16564
15540
16565
15541
8373
16566
15542
16567
15543
16568
15544
16569
15545
16570
15546
16571
15547
16572
15548
16573
15549
17598
16574
15550
16575
15551
17600
16576
15552
17601
16577
15553
17602
16578
15554
17603
16579
15555
17604
16580
17605
16581
15557
17606
16582
17607
16583
17608
16584
17609
16585
17610
16586
17611
16587
17612
16588
17613
16589
17614
16590
17615
16591
17616
16592
17617
16593
17618
16594
17619
16595
17620
16596
17621
16597
17622
16598
17623
16599
17624
16600
17625
16601
17626
16602
17627
17628
16604
17629
17630
16606
17631
17632
16608
17633
16609
17634
16610
17635
16611
16612
16613
16614
16615
16616
16617
16618
16619
16620
16621
16622
20719
16623
20720
16624
20721
16625
20722
19699
19700
19701
19702
18679
18680
18681
18682
17659
18684
17660
17661
17662
16642
15619
16644
15620
15621
16646
15622
15623
16648
15624
16649
15625
15626
15627
15628
15629
15630
15631
15632
15633
15634
15635
15636
17685
15637
15638
17687
15639
17688
15640
17689
17690
17691
17692
17693
17694
17695
17696
17697
17698
17699
17700
17701
17702
17703
17704
17705
17706
17707
17708
17709
17710
17711
17712
17713
17714
17715
17716
20804
20805
20806
20807
19784
19785
19786
19787
18764
18765
18766
18767
17744
17745
17746
17747
17749
15704
15705
15706
15707
15708
15709
15710
15711
15712
15713
15714
15715
15716
15717
15718
15719
15720
15721
15722
15723
17772
15724
15725
17774
17775
17776
17777
17778
17779
17780
17781
17782
17783
17784
17785
17786
17787
17788
17789
17790
17791
17792
17793
17794
17795
17796
17797
17798
20889
20890
20891
20892
19869
19870
19871
19872
18849
18850
18851
18852
17829
17830
17831
17832
17834
15789
15790
15791
15792
15793
14769
15794
14770
15795
14771
15796
14772
15797
14773
15798
14774
15799
14775
15800
14776
15801
14777
15802
14778
15803
14779
15804
14780
15805
14781
15806
14782
15807
14783
15808
14784
14785
15810
14786
14787
14788
17861
14790
17863
17864
17865
17866
17867
17868
17869
17870
17871
17872
17873
17874
17875
17876
17877
17878
17879
20974
20975
20976
20977
19954
19955
19956
19957
18934
18935
18936
18937
17914
17915
17916
17917
17919
15874
15875
15876
15877
15878
14854
15879
14855
15880
14856
15881
14857
15882
14858
15883
14859
15884
14860
15885
14861
15886
14862
15887
14863
15888
14864
15889
14865
15890
14866
15891
14867
15892
14868
15893
14869
14870
14871
14872
14873
14875
17948
17950
17952
17953
17954
17955
17956
17957
17958
17960
21059
21060
21061
20039
20040
20041
20042
19019
19020
19021
19022
17999
18000
18001
18002
18004
15959
15960
15961
15962
15963
14939
15964
14940
15965
14941
15966
14942
15967
14943
15968
14944
15969
14945
15970
14946
15971
14947
15972
14948
15973
14949
15974
14950
15975
14951
15976
14952
14953
15978
14954
14955
14956
14957
14958
14959
14960
21144
21146
20124
20125
20126
20127
19104
19105
19106
19107
18084
18085
18086
18087
18089
16044
16045
16046
16047
16048
15024
16049
15025
16050
15026
16051
15027
16052
15028
16053
15029
16054
15030
16055
15031
16056
15032
16057
15033
16058
15034
16059
15035
16060
15036
16061
15037
15038
11966
15039
15040
15041
15042
15043
15044
15045
15047
13024
20209
20210
20211
20212
19189
19190
19191
19192
18169
18170
18171
18172
18174
16129
16130
16131
16132
16133
15109
16134
15110
16135
15111
16136
15112
16137
15113
16138
15114
16139
15115
13067
16140
15116
16141
15117
16142
15118
16143
15119
16144
15120
15121
15122
15123
15124
15125
15126
15127
15128
15129
15130
15132
13109
20294
20295
20296
20297
19274
19275
19276
19277
18254
18255
18256
18257
18259
16214
16215
16216
16217
16218
15194
16219
15195
16220
15196
16221
15197
16222
15198
16223
15199
16224
15200
16225
15201
16226
15202
16227
15203
16228
15204
16229
15205
15206
15207
15208
15209
15210
15211
15212
15213
15214
15215
15216
15217
20379
20380
20381
20382
19359
19360
19361
19362
18339
18340
18341
18342
18344
16299
16300
16301
16302
16303
15279
16304
15280
16305
15281
16306
15282
16307
15283
16308
15284
16309
15285
16310
15286
16311
15287
16312
15288
15289
15290
15291
15292
15293
15294
15295
15296
15297
15298
15299
15300
15301
15302
20464
20465
20466
20467
19444
19445
19446
19447
18424
18425
18426
18427
18429
)


// ************************************************************************* //
