/*--------------------------------*- C++ -*----------------------------------*\
| =========                 |                                                 |
| \\      /  F ield         | OpenFOAM: The Open Source CFD Toolbox           |
|  \\    /   O peration     | Version:  2206                                  |
|   \\  /    A nd           | Website:  www.openfoam.com                      |
|    \\/     M anipulation  |                                                 |
\*---------------------------------------------------------------------------*/
FoamFile
{
    version     2.0;
    format      ascii;
    arch        "LSB;label=32;scalar=64";
    class       cellSet;
    location    "constant/polyMesh/sets";
    object      highAspectRatioCells;
}
// * * * * * * * * * * * * * * * * * * * * * * * * * * * * * * * * * * * * * //


861
(
4096
4097
4098
4099
4100
4101
4108
4109
4110
4111
4112
4113
4114
4115
4509
4510
4511
4512
4513
4514
4515
4516
4517
4518
4519
4520
4521
4523
4524
4525
4526
4527
4528
4529
4530
4531
4532
4533
4534
4535
4538
4539
4540
4541
4542
4543
4544
4545
4546
4547
4548
4549
4552
4553
4554
4555
4556
4557
4558
4559
4560
4561
4562
4563
4567
4568
4569
4570
4571
4572
4573
4574
4575
4576
4577
4581
4582
4583
4584
4585
4586
4587
4588
4589
4590
4591
4595
4596
4597
4598
4599
4600
4601
4602
4603
4604
4605
4610
4611
4612
4613
4614
4615
4616
4617
4618
4619
4624
4625
4626
4627
4628
4629
4630
4631
4632
4633
4638
4639
4640
4641
4642
4643
4644
4645
4646
4647
4653
4654
4655
4656
4657
4658
4659
4660
4661
4667
4668
4669
4670
4671
4672
4673
4674
4675
4682
4683
4684
4685
4686
4687
4688
4689
4696
4697
4698
4699
4700
4701
4702
4703
784
785
786
787
788
789
790
791
792
793
794
795
796
797
798
799
800
801
802
803
804
805
806
807
808
809
810
811
812
813
814
815
816
817
818
819
820
821
822
823
824
825
826
827
828
829
830
831
832
833
834
835
836
837
838
839
840
841
842
843
844
845
846
847
848
849
850
851
852
853
854
855
856
857
858
859
860
861
862
863
864
865
866
867
868
869
870
871
872
873
874
875
876
877
878
879
880
881
882
883
884
885
886
887
888
889
890
891
892
893
894
895
896
897
898
899
900
901
902
903
904
905
906
907
908
909
910
911
912
913
914
915
916
917
918
919
920
921
922
923
924
925
926
927
928
929
930
931
932
933
934
935
936
937
938
939
940
941
942
943
944
945
946
947
948
949
950
951
952
953
954
955
956
957
958
959
960
961
962
963
964
965
966
967
968
969
970
971
972
973
974
975
976
977
978
979
1372
1373
1374
1375
1376
1377
1378
1379
1380
1381
1382
1383
1384
1385
1386
1387
1388
1389
1390
1391
1392
1393
1394
1395
1396
1397
1398
1399
1400
1401
1402
1403
1404
1405
1406
1407
1408
1409
1410
1411
1412
1413
1414
1415
1416
1417
1418
1419
1420
1421
1422
1423
1424
1425
1426
1427
1428
1429
1430
1431
1432
1433
1434
1435
1436
1437
1438
1439
1440
1441
1442
1443
1444
1445
1446
1447
1448
1449
1450
1451
1452
1453
1454
1455
1456
1457
1458
1459
1460
1461
1462
1463
1464
1465
1466
1467
1468
1469
1470
1471
1472
1473
1474
1475
1476
1477
1478
1479
3528
1480
3529
1481
3530
1482
3531
1483
1484
3532
1485
3533
1486
3534
1487
3535
1488
3536
1489
3537
1490
3538
1491
3539
1492
3540
1493
3541
1494
3542
1495
3543
1496
3544
1497
3545
1498
3546
1499
3547
1500
3548
1501
3549
1502
3550
1503
3551
1504
3552
1505
3553
1506
3554
1507
3555
1508
3556
1509
3557
1510
3558
1511
3559
1512
3560
1513
3561
1514
3562
1515
3563
1516
3564
1517
3565
1518
3566
1519
3567
1520
3568
1521
3569
1522
3570
1523
3571
1524
3572
1525
3573
1526
3574
1527
3575
1528
3576
1529
3577
1530
3578
1531
3579
1532
3580
1533
3581
1534
3582
1535
3583
1536
3584
1537
3585
1538
3586
1539
3587
1540
3588
1541
3589
1542
3590
1543
3591
1544
3592
1545
3593
1546
3594
1547
3595
1548
3596
1549
3597
1550
3598
1551
3599
1552
3600
1553
3601
1554
3602
1555
3603
1556
3604
1557
3605
1558
3606
1559
3607
1560
3608
1561
3609
1562
3610
1563
3611
1564
3612
1565
3613
1566
3614
1567
3615
1568
3616
1569
3617
1570
3618
1571
3619
1572
3620
1573
3621
1574
3622
1575
3623
1576
3624
1577
3625
1578
3626
1579
3627
1580
3628
1581
3629
3630
3631
3632
3633
3634
3635
3636
3637
3638
3639
3640
3641
3642
3643
3644
3645
3646
3647
3648
3649
3650
3651
3652
3653
3654
3655
3656
3657
3658
3659
3660
3661
3662
3663
3664
3665
3666
3667
3668
3669
3670
3671
3672
3673
3674
3675
3676
3677
3678
3679
3680
3681
3682
3683
3684
3685
3686
3687
3688
3689
3690
3691
3692
3693
3694
3695
3696
3697
3698
3699
3700
3701
3702
3703
3704
3705
3706
3707
3708
3709
3710
3711
3712
3713
3714
3715
3716
3717
3718
3719
3720
3721
3722
3723
3926
3927
3928
3929
3930
3931
3932
3933
3940
3941
3942
3943
3944
3945
3946
3947
3954
3955
3956
3957
3958
3959
3960
3961
3968
3969
3970
3971
3972
3973
3974
3975
3982
3983
3984
3985
3986
3987
3988
3989
3996
3997
3998
3999
4000
4001
4002
4003
4010
4011
4012
4013
4014
4015
4016
4017
4024
4025
4026
4027
4028
4029
4030
4031
4038
4039
4040
4041
4042
4043
4044
4045
4052
4053
4054
4055
4056
4057
4058
4059
4066
4067
4068
4069
4070
4071
4072
4073
4080
4081
4082
4083
4084
4085
4086
4087
4094
4095
)


// ************************************************************************* //
