/*--------------------------------*- C++ -*----------------------------------*\
| =========                 |                                                 |
| \\      /  F ield         | OpenFOAM: The Open Source CFD Toolbox           |
|  \\    /   O peration     | Version:  2206                                  |
|   \\  /    A nd           | Website:  www.openfoam.com                      |
|    \\/     M anipulation  |                                                 |
\*---------------------------------------------------------------------------*/
FoamFile
{
    version     2.0;
    format      ascii;
    arch        "LSB;label=32;scalar=64";
    class       labelList;
    location    "constant/polyMesh";
    object      cellProcAddressing;
}
// * * * * * * * * * * * * * * * * * * * * * * * * * * * * * * * * * * * * * //


1396
(
980
981
982
983
984
985
986
987
988
989
990
991
992
993
994
995
996
997
998
999
1000
1001
1002
1003
1004
1005
1006
1007
1008
1009
1010
1011
1012
1013
1014
1015
1016
1017
1018
1019
1020
1021
1652
1653
1654
1655
1656
1657
1658
1659
1660
1661
1662
1663
1664
1665
1666
1667
1668
1669
1670
1671
1672
1673
1674
1675
1676
1677
1678
1679
1680
1681
1682
1683
1684
1685
1686
1687
1688
1689
1690
1691
1692
1693
1694
1695
1696
1697
1698
1699
1700
1701
1702
1703
1704
1705
1706
1707
1708
1709
1710
1711
1712
1713
1714
1715
1716
1717
1718
1719
1720
1721
1722
1723
1724
1725
1726
1727
1728
1729
1730
1731
1732
1733
1734
1735
1736
1737
1738
1739
1740
1741
1742
1743
1744
1745
1746
1747
1748
1749
1750
1751
1752
1753
1754
1755
1756
1757
1758
1759
1760
1761
1762
1763
1960
1961
1962
1963
1964
1974
1975
1976
1977
1978
1979
1980
1988
1989
1990
1991
1992
1993
1994
1995
1996
2002
2003
2004
2005
2006
2007
2008
2009
2010
2011
2012
2016
2017
2018
2019
2020
2021
2022
2023
2024
2025
2026
2027
2031
2032
2033
2034
2035
2036
2037
2038
2039
2040
2041
2042
2043
2047
2048
2049
2050
2051
2052
2053
2054
2055
2056
2057
2062
2063
2064
2065
2066
2067
2068
2069
2070
2071
2078
2079
2080
2081
2082
2083
2084
2085
2094
2095
2096
2097
2098
2099
2110
2111
2112
2113
2126
2127
2141
2156
2157
2158
2159
2160
2161
2162
2163
2164
2165
2170
2171
2172
2173
2174
2175
2176
2177
2184
2185
2186
2187
2188
2189
2198
2199
2200
2201
2212
2213
2549
2550
2551
2552
2553
2554
2555
2563
2564
2565
2566
2567
2568
2569
2577
2578
2579
2580
2581
2582
2583
2591
2592
2593
2594
2595
2596
2597
2604
2605
2606
2607
2608
2609
2610
2611
2618
2619
2620
2621
2622
2623
2624
2632
2633
2634
2635
2636
2637
2638
2646
2647
2648
2649
2650
2651
2652
2660
2661
2662
2663
2664
2665
2666
2674
2675
2676
2677
2678
2679
2688
2689
2690
2691
2692
2693
2702
2703
2704
2705
2706
2707
2716
2717
2718
2719
2720
2721
2730
2731
2732
2733
2734
2735
2744
2745
2746
2758
2759
2760
2772
2773
2786
2800
2940
2941
2942
2943
2944
2945
2946
2947
2948
2949
2950
2951
2952
2954
2955
2956
2957
2958
2959
2960
2961
2962
2968
2969
2970
2971
3164
3165
3166
3167
3168
3169
3170
3171
3172
3173
3174
3175
3176
3177
3178
3179
3180
3181
3182
3183
3184
3185
3186
3187
3188
3189
3190
3191
3192
3193
3194
3195
3196
3197
3198
3199
3200
3201
3202
3203
3204
3205
3206
3207
3208
3209
3210
3211
3212
3213
3214
3215
3216
3217
3218
3219
3220
3221
3222
3223
3224
3225
3226
3227
3228
3229
3230
3231
3232
3233
3234
3235
3236
3237
3238
3239
3240
3241
3242
3243
3244
3245
3246
3247
3248
3249
3250
3251
3252
3253
3254
3255
3256
3257
3258
3259
3260
3261
3262
3263
3264
3265
3266
3267
3268
3269
3270
3271
3272
3273
3274
3275
3276
3277
3278
3279
3280
3281
3282
3283
3284
3285
3286
3287
3288
3289
3290
3291
3292
3293
3294
3295
3296
3297
3298
3299
3300
3301
3302
3303
3304
3305
3306
3307
3308
3309
3310
3311
3312
3313
3314
3315
3316
3317
3318
3319
3320
3321
3322
3323
3324
3325
3326
3327
3328
3329
3330
3331
3332
3333
3334
3335
3336
3337
3338
3339
3340
3341
3342
3343
3344
3345
3346
3347
3348
3349
3350
3351
3352
3353
3354
3355
3356
3357
3358
3359
3360
3361
3362
3363
3364
3365
3366
3367
3368
3369
3370
3371
3372
3373
3374
3375
3376
3377
3378
3379
3380
3381
3382
3383
3384
3385
3386
3387
3388
3389
3390
3391
3392
3393
3394
3395
3396
3397
3398
3399
3400
3401
3403
3404
3405
3406
3407
3408
3409
3410
3411
3412
3413
3414
3415
3417
3418
3419
3420
3421
3422
3423
3424
3425
3426
3427
3428
3429
3431
3432
3433
3434
3435
3436
3437
3438
3439
3440
3441
3442
3443
3446
3447
3448
3449
3450
3451
3452
3453
3454
3455
3456
3457
3460
3461
3462
3463
3464
3465
3466
3467
3468
3469
3470
3471
3474
3475
3476
3477
3478
3479
3480
3481
3482
3483
3484
3485
3489
3490
3491
3492
3493
3494
3495
3496
3497
3498
3499
3503
3504
3505
3506
3507
3508
3509
3510
3511
3512
3513
3517
3518
3519
3520
3521
3522
3523
3524
3525
3526
3527
3528
3529
3530
3531
3532
3533
3534
3535
3536
3537
3542
3543
3544
3545
3546
3547
3548
3549
3550
3551
3556
3557
3558
3559
3560
3561
3562
3563
3564
3565
3570
3571
3572
3573
3574
3575
3576
3577
3578
3579
3580
3584
3585
3586
3587
3588
3589
3590
3591
3592
3593
3594
3598
3599
3600
3601
3602
3603
3604
3605
3606
3607
3608
3612
3613
3614
3615
3616
3617
3618
3619
3620
3621
3622
3626
3627
3628
3629
3630
3631
3632
3633
3634
3635
3636
3640
3641
3642
3643
3644
3645
3646
3647
3648
3649
3650
3654
3655
3656
3657
3658
3659
3660
3661
3662
3663
3664
3668
3669
3670
3671
3672
3673
3674
3675
3676
3677
3678
3682
3683
3684
3685
3686
3687
3688
3689
3690
3691
3692
3696
3697
3698
3699
3700
3701
3702
3703
3704
3705
3706
3710
3711
3712
3713
3714
3715
3716
3717
3718
3719
3720
4116
4117
4118
4119
4120
4121
4122
4123
4124
4125
4126
4127
4128
4129
4130
4131
4132
4133
4134
4135
4136
4137
4138
4139
4140
4141
4142
4143
4144
4145
4146
4147
4148
4149
4150
4151
4152
4153
4154
4155
4156
4157
4158
4159
4160
4161
4162
4163
4164
4165
4166
4167
4168
4169
4170
4171
4172
4173
4174
4175
4176
4177
4178
4179
4180
4181
4182
4183
4184
4185
4186
4187
4188
4189
4190
4191
4192
4193
4194
4195
4196
4197
4198
4199
4200
4201
4202
4203
4204
4205
4206
4207
4208
4209
4210
4211
4212
4213
4214
4215
4216
4217
4218
4219
4220
4221
4222
4228
4229
4230
4231
4232
4242
4243
4510
4511
4512
4513
4514
4515
4516
4517
4518
4519
4520
4521
4524
4525
4526
4527
4528
4529
4530
4531
4532
4533
4534
4535
4538
4539
4540
4541
4542
4543
4544
4545
4546
4547
4548
4549
4551
4552
4553
4554
4555
4556
4557
4558
4559
4560
4561
4562
4563
4565
4566
4567
4568
4569
4570
4571
4572
4573
4574
4575
4576
4577
4578
4579
4580
4581
4582
4583
4584
4585
4586
4587
4588
4589
4590
4591
4592
4593
4594
4595
4596
4597
4598
4599
4600
4601
4602
4603
4604
4605
4606
4607
4608
4609
4610
4611
4612
4613
4614
4615
4616
4617
4618
4619
4620
4621
4622
4623
4624
4625
4626
4627
4628
4629
4630
4631
4632
4633
4634
4635
4636
4637
4638
4639
4640
4641
4642
4643
4644
4645
4646
4647
4648
4649
4650
4651
4652
4653
4654
4655
4656
4657
4658
4659
4660
4661
4662
4663
4664
4665
4666
4667
4668
4669
4670
4671
4672
4673
4674
4675
4676
4677
4678
4679
4680
4681
4682
4683
4684
4685
4686
4687
4688
4689
4690
4691
4692
4693
4694
4695
4696
4697
4698
4699
4700
4701
4702
4703
4704
4705
4706
4707
4718
4719
4720
4732
4733
4746
4760
5096
5097
5098
5099
5100
5101
5102
5103
5104
5105
5106
5107
5108
5110
5516
5517
5531
5532
5533
5534
5535
5548
5549
5550
5551
5564
5565
5566
5567
5580
5581
5582
5595
5596
5597
5610
5611
5625
5626
5639
5640
5654
5668
5682
5683
6272
6273
6274
6275
6276
6277
6278
6279
6280
6281
6282
6283
6284
6285
6286
6287
6288
6289
6290
6291
6292
6293
6294
6295
6296
6297
6298
6299
6300
6301
6302
6303
6304
6305
6306
6307
6308
6309
6310
6311
6312
6313
6314
6315
6316
6317
6318
6319
6320
6321
6322
6323
6324
6325
6326
6327
9492
9493
9506
9507
9508
9509
9510
9520
9521
9522
9523
9524
9525
9526
9527
9534
9535
9536
9537
9538
9539
9540
9541
9542
9543
9544
9548
9549
9550
9551
9552
9553
9554
9555
9556
9557
9558
9559
9560
9561
9562
9563
9564
9565
9566
9567
9568
9569
9570
9571
9572
9573
9574
9575
9579
9580
9581
9582
9583
9584
9585
9586
9587
9588
9589
9597
9598
9599
9600
9601
9602
9603
)


// ************************************************************************* //
