/*--------------------------------*- C++ -*----------------------------------*\
| =========                 |                                                 |
| \\      /  F ield         | OpenFOAM: The Open Source CFD Toolbox           |
|  \\    /   O peration     | Version:  2206                                  |
|   \\  /    A nd           | Website:  www.openfoam.com                      |
|    \\/     M anipulation  |                                                 |
\*---------------------------------------------------------------------------*/
FoamFile
{
    version     2.0;
    format      ascii;
    arch        "LSB;label=32;scalar=64";
    note        "nPoints:3162  nCells:1396  nFaces:5768  nInternalFaces:2608";
    class       labelList;
    location    "constant/polyMesh";
    object      neighbour;
}
// * * * * * * * * * * * * * * * * * * * * * * * * * * * * * * * * * * * * * //


2608
(
1
14
140
377
2
15
141
3
16
142
4
17
143
5
18
144
6
19
145
7
20
146
8
21
147
9
22
148
10
23
149
11
24
150
12
25
151
13
26
152
27
153
387
15
28
378
16
29
17
30
18
31
19
32
20
33
21
34
22
35
23
36
24
37
25
38
26
39
27
40
41
400
29
379
30
31
32
33
34
35
36
37
38
39
40
41
409
43
56
326
44
57
45
58
46
59
47
60
48
61
49
62
50
63
51
64
52
65
53
66
54
67
55
68
69
1100
57
70
333
58
71
59
72
60
73
61
74
62
75
63
76
64
77
65
78
66
79
67
80
68
81
69
82
83
1114
71
84
340
72
85
73
86
74
87
75
88
76
89
77
90
78
91
79
92
80
93
81
94
82
95
83
96
97
1128
85
98
347
86
99
87
100
88
101
89
102
90
103
91
104
92
105
93
106
94
107
95
108
96
109
97
110
111
1142
99
112
353
100
113
101
114
102
115
103
116
104
117
105
118
106
119
107
120
108
121
109
122
110
123
111
124
125
1156
113
126
359
114
127
115
128
116
129
117
130
118
131
119
132
120
133
121
134
122
135
123
136
124
137
125
138
139
1170
127
140
365
128
141
129
142
130
143
131
144
132
145
133
146
134
147
135
148
136
149
137
150
138
151
139
152
153
1184
141
371
142
143
144
145
146
147
148
149
150
151
152
153
1198
155
159
253
156
160
157
161
158
162
163
160
166
263
161
167
162
168
163
169
164
170
165
171
172
167
175
271
168
176
169
177
170
178
171
179
172
180
173
181
174
182
183
176
186
277
177
187
178
188
179
189
180
190
181
191
182
192
183
193
184
194
185
195
196
187
281
188
198
189
199
190
200
191
201
192
202
193
203
194
204
195
205
196
206
197
207
208
199
200
201
211
202
212
203
213
204
214
205
215
206
216
207
217
208
218
209
219
210
220
221
212
213
222
214
223
215
224
216
225
217
226
218
227
219
228
220
229
221
230
231
289
223
224
225
232
226
233
227
234
228
235
229
236
230
237
231
238
239
288
233
234
235
240
236
241
237
242
238
243
239
244
245
287
241
242
243
246
244
247
245
248
249
286
247
248
249
250
251
285
251
252
284
283
254
263
255
264
1235
256
265
1234
257
266
1233
258
267
1232
259
268
1231
260
269
1230
261
270
1229
262
1228
1227
264
271
265
272
266
273
267
274
268
275
269
276
270
272
277
273
278
274
279
275
280
276
278
281
279
282
280
282
284
290
285
291
286
292
287
293
288
294
289
295
296
291
297
292
298
293
299
294
300
295
301
296
302
303
298
304
299
305
300
306
301
307
302
308
303
309
310
305
312
306
313
307
314
308
315
309
316
310
317
318
312
319
313
320
314
321
315
322
316
323
317
324
318
325
320
326
321
327
322
328
323
329
324
330
325
331
332
327
333
328
334
329
335
330
336
331
337
332
338
339
334
340
335
341
336
342
337
343
338
344
339
345
346
341
347
342
348
343
349
344
350
345
351
346
352
348
353
349
354
350
355
351
356
352
357
358
354
359
355
360
356
361
357
362
358
363
364
360
365
361
366
362
367
363
368
364
369
370
366
371
367
372
368
373
369
374
370
375
376
372
377
373
380
374
383
375
385
376
386
378
380
379
381
382
381
383
382
384
384
385
386
388
400
1198
389
401
1199
390
402
1200
391
403
1201
392
404
1202
393
405
1203
394
406
1204
395
407
1205
396
408
1206
397
1207
398
1208
399
1209
1210
401
409
402
410
403
411
404
412
405
406
407
408
410
411
412
414
427
1024
415
428
416
429
417
430
418
431
419
432
420
433
421
434
422
435
423
436
424
437
425
438
426
439
440
428
441
1025
429
442
430
443
431
444
432
445
433
446
434
447
435
448
436
449
437
450
438
451
439
452
440
453
454
442
455
1026
443
456
444
457
445
458
446
459
447
460
448
461
449
462
450
463
451
464
452
465
453
466
454
467
468
456
469
1027
457
470
458
471
459
472
460
473
461
474
462
475
463
476
464
477
465
478
466
479
467
480
468
481
482
470
483
1028
471
484
472
485
473
486
474
487
475
488
476
489
477
490
478
491
479
492
480
493
481
494
482
495
496
484
497
1029
485
498
486
499
487
500
488
501
489
502
490
503
491
504
492
505
493
506
494
507
495
508
496
509
510
498
511
1030
499
512
500
513
501
514
502
515
503
516
504
517
505
518
506
519
507
520
508
521
509
522
510
523
524
512
525
1031
513
526
514
527
515
528
516
529
517
530
518
531
519
532
520
533
521
534
522
535
523
536
524
537
538
526
539
1032
527
540
528
541
529
542
530
543
531
544
532
545
533
546
534
547
535
548
536
549
537
550
538
551
552
540
553
1033
541
554
542
555
543
556
544
557
545
558
546
559
547
560
548
561
549
562
550
563
551
564
552
565
566
554
567
1034
555
568
556
569
557
570
558
571
559
572
560
573
561
574
562
575
563
576
564
577
565
578
566
579
580
568
594
1035
569
608
570
622
571
636
572
650
573
663
574
676
575
689
576
701
577
713
578
725
579
736
580
747
758
582
595
1211
583
596
1197
584
597
1183
585
598
1169
586
599
1155
587
600
1141
588
601
1127
589
602
1113
590
603
1099
591
604
1085
592
605
1072
593
606
1059
594
607
1047
608
1035
596
609
597
610
598
611
599
612
600
613
601
614
602
615
603
616
604
617
605
618
606
619
607
620
608
621
622
610
623
611
624
612
625
613
626
614
627
615
628
616
629
617
630
618
631
619
632
620
633
621
634
622
635
636
624
637
625
638
626
639
627
640
628
641
629
642
630
643
631
644
632
645
633
646
634
647
635
648
636
649
650
638
639
651
640
652
641
653
642
654
643
655
644
656
645
657
646
658
647
659
648
660
649
661
650
662
663
652
664
653
665
654
666
655
667
656
668
657
669
658
670
659
671
660
672
661
673
662
674
663
675
676
665
677
666
678
667
679
668
680
669
681
670
682
671
683
672
684
673
685
674
686
675
687
676
688
689
678
679
690
680
691
681
692
682
693
683
694
684
695
685
696
686
697
687
698
688
699
689
700
701
691
702
692
703
693
704
694
705
695
706
696
707
697
708
698
709
699
710
700
711
701
712
713
703
714
704
715
705
716
706
717
707
718
708
719
709
720
710
721
711
722
712
723
713
724
725
715
716
726
717
727
718
728
719
729
720
730
721
731
722
732
723
733
724
734
725
735
736
727
737
728
738
729
739
730
740
731
741
732
742
733
743
734
744
735
745
736
746
747
738
748
739
749
740
750
741
751
742
752
743
753
744
754
745
755
746
756
747
757
758
749
750
768
751
767
752
766
753
765
754
764
755
763
756
762
757
761
758
760
759
760
769
761
770
762
771
763
772
764
773
765
774
766
775
767
776
768
777
778
770
779
771
780
772
781
773
782
774
783
775
784
776
785
777
786
778
787
788
780
789
781
790
782
791
783
792
784
793
785
794
786
795
787
796
788
797
798
790
800
791
801
792
802
793
803
794
804
795
805
796
806
797
807
798
808
799
809
810
801
811
802
812
803
813
804
814
805
815
806
816
807
817
808
818
809
819
810
820
821
812
822
813
823
814
824
815
825
816
826
817
827
818
828
819
829
820
830
821
831
832
823
833
824
834
825
835
826
836
827
837
828
838
829
839
830
840
831
841
832
842
843
834
844
835
845
836
846
837
847
838
848
839
849
840
850
841
851
842
852
843
853
854
845
855
846
856
847
857
848
858
849
859
850
860
851
861
852
862
853
863
854
864
865
856
866
857
867
858
868
859
869
860
870
861
871
862
872
863
873
864
874
865
875
876
867
877
868
878
869
879
870
880
871
881
872
882
873
883
874
884
875
885
876
886
887
878
888
879
889
880
890
881
891
882
892
883
893
884
894
885
895
886
896
887
897
898
889
899
890
900
891
901
892
902
893
903
894
904
895
905
896
906
897
907
898
908
909
900
910
901
924
902
938
903
952
904
966
905
980
906
994
907
1008
908
1017
909
1022
911
924
1268
912
925
1269
913
926
1270
914
927
1271
915
928
1272
916
929
1273
917
930
1274
918
931
1275
919
932
1276
920
933
1277
921
934
1278
922
935
1279
923
936
1280
937
1212
1281
925
938
926
939
927
940
928
941
929
942
930
943
931
944
932
945
933
946
934
947
935
948
936
949
937
950
951
1216
939
952
940
953
941
954
942
955
943
956
944
957
945
958
946
959
947
960
948
961
949
962
950
963
951
964
965
1219
953
966
954
967
955
968
956
969
957
970
958
971
959
972
960
973
961
974
962
975
963
976
964
977
965
978
979
1221
967
980
968
981
969
982
970
983
971
984
972
985
973
986
974
987
975
988
976
989
977
990
978
991
979
992
993
1222
981
994
982
995
983
996
984
997
985
998
986
999
987
1000
988
1001
989
1002
990
1003
991
1004
992
1005
993
1006
1007
995
1008
996
1009
997
1010
998
1011
999
1012
1000
1013
1001
1014
1002
1015
1003
1016
1004
1005
1006
1007
1009
1017
1010
1018
1011
1019
1012
1020
1013
1021
1014
1015
1016
1018
1022
1019
1023
1020
1021
1023
1025
1036
1026
1037
1027
1038
1028
1039
1029
1040
1030
1041
1031
1042
1032
1043
1033
1044
1034
1045
1035
1046
1047
1037
1048
1038
1049
1039
1050
1040
1051
1041
1052
1042
1053
1043
1054
1044
1055
1045
1056
1046
1057
1047
1058
1059
1049
1061
1050
1062
1051
1063
1052
1064
1053
1065
1054
1066
1055
1067
1056
1068
1057
1069
1058
1070
1059
1071
1072
1061
1073
1062
1074
1063
1075
1064
1076
1065
1077
1066
1078
1067
1079
1068
1080
1069
1081
1070
1082
1071
1083
1072
1084
1085
1074
1087
1075
1088
1076
1089
1077
1090
1078
1091
1079
1092
1080
1093
1081
1094
1082
1095
1083
1096
1084
1097
1085
1098
1099
1087
1100
1088
1101
1089
1102
1090
1103
1091
1104
1092
1105
1093
1106
1094
1107
1095
1108
1096
1109
1097
1110
1098
1111
1099
1112
1113
1101
1114
1102
1115
1103
1116
1104
1117
1105
1118
1106
1119
1107
1120
1108
1121
1109
1122
1110
1123
1111
1124
1112
1125
1113
1126
1127
1115
1128
1116
1129
1117
1130
1118
1131
1119
1132
1120
1133
1121
1134
1122
1135
1123
1136
1124
1137
1125
1138
1126
1139
1127
1140
1141
1129
1142
1130
1143
1131
1144
1132
1145
1133
1146
1134
1147
1135
1148
1136
1149
1137
1150
1138
1151
1139
1152
1140
1153
1141
1154
1155
1143
1156
1144
1157
1145
1158
1146
1159
1147
1160
1148
1161
1149
1162
1150
1163
1151
1164
1152
1165
1153
1166
1154
1167
1155
1168
1169
1157
1170
1158
1171
1159
1172
1160
1173
1161
1174
1162
1175
1163
1176
1164
1177
1165
1178
1166
1179
1167
1180
1168
1181
1169
1182
1183
1171
1184
1172
1185
1173
1186
1174
1187
1175
1188
1176
1189
1177
1190
1178
1191
1179
1192
1180
1193
1181
1194
1182
1195
1183
1196
1197
1185
1198
1186
1199
1187
1200
1188
1201
1189
1202
1190
1203
1191
1204
1192
1205
1193
1206
1194
1207
1195
1208
1196
1209
1197
1210
1211
1199
1200
1201
1202
1203
1204
1205
1206
1207
1208
1209
1210
1211
1213
1216
1395
1214
1217
1394
1215
1218
1393
1392
1217
1219
1218
1220
1220
1221
1222
1224
1236
1267
1225
1226
1227
1228
1229
1230
1231
1232
1233
1234
1235
1266
1238
1239
1240
1241
1242
1243
1244
1245
1245
1246
1247
1248
1249
1249
1250
1251
1252
1253
1253
1254
1255
1256
1256
1257
1258
1259
1259
1260
1261
1262
1263
1263
1264
1265
1266
1267
1269
1282
1270
1283
1271
1284
1272
1285
1273
1286
1274
1287
1275
1288
1276
1289
1277
1290
1278
1291
1279
1292
1280
1293
1281
1294
1295
1395
1283
1296
1284
1297
1285
1298
1286
1299
1287
1300
1288
1301
1289
1302
1290
1303
1291
1304
1292
1305
1293
1306
1294
1307
1295
1308
1309
1388
1297
1310
1298
1311
1299
1312
1300
1313
1301
1314
1302
1315
1303
1316
1304
1317
1305
1318
1306
1319
1307
1320
1308
1321
1309
1322
1323
1377
1311
1312
1313
1314
1315
1316
1317
1318
1319
1320
1321
1322
1323
1363
1325
1326
1327
1327
1331
1328
1332
1329
1333
1330
1334
1335
1332
1339
1333
1340
1334
1341
1335
1342
1336
1343
1337
1344
1338
1345
1346
1340
1350
1341
1351
1342
1352
1343
1353
1344
1354
1345
1355
1346
1356
1347
1357
1348
1358
1349
1359
1360
1351
1364
1352
1365
1353
1366
1354
1367
1355
1368
1356
1369
1357
1370
1358
1371
1359
1372
1360
1373
1361
1374
1362
1375
1363
1376
1377
1365
1366
1367
1368
1378
1369
1379
1370
1380
1371
1381
1372
1382
1373
1383
1374
1384
1375
1385
1376
1386
1377
1387
1388
1379
1380
1381
1382
1383
1389
1384
1390
1385
1391
1386
1392
1387
1393
1388
1394
1395
1390
1391
1392
1393
1394
1395
)


// ************************************************************************* //
