/*--------------------------------*- C++ -*----------------------------------*\
| =========                 |                                                 |
| \\      /  F ield         | OpenFOAM: The Open Source CFD Toolbox           |
|  \\    /   O peration     | Version:  2206                                  |
|   \\  /    A nd           | Website:  www.openfoam.com                      |
|    \\/     M anipulation  |                                                 |
\*---------------------------------------------------------------------------*/
FoamFile
{
    version     2.0;
    format      ascii;
    arch        "LSB;label=32;scalar=64";
    class       vectorField;
    location    "constant/polyMesh";
    object      points;
}
// * * * * * * * * * * * * * * * * * * * * * * * * * * * * * * * * * * * * * //


3162
(
(1.201377 -0.10449146 0)
(1.201771 -0.10400854 0)
(1.1 0.28 0)
(1.2 -0.08 0)
(1.22 -0.08 0)
(1.2 -0.24 0)
(1.14 -0.03 0)
(1.14 0 0)
(1.19 0.25 0)
(1.14 0 1)
(1.14 -0.03 1)
(1.19 0.25 1)
(1.1 0.28 1)
(1.22 -0.08 1)
(1.2 -0.08 1)
(1.201771 -0.10400854 1)
(1.201377 -0.10449146 1)
(1.2 -0.24 1)
(1.086428571 0.2828571429 0)
(1.114285714 -0.03714285714 0)
(1.121428571 -0.04071428571 0)
(1.128571429 -0.04428571429 0)
(1.135714286 -0.04785714286 0)
(1.142857143 -0.05142857143 0)
(1.15 -0.055 0)
(1.157142857 -0.05857142857 0)
(1.164285714 -0.06214285714 0)
(1.171428571 -0.06571428571 0)
(1.178571429 -0.06928571429 0)
(1.185714286 -0.07285714286 0)
(1.192857143 -0.07642857143 0)
(1.203787357 -0.1044365014 0)
(1.205803714 -0.1048644629 0)
(1.207820071 -0.1052924243 0)
(1.209836429 -0.1057203857 0)
(1.211852786 -0.1061483471 0)
(1.213869143 -0.1065763086 0)
(1.2158855 -0.10700427 0)
(1.217901857 -0.1074322314 0)
(1.219918214 -0.1078601929 0)
(1.221934571 -0.1082881543 0)
(1.223950929 -0.1087161157 0)
(1.2034215 -0.10524207 0)
(1.205466 -0.10599268 0)
(1.2075105 -0.10674329 0)
(1.209555 -0.1074939 0)
(1.2115995 -0.10824451 0)
(1.213644 -0.10899512 0)
(1.2156885 -0.10974573 0)
(1.217733 -0.11049634 0)
(1.2197775 -0.11124695 0)
(1.221822 -0.11199756 0)
(1.2238665 -0.11274817 0)
(1.2001265 -0.08171489571 0)
(1.200253 -0.08342979143 0)
(1.2003795 -0.08514468714 0)
(1.200506 -0.08685958286 0)
(1.2006325 -0.08857447857 0)
(1.200759 -0.09028937429 0)
(1.2008855 -0.09200427 0)
(1.201012 -0.09371916571 0)
(1.2011385 -0.09543406143 0)
(1.201265 -0.09714895714 0)
(1.2013915 -0.09886385286 0)
(1.201518 -0.1005787486 0)
(1.2016445 -0.1022936443 0)
(1.201428571 -0.08 0)
(1.202857143 -0.08 0)
(1.204285714 -0.08 0)
(1.205714286 -0.08 0)
(1.207142857 -0.08 0)
(1.208571429 -0.08 0)
(1.21 -0.08 0)
(1.211428571 -0.08 0)
(1.212857143 -0.08 0)
(1.214285714 -0.08 0)
(1.215714286 -0.08 0)
(1.217142857 -0.08 0)
(1.218571429 -0.08 0)
(1.220714286 -0.08214285714 0)
(1.221428571 -0.08428571429 0)
(1.222142857 -0.08642857143 0)
(1.222857143 -0.08857142857 0)
(1.223571429 -0.09071428571 0)
(1.203571429 -0.24 0)
(1.207142857 -0.24 0)
(1.210714286 -0.24 0)
(1.214285714 -0.24 0)
(1.217857143 -0.24 0)
(1.221428571 -0.24 0)
(1.225 -0.24 0)
(1.178571429 0.6171428571 0)
(1.257142857 0.9542857143 0)
(1.094285714 5 0)
(1.186428571 5 0)
(1.205 -0.58 0)
(1.21 -0.92 0)
(1.215 -1.26 0)
(1.22 -1.6 0)
(1.225 -1.94 0)
(1.23 -2.28 0)
(1.235 -2.62 0)
(1.115468418 -0.05586649875 0)
(1.122971502 -0.05929352239 0)
(1.13043071 -0.06281509047 0)
(1.137849122 -0.06642188562 0)
(1.145225224 -0.07011440627 0)
(1.152548343 -0.07391080647 0)
(1.15980781 -0.07782753425 0)
(1.167001313 -0.08186415515 0)
(1.174126165 -0.08602071228 0)
(1.181169269 -0.0903140762 0)
(1.188081207 -0.09481533026 0)
(1.194963252 -0.09936211418 0)
(1.201742857 -0.1040430343 0)
(1.201714714 -0.1040775286 0)
(1.201686571 -0.1041120229 0)
(1.201658429 -0.1041465171 0)
(1.201630286 -0.1041810114 0)
(1.201602143 -0.1042155057 0)
(1.201574 -0.10425 0)
(1.201545857 -0.1042844943 0)
(1.201517714 -0.1043189886 0)
(1.201489571 -0.1043534829 0)
(1.201461429 -0.1043879771 0)
(1.201433286 -0.1044224714 0)
(1.201405143 -0.1044569657 0)
(1.180451183 -0.09525119966 0)
(1.159261499 -0.08658050254 0)
(1.137740156 -0.0787629405 0)
(1.115931261 -0.07178907799 0)
(1.201278643 -0.1141706414 0)
(1.201180286 -0.1238498229 0)
(1.201081929 -0.1335290043 0)
(1.200983571 -0.1432081857 0)
(1.200885214 -0.1528873671 0)
(1.200786857 -0.1625665486 0)
(1.2006885 -0.17224573 0)
(1.200590143 -0.1819249114 0)
(1.200491786 -0.1916040929 0)
(1.200393429 -0.2012832743 0)
(1.200295071 -0.2109624557 0)
(1.200196714 -0.2206416371 0)
(1.200098357 -0.2303208186 0)
(1.228571429 0.1416071429 0)
(1.214285714 0.1239285714 0)
(1.2 0.10625 0)
(1.185714286 0.08857142857 0)
(1.171428571 0.07089285714 0)
(1.157142857 0.05321428571 0)
(1.142857143 0.03553571429 0)
(1.128571429 0.01785714286 0)
(1.114285714 0.0001785714286 0)
(1.114285714 -0.03 0)
(1.117142857 -0.03 0)
(1.12 -0.03 0)
(1.122857143 -0.03 0)
(1.125714286 -0.03 0)
(1.128571429 -0.03 0)
(1.131428571 -0.03 0)
(1.134285714 -0.03 0)
(1.137142857 -0.03 0)
(1.145714286 -0.03357142857 0)
(1.151428571 -0.03714285714 0)
(1.157142857 -0.04071428571 0)
(1.162857143 -0.04428571429 0)
(1.168571429 -0.04785714286 0)
(1.174285714 -0.05142857143 0)
(1.18 -0.055 0)
(1.185714286 -0.05857142857 0)
(1.191428571 -0.06214285714 0)
(1.197142857 -0.06571428571 0)
(1.202857143 -0.06928571429 0)
(1.208571429 -0.07285714286 0)
(1.214285714 -0.07642857143 0)
(1.165714286 -0.03071428571 0)
(1.191428571 -0.03142857143 0)
(1.217142857 -0.03214285714 0)
(1.111428571 -0.0125 0)
(1.114285714 -0.01125 0)
(1.117142857 -0.01 0)
(1.12 -0.00875 0)
(1.122857143 -0.0075 0)
(1.125714286 -0.00625 0)
(1.128571429 -0.005 0)
(1.131428571 -0.00375 0)
(1.134285714 -0.0025 0)
(1.137142857 -0.00125 0)
(1.14 -0.02785714286 0)
(1.14 -0.02571428571 0)
(1.14 -0.02357142857 0)
(1.14 -0.02142857143 0)
(1.14 -0.01928571429 0)
(1.14 -0.01714285714 0)
(1.14 -0.015 0)
(1.14 -0.01285714286 0)
(1.14 -0.01071428571 0)
(1.14 -0.008571428571 0)
(1.14 -0.006428571429 0)
(1.14 -0.004285714286 0)
(1.14 -0.002142857143 0)
(1.155 0.01571428571 0)
(1.17 0.03142857143 0)
(1.185 0.04714285714 0)
(1.2 0.06285714286 0)
(1.215 0.07857142857 0)
(1.23 0.09428571429 0)
(1.165714286 -0.001428571429 0)
(1.191428571 -0.002857142857 0)
(1.217142857 -0.004285714286 0)
(1.175714286 0.2328571429 0)
(1.161428571 0.2157142857 0)
(1.147142857 0.1985714286 0)
(1.132857143 0.1814285714 0)
(1.118571429 0.1642857143 0)
(1.106428571 0.2778571429 0)
(1.112857143 0.2757142857 0)
(1.119285714 0.2735714286 0)
(1.125714286 0.2714285714 0)
(1.132142857 0.2692857143 0)
(1.138571429 0.2671428571 0)
(1.145 0.265 0)
(1.151428571 0.2628571429 0)
(1.157857143 0.2607142857 0)
(1.164285714 0.2585714286 0)
(1.170714286 0.2564285714 0)
(1.177142857 0.2542857143 0)
(1.183571429 0.2521428571 0)
(1.197857143 0.2485714286 0)
(1.205714286 0.2471428571 0)
(1.213571429 0.2457142857 0)
(1.221428571 0.2442857143 0)
(1.229285714 0.2428571429 0)
(1.111428571 -0.2571428571 0)
(1.133571429 -0.2528571429 0)
(1.155714286 -0.2485714286 0)
(1.177857143 -0.2442857143 0)
(1.127142857 -5 0)
(1.145 -5 0)
(1.162857143 -5 0)
(1.180714286 -5 0)
(1.198571429 -5 0)
(1.216428571 -5 0)
(1.234285714 -5 0)
(1.165714286 -0.001428571429 1)
(1.191428571 -0.002857142857 1)
(1.217142857 -0.004285714286 1)
(1.217142857 -0.03214285714 1)
(1.191428571 -0.03142857143 1)
(1.165714286 -0.03071428571 1)
(1.14 -0.02785714286 1)
(1.14 -0.02571428571 1)
(1.14 -0.02357142857 1)
(1.14 -0.02142857143 1)
(1.14 -0.01928571429 1)
(1.14 -0.01714285714 1)
(1.14 -0.015 1)
(1.14 -0.01285714286 1)
(1.14 -0.01071428571 1)
(1.14 -0.008571428571 1)
(1.14 -0.006428571429 1)
(1.14 -0.004285714286 1)
(1.14 -0.002142857143 1)
(1.111428571 -0.0125 1)
(1.114285714 -0.01125 1)
(1.117142857 -0.01 1)
(1.12 -0.00875 1)
(1.122857143 -0.0075 1)
(1.125714286 -0.00625 1)
(1.128571429 -0.005 1)
(1.131428571 -0.00375 1)
(1.134285714 -0.0025 1)
(1.137142857 -0.00125 1)
(1.137142857 -0.03 1)
(1.134285714 -0.03 1)
(1.131428571 -0.03 1)
(1.128571429 -0.03 1)
(1.125714286 -0.03 1)
(1.122857143 -0.03 1)
(1.12 -0.03 1)
(1.117142857 -0.03 1)
(1.114285714 -0.03 1)
(1.175714286 0.2328571429 1)
(1.161428571 0.2157142857 1)
(1.147142857 0.1985714286 1)
(1.132857143 0.1814285714 1)
(1.118571429 0.1642857143 1)
(1.114285714 0.0001785714286 1)
(1.128571429 0.01785714286 1)
(1.142857143 0.03553571429 1)
(1.157142857 0.05321428571 1)
(1.171428571 0.07089285714 1)
(1.185714286 0.08857142857 1)
(1.2 0.10625 1)
(1.214285714 0.1239285714 1)
(1.228571429 0.1416071429 1)
(1.229285714 0.2428571429 1)
(1.221428571 0.2442857143 1)
(1.213571429 0.2457142857 1)
(1.205714286 0.2471428571 1)
(1.197857143 0.2485714286 1)
(1.106428571 0.2778571429 1)
(1.112857143 0.2757142857 1)
(1.119285714 0.2735714286 1)
(1.125714286 0.2714285714 1)
(1.132142857 0.2692857143 1)
(1.138571429 0.2671428571 1)
(1.145 0.265 1)
(1.151428571 0.2628571429 1)
(1.157857143 0.2607142857 1)
(1.164285714 0.2585714286 1)
(1.170714286 0.2564285714 1)
(1.177142857 0.2542857143 1)
(1.183571429 0.2521428571 1)
(1.155 0.01571428571 1)
(1.17 0.03142857143 1)
(1.185 0.04714285714 1)
(1.2 0.06285714286 1)
(1.215 0.07857142857 1)
(1.23 0.09428571429 1)
(1.214285714 -0.07642857143 1)
(1.208571429 -0.07285714286 1)
(1.202857143 -0.06928571429 1)
(1.197142857 -0.06571428571 1)
(1.191428571 -0.06214285714 1)
(1.185714286 -0.05857142857 1)
(1.18 -0.055 1)
(1.174285714 -0.05142857143 1)
(1.168571429 -0.04785714286 1)
(1.162857143 -0.04428571429 1)
(1.157142857 -0.04071428571 1)
(1.151428571 -0.03714285714 1)
(1.145714286 -0.03357142857 1)
(1.114285714 -0.03714285714 1)
(1.121428571 -0.04071428571 1)
(1.128571429 -0.04428571429 1)
(1.135714286 -0.04785714286 1)
(1.142857143 -0.05142857143 1)
(1.15 -0.055 1)
(1.157142857 -0.05857142857 1)
(1.164285714 -0.06214285714 1)
(1.171428571 -0.06571428571 1)
(1.178571429 -0.06928571429 1)
(1.185714286 -0.07285714286 1)
(1.192857143 -0.07642857143 1)
(1.2001265 -0.08171489571 1)
(1.200253 -0.08342979143 1)
(1.2003795 -0.08514468714 1)
(1.200506 -0.08685958286 1)
(1.2006325 -0.08857447857 1)
(1.200759 -0.09028937429 1)
(1.2008855 -0.09200427 1)
(1.201012 -0.09371916571 1)
(1.2011385 -0.09543406143 1)
(1.201265 -0.09714895714 1)
(1.2013915 -0.09886385286 1)
(1.201518 -0.1005787486 1)
(1.2016445 -0.1022936443 1)
(1.194963252 -0.09936211418 1)
(1.188081207 -0.09481533026 1)
(1.181169269 -0.0903140762 1)
(1.174126165 -0.08602071228 1)
(1.167001313 -0.08186415515 1)
(1.15980781 -0.07782753425 1)
(1.152548343 -0.07391080647 1)
(1.145225224 -0.07011440627 1)
(1.137849122 -0.06642188562 1)
(1.13043071 -0.06281509047 1)
(1.122971502 -0.05929352239 1)
(1.115468418 -0.05586649875 1)
(1.220714286 -0.08214285714 1)
(1.221428571 -0.08428571429 1)
(1.222142857 -0.08642857143 1)
(1.222857143 -0.08857142857 1)
(1.223571429 -0.09071428571 1)
(1.223950929 -0.1087161157 1)
(1.221934571 -0.1082881543 1)
(1.219918214 -0.1078601929 1)
(1.217901857 -0.1074322314 1)
(1.2158855 -0.10700427 1)
(1.213869143 -0.1065763086 1)
(1.211852786 -0.1061483471 1)
(1.209836429 -0.1057203857 1)
(1.207820071 -0.1052924243 1)
(1.205803714 -0.1048644629 1)
(1.203787357 -0.1044365014 1)
(1.201428571 -0.08 1)
(1.202857143 -0.08 1)
(1.204285714 -0.08 1)
(1.205714286 -0.08 1)
(1.207142857 -0.08 1)
(1.208571429 -0.08 1)
(1.21 -0.08 1)
(1.211428571 -0.08 1)
(1.212857143 -0.08 1)
(1.214285714 -0.08 1)
(1.215714286 -0.08 1)
(1.217142857 -0.08 1)
(1.218571429 -0.08 1)
(1.201742857 -0.1040430343 1)
(1.201714714 -0.1040775286 1)
(1.201686571 -0.1041120229 1)
(1.201658429 -0.1041465171 1)
(1.201630286 -0.1041810114 1)
(1.201602143 -0.1042155057 1)
(1.201574 -0.10425 1)
(1.201545857 -0.1042844943 1)
(1.201517714 -0.1043189886 1)
(1.201489571 -0.1043534829 1)
(1.201461429 -0.1043879771 1)
(1.201433286 -0.1044224714 1)
(1.201405143 -0.1044569657 1)
(1.2034215 -0.10524207 1)
(1.205466 -0.10599268 1)
(1.2075105 -0.10674329 1)
(1.209555 -0.1074939 1)
(1.2115995 -0.10824451 1)
(1.213644 -0.10899512 1)
(1.2156885 -0.10974573 1)
(1.217733 -0.11049634 1)
(1.2197775 -0.11124695 1)
(1.221822 -0.11199756 1)
(1.2238665 -0.11274817 1)
(1.225 -0.24 1)
(1.221428571 -0.24 1)
(1.217857143 -0.24 1)
(1.214285714 -0.24 1)
(1.210714286 -0.24 1)
(1.207142857 -0.24 1)
(1.203571429 -0.24 1)
(1.200098357 -0.2303208186 1)
(1.200196714 -0.2206416371 1)
(1.200295071 -0.2109624557 1)
(1.200393429 -0.2012832743 1)
(1.200491786 -0.1916040929 1)
(1.200590143 -0.1819249114 1)
(1.2006885 -0.17224573 1)
(1.200786857 -0.1625665486 1)
(1.200885214 -0.1528873671 1)
(1.200983571 -0.1432081857 1)
(1.201081929 -0.1335290043 1)
(1.201180286 -0.1238498229 1)
(1.201278643 -0.1141706414 1)
(1.235 -2.62 1)
(1.23 -2.28 1)
(1.225 -1.94 1)
(1.22 -1.6 1)
(1.215 -1.26 1)
(1.21 -0.92 1)
(1.205 -0.58 1)
(1.086428571 0.2828571429 1)
(1.178571429 0.6171428571 1)
(1.257142857 0.9542857143 1)
(1.094285714 5 1)
(1.186428571 5 1)
(1.180451183 -0.09525119966 1)
(1.159261499 -0.08658050254 1)
(1.137740156 -0.0787629405 1)
(1.115931261 -0.07178907799 1)
(1.111428571 -0.2571428571 1)
(1.133571429 -0.2528571429 1)
(1.155714286 -0.2485714286 1)
(1.177857143 -0.2442857143 1)
(1.127142857 -5 1)
(1.145 -5 1)
(1.162857143 -5 1)
(1.180714286 -5 1)
(1.198571429 -5 1)
(1.216428571 -5 1)
(1.234285714 -5 1)
(1.165714286 -0.003520408163 0)
(1.165714286 -0.005612244898 0)
(1.165714286 -0.007704081633 0)
(1.165714286 -0.009795918367 0)
(1.165714286 -0.0118877551 0)
(1.165714286 -0.01397959184 0)
(1.165714286 -0.01607142857 0)
(1.165714286 -0.01816326531 0)
(1.165714286 -0.02025510204 0)
(1.165714286 -0.02234693878 0)
(1.165714286 -0.02443877551 0)
(1.165714286 -0.02653061224 0)
(1.165714286 -0.02862244898 0)
(1.191428571 -0.004897959184 0)
(1.191428571 -0.00693877551 0)
(1.191428571 -0.008979591837 0)
(1.191428571 -0.01102040816 0)
(1.191428571 -0.01306122449 0)
(1.191428571 -0.01510204082 0)
(1.191428571 -0.01714285714 0)
(1.191428571 -0.01918367347 0)
(1.191428571 -0.0212244898 0)
(1.191428571 -0.02326530612 0)
(1.191428571 -0.02530612245 0)
(1.191428571 -0.02734693878 0)
(1.191428571 -0.0293877551 0)
(1.217142857 -0.006275510204 0)
(1.217142857 -0.008265306122 0)
(1.217142857 -0.01025510204 0)
(1.217142857 -0.01224489796 0)
(1.217142857 -0.01423469388 0)
(1.217142857 -0.0162244898 0)
(1.217142857 -0.01821428571 0)
(1.217142857 -0.02020408163 0)
(1.217142857 -0.02219387755 0)
(1.217142857 -0.02418367347 0)
(1.217142857 -0.02617346939 0)
(1.217142857 -0.02816326531 0)
(1.217142857 -0.03015306122 0)
(1.117142857 -0.01142857143 0)
(1.117142857 -0.01285714286 0)
(1.117142857 -0.01428571429 0)
(1.117142857 -0.01571428571 0)
(1.117142857 -0.01714285714 0)
(1.117142857 -0.01857142857 0)
(1.117142857 -0.02 0)
(1.117142857 -0.02142857143 0)
(1.117142857 -0.02285714286 0)
(1.117142857 -0.02428571429 0)
(1.117142857 -0.02571428571 0)
(1.117142857 -0.02714285714 0)
(1.117142857 -0.02857142857 0)
(1.12 -0.01026785714 0)
(1.12 -0.01178571429 0)
(1.12 -0.01330357143 0)
(1.12 -0.01482142857 0)
(1.12 -0.01633928571 0)
(1.12 -0.01785714286 0)
(1.12 -0.019375 0)
(1.12 -0.02089285714 0)
(1.12 -0.02241071429 0)
(1.12 -0.02392857143 0)
(1.12 -0.02544642857 0)
(1.12 -0.02696428571 0)
(1.12 -0.02848214286 0)
(1.122857143 -0.009107142857 0)
(1.122857143 -0.01071428571 0)
(1.122857143 -0.01232142857 0)
(1.122857143 -0.01392857143 0)
(1.122857143 -0.01553571429 0)
(1.122857143 -0.01714285714 0)
(1.122857143 -0.01875 0)
(1.122857143 -0.02035714286 0)
(1.122857143 -0.02196428571 0)
(1.122857143 -0.02357142857 0)
(1.122857143 -0.02517857143 0)
(1.122857143 -0.02678571429 0)
(1.122857143 -0.02839285714 0)
(1.125714286 -0.007946428571 0)
(1.125714286 -0.009642857143 0)
(1.125714286 -0.01133928571 0)
(1.125714286 -0.01303571429 0)
(1.125714286 -0.01473214286 0)
(1.125714286 -0.01642857143 0)
(1.125714286 -0.018125 0)
(1.125714286 -0.01982142857 0)
(1.125714286 -0.02151785714 0)
(1.125714286 -0.02321428571 0)
(1.125714286 -0.02491071429 0)
(1.125714286 -0.02660714286 0)
(1.125714286 -0.02830357143 0)
(1.128571429 -0.006785714286 0)
(1.128571429 -0.008571428571 0)
(1.128571429 -0.01035714286 0)
(1.128571429 -0.01214285714 0)
(1.128571429 -0.01392857143 0)
(1.128571429 -0.01571428571 0)
(1.128571429 -0.0175 0)
(1.128571429 -0.01928571429 0)
(1.128571429 -0.02107142857 0)
(1.128571429 -0.02285714286 0)
(1.128571429 -0.02464285714 0)
(1.128571429 -0.02642857143 0)
(1.128571429 -0.02821428571 0)
(1.131428571 -0.005625 0)
(1.131428571 -0.0075 0)
(1.131428571 -0.009375 0)
(1.131428571 -0.01125 0)
(1.131428571 -0.013125 0)
(1.131428571 -0.015 0)
(1.131428571 -0.016875 0)
(1.131428571 -0.01875 0)
(1.131428571 -0.020625 0)
(1.131428571 -0.0225 0)
(1.131428571 -0.024375 0)
(1.131428571 -0.02625 0)
(1.131428571 -0.028125 0)
(1.134285714 -0.004464285714 0)
(1.134285714 -0.006428571429 0)
(1.134285714 -0.008392857143 0)
(1.134285714 -0.01035714286 0)
(1.134285714 -0.01232142857 0)
(1.134285714 -0.01428571429 0)
(1.134285714 -0.01625 0)
(1.134285714 -0.01821428571 0)
(1.134285714 -0.02017857143 0)
(1.134285714 -0.02214285714 0)
(1.134285714 -0.02410714286 0)
(1.134285714 -0.02607142857 0)
(1.134285714 -0.02803571429 0)
(1.137142857 -0.003303571429 0)
(1.137142857 -0.005357142857 0)
(1.137142857 -0.007410714286 0)
(1.137142857 -0.009464285714 0)
(1.137142857 -0.01151785714 0)
(1.137142857 -0.01357142857 0)
(1.137142857 -0.015625 0)
(1.137142857 -0.01767857143 0)
(1.137142857 -0.01973214286 0)
(1.137142857 -0.02178571429 0)
(1.137142857 -0.02383928571 0)
(1.137142857 -0.02589285714 0)
(1.137142857 -0.02794642857 0)
(1.183571429 0.2313903061 0)
(1.191428571 0.2299234694 0)
(1.199285714 0.2284566327 0)
(1.207142857 0.2269897959 0)
(1.215 0.2255229592 0)
(1.222857143 0.2240561224 0)
(1.230714286 0.2225892857 0)
(1.169285714 0.2142091837 0)
(1.177142857 0.2127040816 0)
(1.185 0.2111989796 0)
(1.192857143 0.2096938776 0)
(1.200714286 0.2081887755 0)
(1.208571429 0.2066836735 0)
(1.216428571 0.2051785714 0)
(1.224285714 0.2036734694 0)
(1.232142857 0.2021683673 0)
(1.155 0.1970280612 0)
(1.162857143 0.1954846939 0)
(1.170714286 0.1939413265 0)
(1.178571429 0.1923979592 0)
(1.186428571 0.1908545918 0)
(1.194285714 0.1893112245 0)
(1.202142857 0.1877678571 0)
(1.21 0.1862244898 0)
(1.217857143 0.1846811224 0)
(1.225714286 0.1831377551 0)
(1.233571429 0.1815943878 0)
(1.140714286 0.1798469388 0)
(1.148571429 0.1782653061 0)
(1.156428571 0.1766836735 0)
(1.164285714 0.1751020408 0)
(1.172142857 0.1735204082 0)
(1.18 0.1719387755 0)
(1.187857143 0.1703571429 0)
(1.195714286 0.1687755102 0)
(1.203571429 0.1671938776 0)
(1.211428571 0.1656122449 0)
(1.219285714 0.1640306122 0)
(1.227142857 0.1624489796 0)
(1.126428571 0.1626658163 0)
(1.134285714 0.1610459184 0)
(1.142142857 0.1594260204 0)
(1.15 0.1578061224 0)
(1.157857143 0.1561862245 0)
(1.165714286 0.1545663265 0)
(1.173571429 0.1529464286 0)
(1.181428571 0.1513265306 0)
(1.189285714 0.1497066327 0)
(1.197142857 0.1480867347 0)
(1.205 0.1464668367 0)
(1.212857143 0.1448469388 0)
(1.220714286 0.1432270408 0)
(1.112142857 0.1454846939 0)
(1.12 0.1438265306 0)
(1.127857143 0.1421683673 0)
(1.135714286 0.1405102041 0)
(1.143571429 0.1388520408 0)
(1.151428571 0.1371938776 0)
(1.159285714 0.1355357143 0)
(1.167142857 0.133877551 0)
(1.175 0.1322193878 0)
(1.182857143 0.1305612245 0)
(1.190714286 0.1289030612 0)
(1.198571429 0.127244898 0)
(1.206428571 0.1255867347 0)
(1.113571429 0.1249107143 0)
(1.121428571 0.1232142857 0)
(1.129285714 0.1215178571 0)
(1.137142857 0.1198214286 0)
(1.145 0.118125 0)
(1.152857143 0.1164285714 0)
(1.160714286 0.1147321429 0)
(1.168571429 0.1130357143 0)
(1.176428571 0.1113392857 0)
(1.184285714 0.1096428571 0)
(1.192142857 0.1079464286 0)
(1.107142857 0.1059183673 0)
(1.115 0.1041836735 0)
(1.122857143 0.1024489796 0)
(1.130714286 0.1007142857 0)
(1.138571429 0.09897959184 0)
(1.146428571 0.09724489796 0)
(1.154285714 0.09551020408 0)
(1.162142857 0.0937755102 0)
(1.17 0.09204081633 0)
(1.177857143 0.09030612245 0)
(1.108571429 0.08507653061 0)
(1.116428571 0.08330357143 0)
(1.124285714 0.08153061225 0)
(1.132142857 0.07975765306 0)
(1.14 0.07798469388 0)
(1.147857143 0.07621173469 0)
(1.155714286 0.07443877551 0)
(1.163571429 0.07266581633 0)
(1.11 0.06408163265 0)
(1.117857143 0.06227040816 0)
(1.125714286 0.06045918367 0)
(1.133571429 0.05864795918 0)
(1.141428571 0.05683673469 0)
(1.149285714 0.0550255102 0)
(1.111428571 0.04293367347 0)
(1.119285714 0.04108418367 0)
(1.127142857 0.03923469388 0)
(1.135 0.03738520408 0)
(1.112857143 0.02163265306 0)
(1.120714286 0.01974489796 0)
(1.106428571 0.002104591837 0)
(1.169508163 0.2348713155 0)
(1.163302041 0.2368854881 0)
(1.157095918 0.2388996607 0)
(1.150889796 0.2409138333 0)
(1.144683673 0.2429280059 0)
(1.138477551 0.2449421785 0)
(1.132271429 0.2469563511 0)
(1.126065306 0.2489705237 0)
(1.119859184 0.2509846963 0)
(1.113653061 0.2529988689 0)
(1.155444898 0.2175997738 0)
(1.149461224 0.2194852618 0)
(1.143477551 0.2213707499 0)
(1.137493878 0.223256238 0)
(1.131510204 0.225141726 0)
(1.125526531 0.2270272141 0)
(1.119542857 0.2289127021 0)
(1.113559184 0.2307981902 0)
(1.141381633 0.2003282321 0)
(1.135620408 0.2020850356 0)
(1.129859184 0.2038418391 0)
(1.124097959 0.2055986427 0)
(1.118336735 0.2073554462 0)
(1.11257551 0.2091122497 0)
(1.127318367 0.1830566904 0)
(1.121779592 0.1846848094 0)
(1.116240816 0.1863129284 0)
(1.110702041 0.1879410473 0)
(1.113255102 0.1657851487 0)
(1.107938776 0.1672845832 0)
(1.117193878 0.001288265306 0)
(1.131530612 0.01882653061 0)
(1.145867347 0.03636479592 0)
(1.160204082 0.05390306122 0)
(1.174540816 0.07144132653 0)
(1.188877551 0.08897959184 0)
(1.203214286 0.1065178571 0)
(1.21755102 0.1240561224 0)
(1.120102041 0.002397959184 0)
(1.134489796 0.01979591837 0)
(1.148877551 0.03719387755 0)
(1.163265306 0.05459183673 0)
(1.177653061 0.07198979592 0)
(1.192040816 0.0893877551 0)
(1.206428571 0.1067857143 0)
(1.220816327 0.1241836735 0)
(1.123010204 0.003507653061 0)
(1.13744898 0.02076530612 0)
(1.151887755 0.03802295918 0)
(1.166326531 0.05528061224 0)
(1.180765306 0.07253826531 0)
(1.195204082 0.08979591837 0)
(1.209642857 0.1070535714 0)
(1.224081633 0.1243112245 0)
(1.125918367 0.004617346939 0)
(1.140408163 0.02173469388 0)
(1.154897959 0.03885204082 0)
(1.169387755 0.05596938776 0)
(1.183877551 0.07308673469 0)
(1.198367347 0.09020408163 0)
(1.212857143 0.1073214286 0)
(1.227346939 0.1244387755 0)
(1.128826531 0.005727040816 0)
(1.143367347 0.02270408163 0)
(1.157908163 0.03968112245 0)
(1.17244898 0.05665816327 0)
(1.186989796 0.07363520408 0)
(1.201530612 0.0906122449 0)
(1.216071429 0.1075892857 0)
(1.230612245 0.1245663265 0)
(1.131734694 0.006836734694 0)
(1.146326531 0.02367346939 0)
(1.160918367 0.04051020408 0)
(1.175510204 0.05734693878 0)
(1.190102041 0.07418367347 0)
(1.204693878 0.09102040816 0)
(1.219285714 0.1078571429 0)
(1.134642857 0.007946428571 0)
(1.149285714 0.02464285714 0)
(1.163928571 0.04133928571 0)
(1.178571429 0.05803571429 0)
(1.193214286 0.07473214286 0)
(1.207857143 0.09142857143 0)
(1.2225 0.108125 0)
(1.13755102 0.009056122449 0)
(1.152244898 0.0256122449 0)
(1.166938776 0.04216836735 0)
(1.181632653 0.0587244898 0)
(1.196326531 0.07528061224 0)
(1.211020408 0.09183673469 0)
(1.225714286 0.1083928571 0)
(1.140459184 0.01016581633 0)
(1.155204082 0.02658163265 0)
(1.16994898 0.04299744898 0)
(1.184693878 0.05941326531 0)
(1.199438776 0.07582908163 0)
(1.214183673 0.09224489796 0)
(1.228928571 0.1086607143 0)
(1.143367347 0.0112755102 0)
(1.158163265 0.02755102041 0)
(1.172959184 0.04382653061 0)
(1.187755102 0.06010204082 0)
(1.20255102 0.07637755102 0)
(1.217346939 0.09265306122 0)
(1.14627551 0.01238520408 0)
(1.161122449 0.02852040816 0)
(1.175969388 0.04465561224 0)
(1.190816327 0.06079081633 0)
(1.205663265 0.07692602041 0)
(1.220510204 0.09306122449 0)
(1.149183673 0.01349489796 0)
(1.164081633 0.02948979592 0)
(1.178979592 0.04548469388 0)
(1.193877551 0.06147959184 0)
(1.20877551 0.0774744898 0)
(1.223673469 0.09346938775 0)
(1.152091837 0.01460459184 0)
(1.167040816 0.03045918367 0)
(1.181989796 0.04631377551 0)
(1.196938776 0.06216836735 0)
(1.211887755 0.07802295918 0)
(1.226836735 0.09387755102 0)
(1.179642857 0.01428571429 0)
(1.204285714 0.01285714286 0)
(1.228928571 0.01142857143 0)
(1.193571429 0.03 0)
(1.217142857 0.02857142857 0)
(1.240714286 0.02714285714 0)
(1.2075 0.04571428571 0)
(1.23 0.04428571429 0)
(1.221428571 0.06142857143 0)
(1.235357143 0.07714285714 0)
(1.171020408 -0.03423469388 0)
(1.176326531 -0.03775510204 0)
(1.181632653 -0.0412755102 0)
(1.186938776 -0.04479591837 0)
(1.192244898 -0.04831632653 0)
(1.19755102 -0.05183673469 0)
(1.202857143 -0.05535714286 0)
(1.208163265 -0.05887755102 0)
(1.213469388 -0.06239795918 0)
(1.21877551 -0.06591836735 0)
(1.224081633 -0.06943877551 0)
(1.229387755 -0.07295918367 0)
(1.234693878 -0.07647959184 0)
(1.196326531 -0.03489795918 0)
(1.20122449 -0.03836734694 0)
(1.206122449 -0.04183673469 0)
(1.211020408 -0.04530612245 0)
(1.215918367 -0.0487755102 0)
(1.220816327 -0.05224489796 0)
(1.225714286 -0.05571428571 0)
(1.230612245 -0.05918367347 0)
(1.235510204 -0.06265306122 0)
(1.221632653 -0.03556122449 0)
(1.226122449 -0.03897959184 0)
(1.230612245 -0.04239795918 0)
(1.235102041 -0.04581632653 0)
(1.114370193 -0.03848026011 0)
(1.114454672 -0.03981766309 0)
(1.114539151 -0.04115506606 0)
(1.11462363 -0.04249246903 0)
(1.114708108 -0.043829872 0)
(1.114792587 -0.04516727497 0)
(1.114877066 -0.04650467795 0)
(1.114961545 -0.04784208092 0)
(1.115046024 -0.04917948389 0)
(1.115130503 -0.05051688686 0)
(1.115214982 -0.05185428983 0)
(1.11529946 -0.05319169281 0)
(1.115383939 -0.05452909578 0)
(1.121538781 -0.04204137405 0)
(1.12164899 -0.04336846238 0)
(1.121759199 -0.04469555072 0)
(1.121869409 -0.04602263905 0)
(1.121979618 -0.04734972738 0)
(1.122089828 -0.04867681572 0)
(1.122200037 -0.05000390405 0)
(1.122310246 -0.05133099238 0)
(1.122420456 -0.05265808072 0)
(1.122530665 -0.05398516905 0)
(1.122640874 -0.05531225739 0)
(1.122751084 -0.05663934572 0)
(1.122861293 -0.05796643405 0)
(1.128704234 -0.04560924116 0)
(1.12883704 -0.04693276803 0)
(1.128969846 -0.0482562949 0)
(1.129102652 -0.04957982177 0)
(1.129235458 -0.05090334864 0)
(1.129368263 -0.05222687551 0)
(1.129501069 -0.05355040238 0)
(1.129633875 -0.05487392925 0)
(1.129766681 -0.05619745612 0)
(1.129899486 -0.05752098299 0)
(1.130032292 -0.05884450986 0)
(1.130165098 -0.06016803673 0)
(1.130297904 -0.0614915636 0)
(1.135866774 -0.04918319591 0)
(1.136019262 -0.05050924897 0)
(1.136171751 -0.05183530202 0)
(1.136324239 -0.05316135507 0)
(1.136476727 -0.05448740813 0)
(1.136629215 -0.05581346118 0)
(1.136781704 -0.05713951424 0)
(1.136934192 -0.05846556729 0)
(1.13708668 -0.05979162035 0)
(1.137239169 -0.0611176734 0)
(1.137391657 -0.06244372646 0)
(1.137544145 -0.06376977951 0)
(1.137696633 -0.06509583256 0)
(1.143026292 -0.05276327392 0)
(1.14319544 -0.05409797641 0)
(1.143364589 -0.05543267889 0)
(1.143533738 -0.05676738138 0)
(1.143702886 -0.05810208387 0)
(1.143872035 -0.05943678636 0)
(1.144041184 -0.06077148885 0)
(1.144210332 -0.06210619134 0)
(1.144379481 -0.06344089383 0)
(1.14454863 -0.06477559632 0)
(1.144717778 -0.0661102988 0)
(1.144886927 -0.06744500129 0)
(1.145056076 -0.06877970378 0)
(1.150182024 -0.05635077189 0)
(1.150364049 -0.05770154378 0)
(1.150546073 -0.05905231567 0)
(1.150728098 -0.06040308756 0)
(1.150910122 -0.06175385945 0)
(1.151092147 -0.06310463134 0)
(1.151274171 -0.06445540323 0)
(1.151456196 -0.06580617512 0)
(1.15163822 -0.06715694701 0)
(1.151820245 -0.0685077189 0)
(1.152002269 -0.06985849079 0)
(1.152184294 -0.07120926268 0)
(1.152366318 -0.07256003458 0)
(1.157333211 -0.05994686469 0)
(1.157523565 -0.06132230081 0)
(1.157713918 -0.06269773693 0)
(1.157904272 -0.06407317305 0)
(1.158094626 -0.06544860917 0)
(1.15828498 -0.06682404529 0)
(1.158475334 -0.06819948141 0)
(1.158665687 -0.06957491753 0)
(1.158856041 -0.07095035365 0)
(1.159046395 -0.07232578977 0)
(1.159236749 -0.07370122589 0)
(1.159427102 -0.07507666201 0)
(1.159617456 -0.07645209813 0)
(1.164479686 -0.06355152129 0)
(1.164673657 -0.06496018543 0)
(1.164867628 -0.06636884957 0)
(1.1650616 -0.06777751372 0)
(1.165255571 -0.06918617786 0)
(1.165449542 -0.070594842 0)
(1.165643513 -0.07200350615 0)
(1.165837485 -0.07341217029 0)
(1.166031456 -0.07482083443 0)
(1.166225427 -0.07622949857 0)
(1.166419399 -0.07763816272 0)
(1.16661337 -0.07904682686 0)
(1.166807341 -0.080455491 0)
(1.171621257 -0.06716474475 0)
(1.171813942 -0.0686152038 0)
(1.172006627 -0.07006566284 0)
(1.172199312 -0.07151612188 0)
(1.172391998 -0.07296658092 0)
(1.172584683 -0.07441703996 0)
(1.172777368 -0.075867499 0)
(1.172970053 -0.07731795804 0)
(1.173162739 -0.07876841708 0)
(1.173355424 -0.08021887612 0)
(1.173548109 -0.08166933516 0)
(1.173740794 -0.0831197942 0)
(1.17393348 -0.08457025324 0)
(1.178756989 -0.07078774014 0)
(1.178942549 -0.07228976599 0)
(1.179128109 -0.07379179184 0)
(1.179313669 -0.07529381769 0)
(1.179499229 -0.07679584354 0)
(1.179684789 -0.07829786939 0)
(1.179870349 -0.07979989524 0)
(1.180055909 -0.08130192109 0)
(1.180241469 -0.08280394694 0)
(1.180427029 -0.08430597279 0)
(1.180612589 -0.08580799865 0)
(1.180798149 -0.0873100245 0)
(1.180983709 -0.08881205035 0)
(1.185883352 -0.07442558481 0)
(1.186052417 -0.07599402677 0)
(1.186221483 -0.07756246873 0)
(1.186390549 -0.07913091069 0)
(1.186559615 -0.08069935264 0)
(1.186728681 -0.0822677946 0)
(1.186897746 -0.08383623656 0)
(1.187066812 -0.08540467852 0)
(1.187235878 -0.08697312048 0)
(1.187404944 -0.08854156243 0)
(1.18757401 -0.09011000439 0)
(1.187743075 -0.09167844635 0)
(1.187912141 -0.09324688831 0)
(1.193007579 -0.07806668162 0)
(1.193158016 -0.07970479182 0)
(1.193308452 -0.08134290202 0)
(1.193458888 -0.08298101221 0)
(1.193609325 -0.08461912241 0)
(1.193759761 -0.08625723261 0)
(1.193910198 -0.0878953428 0)
(1.194060634 -0.089533453 0)
(1.19421107 -0.0911715632 0)
(1.194361507 -0.09280967339 0)
(1.194511943 -0.09444778359 0)
(1.194662379 -0.09608589378 0)
(1.194812816 -0.09772400398 0)
(1.21924373 -0.08211228847 0)
(1.217773173 -0.0820817198 0)
(1.216302617 -0.08205115112 0)
(1.214832061 -0.08202058245 0)
(1.213361505 -0.08199001378 0)
(1.211890949 -0.0819594451 0)
(1.210420393 -0.08192887643 0)
(1.208949837 -0.08189830776 0)
(1.207479281 -0.08186773908 0)
(1.206008724 -0.08183717041 0)
(1.204538168 -0.08180660173 0)
(1.203067612 -0.08177603306 0)
(1.201597056 -0.08174546439 0)
(1.219916031 -0.08422457694 0)
(1.21840349 -0.08416343959 0)
(1.216890949 -0.08410230224 0)
(1.215378408 -0.0840411649 0)
(1.213865867 -0.08398002755 0)
(1.212353327 -0.0839188902 0)
(1.210840786 -0.08385775286 0)
(1.209328245 -0.08379661551 0)
(1.207815704 -0.08373547816 0)
(1.206303163 -0.08367434082 0)
(1.204790622 -0.08361320347 0)
(1.203278082 -0.08355206612 0)
(1.201765541 -0.08349092878 0)
(1.220588332 -0.08633686541 0)
(1.219033806 -0.08624515939 0)
(1.217479281 -0.08615345337 0)
(1.215924755 -0.08606174735 0)
(1.21437023 -0.08597004133 0)
(1.212815704 -0.08587833531 0)
(1.211261179 -0.08578662929 0)
(1.209706653 -0.08569492327 0)
(1.208152128 -0.08560321724 0)
(1.206597602 -0.08551151122 0)
(1.205043077 -0.0854198052 0)
(1.203488551 -0.08532809918 0)
(1.201934026 -0.08523639316 0)
(1.221260633 -0.08844915388 0)
(1.219664122 -0.08832687918 0)
(1.218067612 -0.08820460449 0)
(1.216471102 -0.0880823298 0)
(1.214874592 -0.0879600551 0)
(1.213278082 -0.08783778041 0)
(1.211681571 -0.08771550571 0)
(1.210085061 -0.08759323102 0)
(1.208488551 -0.08747095633 0)
(1.206892041 -0.08734868163 0)
(1.205295531 -0.08722640694 0)
(1.20369902 -0.08710413224 0)
(1.20210251 -0.08698185755 0)
(1.221932934 -0.09056144235 0)
(1.220294439 -0.09040859898 0)
(1.218655944 -0.09025575561 0)
(1.217017449 -0.09010291224 0)
(1.215378954 -0.08995006888 0)
(1.213740459 -0.08979722551 0)
(1.212101964 -0.08964438214 0)
(1.210463469 -0.08949153878 0)
(1.208824974 -0.08933869541 0)
(1.20718648 -0.08918585204 0)
(1.205547985 -0.08903300867 0)
(1.20390949 -0.08888016531 0)
(1.202270995 -0.08872732194 0)
(1.222605235 -0.09267373082 0)
(1.220924755 -0.09249031878 0)
(1.219244276 -0.09230690673 0)
(1.217563796 -0.09212349469 0)
(1.215883316 -0.09194008265 0)
(1.214202837 -0.09175667061 0)
(1.212522357 -0.09157325857 0)
(1.210841878 -0.09138984653 0)
(1.209161398 -0.09120643449 0)
(1.207480918 -0.09102302245 0)
(1.205800439 -0.09083961041 0)
(1.204119959 -0.09065619837 0)
(1.20243948 -0.09047278633 0)
(1.223277536 -0.09478601929 0)
(1.221555071 -0.09457203857 0)
(1.219832607 -0.09435805786 0)
(1.218110143 -0.09414407714 0)
(1.216387679 -0.09393009643 0)
(1.214665214 -0.09371611571 0)
(1.21294275 -0.093502135 0)
(1.211220286 -0.09328815429 0)
(1.209497821 -0.09307417357 0)
(1.207775357 -0.09286019286 0)
(1.206052893 -0.09264621214 0)
(1.204330429 -0.09243223143 0)
(1.202607964 -0.09221825071 0)
(1.223949837 -0.09689830776 0)
(1.222185388 -0.09665375837 0)
(1.220420939 -0.09640920898 0)
(1.21865649 -0.09616465959 0)
(1.216892041 -0.0959201102 0)
(1.215127592 -0.09567556082 0)
(1.213363143 -0.09543101143 0)
(1.211598694 -0.09518646204 0)
(1.209834245 -0.09494191265 0)
(1.208069796 -0.09469736327 0)
(1.206305347 -0.09445281388 0)
(1.204540898 -0.09420826449 0)
(1.202776449 -0.0939637151 0)
(1.222815704 -0.09873547816 0)
(1.22100927 -0.0984603601 0)
(1.219202837 -0.09818524204 0)
(1.217396403 -0.09791012398 0)
(1.215589969 -0.09763500592 0)
(1.213783536 -0.09735988786 0)
(1.211977102 -0.0970847698 0)
(1.210170668 -0.09680965173 0)
(1.208364235 -0.09653453367 0)
(1.206557801 -0.09625941561 0)
(1.204751367 -0.09598429755 0)
(1.202944934 -0.09570917949 0)
(1.22344602 -0.100817198 0)
(1.221597602 -0.1005115112 0)
(1.219749184 -0.1002058245 0)
(1.217900765 -0.09990013776 0)
(1.216052347 -0.09959445102 0)
(1.214203929 -0.09928876429 0)
(1.21235551 -0.09898307755 0)
(1.210507092 -0.09867739082 0)
(1.208658673 -0.09837170408 0)
(1.206810255 -0.09806601735 0)
(1.204961837 -0.09776033061 0)
(1.203113418 -0.09745464388 0)
(1.224076337 -0.1028989178 0)
(1.222185934 -0.1025626623 0)
(1.220295531 -0.1022264069 0)
(1.218405128 -0.1018901515 0)
(1.216514724 -0.1015538961 0)
(1.214624321 -0.1012176407 0)
(1.212733918 -0.1008813853 0)
(1.210843515 -0.1005451299 0)
(1.208953112 -0.1002088745 0)
(1.207062709 -0.09987261908 0)
(1.205172306 -0.09953636367 0)
(1.203281903 -0.09920010827 0)
(1.222774265 -0.1046138135 0)
(1.220841878 -0.1042469894 0)
(1.21890949 -0.1038801653 0)
(1.216977102 -0.1035133412 0)
(1.215044714 -0.1031465171 0)
(1.213112327 -0.1027796931 0)
(1.211179939 -0.102412869 0)
(1.209247551 -0.1020460449 0)
(1.207315163 -0.1016792208 0)
(1.205382776 -0.1013123967 0)
(1.203450388 -0.1009455727 0)
(1.223362597 -0.1066649646 0)
(1.221388224 -0.1062675718 0)
(1.219413852 -0.1058701791 0)
(1.21743948 -0.1054727863 0)
(1.215465107 -0.1050753936 0)
(1.213490735 -0.1046780008 0)
(1.211516362 -0.1042806081 0)
(1.20954199 -0.1038832153 0)
(1.207567617 -0.1034858226 0)
(1.205593245 -0.1030884298 0)
(1.203618872 -0.102691037 0)
(1.203761224 -0.104494042 0)
(1.205779592 -0.1049450498 0)
(1.207797959 -0.1053960576 0)
(1.209816327 -0.1058470653 0)
(1.211834694 -0.1062980731 0)
(1.213853061 -0.1067490808 0)
(1.215871429 -0.1072000886 0)
(1.217889796 -0.1076510963 0)
(1.219908163 -0.1081021041 0)
(1.221926531 -0.1085531118 0)
(1.203735092 -0.1045515827 0)
(1.205755469 -0.1050256367 0)
(1.207775847 -0.1054996908 0)
(1.209796224 -0.1059737449 0)
(1.211816602 -0.106447799 0)
(1.21383698 -0.1069218531 0)
(1.215857357 -0.1073959071 0)
(1.217877735 -0.1078699612 0)
(1.219898112 -0.1083440153 0)
(1.22191849 -0.1088180694 0)
(1.203708959 -0.1046091233 0)
(1.205731347 -0.1051062237 0)
(1.207753735 -0.1056033241 0)
(1.209776122 -0.1061004245 0)
(1.21179851 -0.1065975249 0)
(1.213820898 -0.1070946253 0)
(1.215843286 -0.1075917257 0)
(1.217865673 -0.1080888261 0)
(1.219888061 -0.1085859265 0)
(1.221910449 -0.1090830269 0)
(1.223932837 -0.1095801273 0)
(1.203682827 -0.1046666639 0)
(1.205707224 -0.1051868106 0)
(1.207731622 -0.1057069573 0)
(1.20975602 -0.1062271041 0)
(1.211780418 -0.1067472508 0)
(1.213804816 -0.1072673976 0)
(1.215829214 -0.1077875443 0)
(1.217853612 -0.108307691 0)
(1.21987801 -0.1088278378 0)
(1.221902408 -0.1093479845 0)
(1.223926806 -0.1098681312 0)
(1.203656694 -0.1047242045 0)
(1.205683102 -0.1052673976 0)
(1.20770951 -0.1058105906 0)
(1.209735918 -0.1063537837 0)
(1.211762327 -0.1068969767 0)
(1.213788735 -0.1074401698 0)
(1.215815143 -0.1079833629 0)
(1.217841551 -0.1085265559 0)
(1.219867959 -0.109069749 0)
(1.221894367 -0.109612942 0)
(1.223920776 -0.1101561351 0)
(1.203630561 -0.1047817451 0)
(1.20565898 -0.1053479845 0)
(1.207687398 -0.1059142239 0)
(1.209715816 -0.1064804633 0)
(1.211744235 -0.1070467027 0)
(1.213772653 -0.107612942 0)
(1.215801071 -0.1081791814 0)
(1.21782949 -0.1087454208 0)
(1.219857908 -0.1093116602 0)
(1.221886327 -0.1098778996 0)
(1.223914745 -0.110444139 0)
(1.203604429 -0.1048392857 0)
(1.205634857 -0.1054285714 0)
(1.207665286 -0.1060178571 0)
(1.209695714 -0.1066071429 0)
(1.211726143 -0.1071964286 0)
(1.213756571 -0.1077857143 0)
(1.215787 -0.108375 0)
(1.217817429 -0.1089642857 0)
(1.219847857 -0.1095535714 0)
(1.221878286 -0.1101428571 0)
(1.223908714 -0.1107321429 0)
(1.203578296 -0.1048968263 0)
(1.205610735 -0.1055091584 0)
(1.207643173 -0.1061214904 0)
(1.209675612 -0.1067338224 0)
(1.211708051 -0.1073461545 0)
(1.21374049 -0.1079584865 0)
(1.215772929 -0.1085708186 0)
(1.217805367 -0.1091831506 0)
(1.219837806 -0.1097954827 0)
(1.221870245 -0.1104078147 0)
(1.223902684 -0.1110201467 0)
(1.203552163 -0.1049543669 0)
(1.205586612 -0.1055897453 0)
(1.207621061 -0.1062251237 0)
(1.20965551 -0.106860502 0)
(1.211689959 -0.1074958804 0)
(1.213724408 -0.1081312588 0)
(1.215758857 -0.1087666371 0)
(1.217793306 -0.1094020155 0)
(1.219827755 -0.1100373939 0)
(1.221862204 -0.1106727722 0)
(1.223896653 -0.1113081506 0)
(1.203526031 -0.1050119076 0)
(1.20556249 -0.1056703322 0)
(1.207598949 -0.1063287569 0)
(1.209635408 -0.1069871816 0)
(1.211671867 -0.1076456063 0)
(1.213708327 -0.108304031 0)
(1.215744786 -0.1089624557 0)
(1.217781245 -0.1096208804 0)
(1.219817704 -0.1102793051 0)
(1.221854163 -0.1109377298 0)
(1.223890622 -0.1115961545 0)
(1.203499898 -0.1050694482 0)
(1.205538367 -0.1057509192 0)
(1.207576837 -0.1064323902 0)
(1.209615306 -0.1071138612 0)
(1.211653776 -0.1077953322 0)
(1.213692245 -0.1084768033 0)
(1.215730714 -0.1091582743 0)
(1.217769184 -0.1098397453 0)
(1.219807653 -0.1105212163 0)
(1.221846122 -0.1112026873 0)
(1.223884592 -0.1118841584 0)
(1.203473765 -0.1051269888 0)
(1.205514245 -0.1058315061 0)
(1.207554724 -0.1065360235 0)
(1.209595204 -0.1072405408 0)
(1.211635684 -0.1079450582 0)
(1.213676163 -0.1086495755 0)
(1.215716643 -0.1093540929 0)
(1.217757122 -0.1100586102 0)
(1.219797602 -0.1107631276 0)
(1.221838082 -0.1114676449 0)
(1.223878561 -0.1121721622 0)
(1.203447633 -0.1051845294 0)
(1.205490122 -0.1059120931 0)
(1.207532612 -0.1066396567 0)
(1.209575102 -0.1073672204 0)
(1.211617592 -0.1080947841 0)
(1.213660082 -0.1088223478 0)
(1.215702571 -0.1095499114 0)
(1.217745061 -0.1102774751 0)
(1.219787551 -0.1110050388 0)
(1.221830041 -0.1117326024 0)
(1.223872531 -0.1124601661 0)
(1.203432209 -0.1148676364 0)
(1.203442918 -0.1244932029 0)
(1.203453628 -0.1341187693 0)
(1.203464337 -0.1437443357 0)
(1.203475046 -0.1533699021 0)
(1.203485755 -0.1629954686 0)
(1.203496464 -0.172621035 0)
(1.203507173 -0.1822466014 0)
(1.203517883 -0.1918721679 0)
(1.203528592 -0.2014977343 0)
(1.203539301 -0.2111233007 0)
(1.20355001 -0.2207488671 0)
(1.203560719 -0.2303744336 0)
(1.205585776 -0.1155646314 0)
(1.205705551 -0.1251365829 0)
(1.205825327 -0.1347085343 0)
(1.205945102 -0.1442804857 0)
(1.206064878 -0.1538524371 0)
(1.206184653 -0.1634243886 0)
(1.206304429 -0.17299634 0)
(1.206424204 -0.1825682914 0)
(1.20654398 -0.1921402429 0)
(1.206663755 -0.2017121943 0)
(1.206783531 -0.2112841457 0)
(1.206903306 -0.2208560971 0)
(1.207023082 -0.2304280486 0)
(1.207739342 -0.1162616264 0)
(1.207968184 -0.1257799629 0)
(1.208197026 -0.1352982993 0)
(1.208425867 -0.1448166357 0)
(1.208654709 -0.1543349721 0)
(1.208883551 -0.1638533086 0)
(1.209112393 -0.173371645 0)
(1.209341235 -0.1828899814 0)
(1.209570077 -0.1924083179 0)
(1.209798918 -0.2019266543 0)
(1.21002776 -0.2114449907 0)
(1.210256602 -0.2209633271 0)
(1.210485444 -0.2304816636 0)
(1.209892908 -0.1169586214 0)
(1.210230816 -0.1264233429 0)
(1.210568724 -0.1358880643 0)
(1.210906633 -0.1453527857 0)
(1.211244541 -0.1548175071 0)
(1.211582449 -0.1642822286 0)
(1.211920357 -0.17374695 0)
(1.212258265 -0.1832116714 0)
(1.212596173 -0.1926763929 0)
(1.212934082 -0.2021411143 0)
(1.21327199 -0.2116058357 0)
(1.213609898 -0.2210705571 0)
(1.213947806 -0.2305352786 0)
(1.212046474 -0.1176556164 0)
(1.212493449 -0.1270667229 0)
(1.212940423 -0.1364778293 0)
(1.213387398 -0.1458889357 0)
(1.213834372 -0.1553000421 0)
(1.214281347 -0.1647111486 0)
(1.214728321 -0.174122255 0)
(1.215175296 -0.1835333614 0)
(1.21562227 -0.1929444679 0)
(1.216069245 -0.2023555743 0)
(1.216516219 -0.2117666807 0)
(1.216963194 -0.2211777871 0)
(1.217410168 -0.2305888936 0)
(1.214200041 -0.1183526114 0)
(1.214756082 -0.1277101029 0)
(1.215312122 -0.1370675943 0)
(1.215868163 -0.1464250857 0)
(1.216424204 -0.1557825771 0)
(1.216980245 -0.1651400686 0)
(1.217536286 -0.17449756 0)
(1.218092327 -0.1838550514 0)
(1.218648367 -0.1932125429 0)
(1.219204408 -0.2025700343 0)
(1.219760449 -0.2119275257 0)
(1.22031649 -0.2212850171 0)
(1.220872531 -0.2306425086 0)
(1.216353607 -0.1190496064 0)
(1.217018714 -0.1283534829 0)
(1.217683821 -0.1376573593 0)
(1.218348929 -0.1469612357 0)
(1.219014036 -0.1562651121 0)
(1.219679143 -0.1655689886 0)
(1.22034425 -0.174872865 0)
(1.221009357 -0.1841767414 0)
(1.221674464 -0.1934806179 0)
(1.222339571 -0.2027844943 0)
(1.223004679 -0.2120883707 0)
(1.223669786 -0.2213922471 0)
(1.224334893 -0.2306961236 0)
(1.218507173 -0.1197466014 0)
(1.219281347 -0.1289968629 0)
(1.22005552 -0.1382471243 0)
(1.220829694 -0.1474973857 0)
(1.221603867 -0.1567476471 0)
(1.222378041 -0.1659979086 0)
(1.223152214 -0.17524817 0)
(1.223926388 -0.1844984314 0)
(1.224700561 -0.1937486929 0)
(1.22066074 -0.1204435964 0)
(1.22154398 -0.1296402429 0)
(1.222427219 -0.1388368893 0)
(1.223310459 -0.1480335357 0)
(1.224193699 -0.1572301821 0)
(1.222814306 -0.1211405914 0)
(1.223806612 -0.1302836229 0)
(1.116938776 -0.03714285714 0)
(1.123979592 -0.04071428571 0)
(1.131020408 -0.04428571429 0)
(1.138061224 -0.04785714286 0)
(1.145102041 -0.05142857143 0)
(1.152142857 -0.055 0)
(1.159183673 -0.05857142857 0)
(1.16622449 -0.06214285714 0)
(1.173265306 -0.06571428571 0)
(1.180306122 -0.06928571429 0)
(1.187346939 -0.07285714286 0)
(1.194387755 -0.07642857143 0)
(1.119591837 -0.03714285714 0)
(1.126530612 -0.04071428571 0)
(1.133469388 -0.04428571429 0)
(1.140408163 -0.04785714286 0)
(1.147346939 -0.05142857143 0)
(1.154285714 -0.055 0)
(1.16122449 -0.05857142857 0)
(1.168163265 -0.06214285714 0)
(1.175102041 -0.06571428571 0)
(1.182040816 -0.06928571429 0)
(1.188979592 -0.07285714286 0)
(1.195918367 -0.07642857143 0)
(1.115408163 -0.03357142857 0)
(1.122244898 -0.03714285714 0)
(1.129081633 -0.04071428571 0)
(1.135918367 -0.04428571429 0)
(1.142755102 -0.04785714286 0)
(1.149591837 -0.05142857143 0)
(1.156428571 -0.055 0)
(1.163265306 -0.05857142857 0)
(1.170102041 -0.06214285714 0)
(1.176938776 -0.06571428571 0)
(1.18377551 -0.06928571429 0)
(1.190612245 -0.07285714286 0)
(1.19744898 -0.07642857143 0)
(1.118163265 -0.03357142857 0)
(1.124897959 -0.03714285714 0)
(1.131632653 -0.04071428571 0)
(1.138367347 -0.04428571429 0)
(1.145102041 -0.04785714286 0)
(1.151836735 -0.05142857143 0)
(1.158571429 -0.055 0)
(1.165306122 -0.05857142857 0)
(1.172040816 -0.06214285714 0)
(1.17877551 -0.06571428571 0)
(1.185510204 -0.06928571429 0)
(1.192244898 -0.07285714286 0)
(1.198979592 -0.07642857143 0)
(1.120918367 -0.03357142857 0)
(1.12755102 -0.03714285714 0)
(1.134183673 -0.04071428571 0)
(1.140816327 -0.04428571429 0)
(1.14744898 -0.04785714286 0)
(1.154081633 -0.05142857143 0)
(1.160714286 -0.055 0)
(1.167346939 -0.05857142857 0)
(1.173979592 -0.06214285714 0)
(1.180612245 -0.06571428571 0)
(1.187244898 -0.06928571429 0)
(1.193877551 -0.07285714286 0)
(1.200510204 -0.07642857143 0)
(1.123673469 -0.03357142857 0)
(1.130204082 -0.03714285714 0)
(1.136734694 -0.04071428571 0)
(1.143265306 -0.04428571429 0)
(1.149795918 -0.04785714286 0)
(1.156326531 -0.05142857143 0)
(1.162857143 -0.055 0)
(1.169387755 -0.05857142857 0)
(1.175918367 -0.06214285714 0)
(1.18244898 -0.06571428571 0)
(1.188979592 -0.06928571429 0)
(1.195510204 -0.07285714286 0)
(1.202040816 -0.07642857143 0)
(1.126428571 -0.03357142857 0)
(1.132857143 -0.03714285714 0)
(1.139285714 -0.04071428571 0)
(1.145714286 -0.04428571429 0)
(1.152142857 -0.04785714286 0)
(1.158571429 -0.05142857143 0)
(1.165 -0.055 0)
(1.171428571 -0.05857142857 0)
(1.177857143 -0.06214285714 0)
(1.184285714 -0.06571428571 0)
(1.190714286 -0.06928571429 0)
(1.197142857 -0.07285714286 0)
(1.203571429 -0.07642857143 0)
(1.129183673 -0.03357142857 0)
(1.135510204 -0.03714285714 0)
(1.141836735 -0.04071428571 0)
(1.148163265 -0.04428571429 0)
(1.154489796 -0.04785714286 0)
(1.160816327 -0.05142857143 0)
(1.167142857 -0.055 0)
(1.173469388 -0.05857142857 0)
(1.179795918 -0.06214285714 0)
(1.186122449 -0.06571428571 0)
(1.19244898 -0.06928571429 0)
(1.19877551 -0.07285714286 0)
(1.205102041 -0.07642857143 0)
(1.131938776 -0.03357142857 0)
(1.138163265 -0.03714285714 0)
(1.144387755 -0.04071428571 0)
(1.150612245 -0.04428571429 0)
(1.156836735 -0.04785714286 0)
(1.163061224 -0.05142857143 0)
(1.169285714 -0.055 0)
(1.175510204 -0.05857142857 0)
(1.181734694 -0.06214285714 0)
(1.187959184 -0.06571428571 0)
(1.194183673 -0.06928571429 0)
(1.200408163 -0.07285714286 0)
(1.206632653 -0.07642857143 0)
(1.134693878 -0.03357142857 0)
(1.140816327 -0.03714285714 0)
(1.146938776 -0.04071428571 0)
(1.153061224 -0.04428571429 0)
(1.159183673 -0.04785714286 0)
(1.165306122 -0.05142857143 0)
(1.171428571 -0.055 0)
(1.17755102 -0.05857142857 0)
(1.183673469 -0.06214285714 0)
(1.189795918 -0.06571428571 0)
(1.195918367 -0.06928571429 0)
(1.202040816 -0.07285714286 0)
(1.208163265 -0.07642857143 0)
(1.13744898 -0.03357142857 0)
(1.143469388 -0.03714285714 0)
(1.149489796 -0.04071428571 0)
(1.155510204 -0.04428571429 0)
(1.161530612 -0.04785714286 0)
(1.16755102 -0.05142857143 0)
(1.173571429 -0.055 0)
(1.179591837 -0.05857142857 0)
(1.185612245 -0.06214285714 0)
(1.191632653 -0.06571428571 0)
(1.197653061 -0.06928571429 0)
(1.203673469 -0.07285714286 0)
(1.209693878 -0.07642857143 0)
(1.140204082 -0.03357142857 0)
(1.146122449 -0.03714285714 0)
(1.152040816 -0.04071428571 0)
(1.157959184 -0.04428571429 0)
(1.163877551 -0.04785714286 0)
(1.169795918 -0.05142857143 0)
(1.175714286 -0.055 0)
(1.181632653 -0.05857142857 0)
(1.18755102 -0.06214285714 0)
(1.193469388 -0.06571428571 0)
(1.199387755 -0.06928571429 0)
(1.205306122 -0.07285714286 0)
(1.21122449 -0.07642857143 0)
(1.142959184 -0.03357142857 0)
(1.14877551 -0.03714285714 0)
(1.154591837 -0.04071428571 0)
(1.160408163 -0.04428571429 0)
(1.16622449 -0.04785714286 0)
(1.172040816 -0.05142857143 0)
(1.177857143 -0.055 0)
(1.183673469 -0.05857142857 0)
(1.189489796 -0.06214285714 0)
(1.195306122 -0.06571428571 0)
(1.201122449 -0.06928571429 0)
(1.206938776 -0.07285714286 0)
(1.212755102 -0.07642857143 0)
(1.209489796 -0.58 0)
(1.215408163 -0.92 0)
(1.221326531 -1.26 0)
(1.227244898 -1.6 0)
(1.213979592 -0.58 0)
(1.220816327 -0.92 0)
(1.227653061 -1.26 0)
(1.218469388 -0.58 0)
(1.22622449 -0.92 0)
(1.222959184 -0.58 0)
(1.22744898 -0.58 0)
(1.184897959 0.6151530612 0)
(1.19122449 0.6131632653 0)
(1.19755102 0.6111734694 0)
(1.203877551 0.6091836735 0)
(1.210204082 0.6071938776 0)
(1.216530612 0.6052040816 0)
(1.222857143 0.6032142857 0)
(1.229183673 0.6012244898 0)
(1.235510204 0.5992346939 0)
(1.241836735 0.597244898 0)
(1.248163265 0.595255102 0)
(1.254489796 0.5932653061 0)
(1.260816327 0.5912755102 0)
(1.263367347 0.9524489796 0)
(1.083061224 4.665306122 0)
(1.071836735 4.330612245 0)
(1.169591837 4.665102041 0)
(1.152755102 4.330204082 0)
(1.135918367 3.995306122 0)
(1.119081633 3.660408163 0)
(1.102244898 3.325510204 0)
(1.085408163 2.990612245 0)
(1.256122449 4.664897959 0)
(1.233673469 4.329795918 0)
(1.21122449 3.994693878 0)
(1.18877551 3.659591837 0)
(1.166326531 3.324489796 0)
(1.143877551 2.989387755 0)
(1.121428571 2.654285714 0)
(1.098979592 2.319183673 0)
(1.258469388 3.65877551 0)
(1.230408163 3.323469388 0)
(1.202346939 2.988163265 0)
(1.174285714 2.652857143 0)
(1.14622449 2.31755102 0)
(1.118163265 1.982244898 0)
(1.090102041 1.646938776 0)
(1.260816327 2.986938776 0)
(1.227142857 2.651428571 0)
(1.193469388 2.315918367 0)
(1.159795918 1.980408163 0)
(1.126122449 1.644897959 0)
(1.09244898 1.309387755 0)
(1.240714286 2.314285714 0)
(1.201428571 1.978571429 0)
(1.162142857 1.642857143 0)
(1.122857143 1.307142857 0)
(1.083571429 0.9714285714 0)
(1.243061224 1.976734694 0)
(1.198163265 1.640816327 0)
(1.153265306 1.304897959 0)
(1.108367347 0.9689795918 0)
(1.234183673 1.63877551 0)
(1.183673469 1.302653061 0)
(1.133163265 0.9665306122 0)
(1.082653061 0.6304081633 0)
(1.214081633 1.300408163 0)
(1.157959184 0.9640816327 0)
(1.101836735 0.627755102 0)
(1.244489796 1.298163265 0)
(1.182755102 0.9616326531 0)
(1.121020408 0.6251020408 0)
(1.20755102 0.9591836735 0)
(1.140204082 0.6224489796 0)
(1.232346939 0.9567346939 0)
(1.159387755 0.6197959184 0)
(1.180265894 -0.1058965221 0)
(1.180080606 -0.1165418446 0)
(1.179895317 -0.1271871671 0)
(1.179710028 -0.1378324896 0)
(1.17952474 -0.148477812 0)
(1.179339451 -0.1591231345 0)
(1.179154163 -0.169768457 0)
(1.178968874 -0.1804137794 0)
(1.178783586 -0.1910591019 0)
(1.178598297 -0.2017044244 0)
(1.178413009 -0.2123497469 0)
(1.17822772 -0.2229950693 0)
(1.178042431 -0.2336403918 0)
(1.159008127 -0.09815128297 0)
(1.158754754 -0.1097220634 0)
(1.158501382 -0.1212928438 0)
(1.158248009 -0.1328636243 0)
(1.157994637 -0.1444344047 0)
(1.157741265 -0.1560051851 0)
(1.157487892 -0.1675759656 0)
(1.15723452 -0.179146746 0)
(1.156981148 -0.1907175264 0)
(1.156727775 -0.2022883068 0)
(1.156474403 -0.2138590873 0)
(1.15622103 -0.2254298677 0)
(1.155967658 -0.2370006481 0)
(1.13744239 -0.09119824067 0)
(1.137144623 -0.1036335408 0)
(1.136846857 -0.116068841 0)
(1.136549091 -0.1285041412 0)
(1.136251325 -0.1409394413 0)
(1.135953558 -0.1533747415 0)
(1.135655792 -0.1658100417 0)
(1.135358026 -0.1782453418 0)
(1.13506026 -0.190680642 0)
(1.134762494 -0.2031159422 0)
(1.134464727 -0.2155512424 0)
(1.134166961 -0.2279865425 0)
(1.133869195 -0.2404218427 0)
(1.115609641 -0.08502863364 0)
(1.11528802 -0.0982681893 0)
(1.114966399 -0.111507745 0)
(1.114644778 -0.1247473006 0)
(1.114323158 -0.1379868563 0)
(1.114001537 -0.1512264119 0)
(1.113679916 -0.1644659676 0)
(1.113358296 -0.1777055232 0)
(1.113036675 -0.1909450789 0)
(1.112715054 -0.2041846345 0)
(1.112393434 -0.2174241902 0)
(1.112071813 -0.2306637458 0)
(1.111750192 -0.2439033015 0)
(1.119693878 -4.66244898 0)
(1.112244898 -4.324897959 0)
(1.137857143 -4.662142857 0)
(1.130714286 -4.324285714 0)
(1.123571429 -3.986428571 0)
(1.116428571 -3.648571429 0)
(1.109285714 -3.310714286 0)
(1.156020408 -4.661836735 0)
(1.149183673 -4.323673469 0)
(1.142346939 -3.985510204 0)
(1.135510204 -3.647346939 0)
(1.128673469 -3.309183673 0)
(1.121836735 -2.971020408 0)
(1.115 -2.632857143 0)
(1.108163265 -2.294693878 0)
(1.174183673 -4.661530612 0)
(1.167653061 -4.323061224 0)
(1.161122449 -3.984591837 0)
(1.154591837 -3.646122449 0)
(1.148061224 -3.307653061 0)
(1.141530612 -2.969183673 0)
(1.135 -2.630714286 0)
(1.128469388 -2.292244898 0)
(1.121938776 -1.95377551 0)
(1.115408163 -1.615306122 0)
(1.108877551 -1.276836735 0)
(1.192346939 -4.66122449 0)
(1.186122449 -4.32244898 0)
(1.179897959 -3.983673469 0)
(1.173673469 -3.644897959 0)
(1.16744898 -3.306122449 0)
(1.16122449 -2.967346939 0)
(1.155 -2.628571429 0)
(1.14877551 -2.289795918 0)
(1.14255102 -1.951020408 0)
(1.136326531 -1.612244898 0)
(1.130102041 -1.273469388 0)
(1.123877551 -0.9346938776 0)
(1.117653061 -0.5959183673 0)
(1.210510204 -4.660918367 0)
(1.204591837 -4.321836735 0)
(1.198673469 -3.982755102 0)
(1.192755102 -3.643673469 0)
(1.186836735 -3.304591837 0)
(1.180918367 -2.965510204 0)
(1.175 -2.626428571 0)
(1.169081633 -2.287346939 0)
(1.163163265 -1.948265306 0)
(1.157244898 -1.609183673 0)
(1.151326531 -1.270102041 0)
(1.145408163 -0.9310204082 0)
(1.139489796 -0.5919387755 0)
(1.228673469 -4.660612245 0)
(1.223061224 -4.32122449 0)
(1.21744898 -3.981836735 0)
(1.211836735 -3.64244898 0)
(1.20622449 -3.303061224 0)
(1.200612245 -2.963673469 0)
(1.195 -2.624285714 0)
(1.189387755 -2.284897959 0)
(1.18377551 -1.945510204 0)
(1.178163265 -1.606122449 0)
(1.17255102 -1.266734694 0)
(1.166938776 -0.9273469388 0)
(1.161326531 -0.5879591837 0)
(1.23622449 -3.980918367 0)
(1.230918367 -3.64122449 0)
(1.225612245 -3.301530612 0)
(1.220306122 -2.961836735 0)
(1.215 -2.622142857 0)
(1.209693878 -2.28244898 0)
(1.204387755 -1.942755102 0)
(1.199081633 -1.603061224 0)
(1.19377551 -1.263367347 0)
(1.188469388 -0.9236734694 0)
(1.183163265 -0.5839795918 0)
(1.165714286 -0.003520408163 1)
(1.165714286 -0.005612244898 1)
(1.165714286 -0.007704081633 1)
(1.165714286 -0.009795918367 1)
(1.165714286 -0.0118877551 1)
(1.165714286 -0.01397959184 1)
(1.165714286 -0.01607142857 1)
(1.165714286 -0.01816326531 1)
(1.165714286 -0.02025510204 1)
(1.165714286 -0.02234693878 1)
(1.165714286 -0.02443877551 1)
(1.165714286 -0.02653061224 1)
(1.165714286 -0.02862244898 1)
(1.191428571 -0.004897959184 1)
(1.191428571 -0.00693877551 1)
(1.191428571 -0.008979591837 1)
(1.191428571 -0.01102040816 1)
(1.191428571 -0.01306122449 1)
(1.191428571 -0.01510204082 1)
(1.191428571 -0.01714285714 1)
(1.191428571 -0.01918367347 1)
(1.191428571 -0.0212244898 1)
(1.191428571 -0.02326530612 1)
(1.191428571 -0.02530612245 1)
(1.191428571 -0.02734693878 1)
(1.191428571 -0.0293877551 1)
(1.217142857 -0.006275510204 1)
(1.217142857 -0.008265306122 1)
(1.217142857 -0.01025510204 1)
(1.217142857 -0.01224489796 1)
(1.217142857 -0.01423469388 1)
(1.217142857 -0.0162244898 1)
(1.217142857 -0.01821428571 1)
(1.217142857 -0.02020408163 1)
(1.217142857 -0.02219387755 1)
(1.217142857 -0.02418367347 1)
(1.217142857 -0.02617346939 1)
(1.217142857 -0.02816326531 1)
(1.217142857 -0.03015306122 1)
(1.117142857 -0.01142857143 1)
(1.117142857 -0.01285714286 1)
(1.117142857 -0.01428571429 1)
(1.117142857 -0.01571428571 1)
(1.117142857 -0.01714285714 1)
(1.117142857 -0.01857142857 1)
(1.117142857 -0.02 1)
(1.117142857 -0.02142857143 1)
(1.117142857 -0.02285714286 1)
(1.117142857 -0.02428571429 1)
(1.117142857 -0.02571428571 1)
(1.117142857 -0.02714285714 1)
(1.117142857 -0.02857142857 1)
(1.12 -0.01026785714 1)
(1.12 -0.01178571429 1)
(1.12 -0.01330357143 1)
(1.12 -0.01482142857 1)
(1.12 -0.01633928571 1)
(1.12 -0.01785714286 1)
(1.12 -0.019375 1)
(1.12 -0.02089285714 1)
(1.12 -0.02241071429 1)
(1.12 -0.02392857143 1)
(1.12 -0.02544642857 1)
(1.12 -0.02696428571 1)
(1.12 -0.02848214286 1)
(1.122857143 -0.009107142857 1)
(1.122857143 -0.01071428571 1)
(1.122857143 -0.01232142857 1)
(1.122857143 -0.01392857143 1)
(1.122857143 -0.01553571429 1)
(1.122857143 -0.01714285714 1)
(1.122857143 -0.01875 1)
(1.122857143 -0.02035714286 1)
(1.122857143 -0.02196428571 1)
(1.122857143 -0.02357142857 1)
(1.122857143 -0.02517857143 1)
(1.122857143 -0.02678571429 1)
(1.122857143 -0.02839285714 1)
(1.125714286 -0.007946428571 1)
(1.125714286 -0.009642857143 1)
(1.125714286 -0.01133928571 1)
(1.125714286 -0.01303571429 1)
(1.125714286 -0.01473214286 1)
(1.125714286 -0.01642857143 1)
(1.125714286 -0.018125 1)
(1.125714286 -0.01982142857 1)
(1.125714286 -0.02151785714 1)
(1.125714286 -0.02321428571 1)
(1.125714286 -0.02491071429 1)
(1.125714286 -0.02660714286 1)
(1.125714286 -0.02830357143 1)
(1.128571429 -0.006785714286 1)
(1.128571429 -0.008571428571 1)
(1.128571429 -0.01035714286 1)
(1.128571429 -0.01214285714 1)
(1.128571429 -0.01392857143 1)
(1.128571429 -0.01571428571 1)
(1.128571429 -0.0175 1)
(1.128571429 -0.01928571429 1)
(1.128571429 -0.02107142857 1)
(1.128571429 -0.02285714286 1)
(1.128571429 -0.02464285714 1)
(1.128571429 -0.02642857143 1)
(1.128571429 -0.02821428571 1)
(1.131428571 -0.005625 1)
(1.131428571 -0.0075 1)
(1.131428571 -0.009375 1)
(1.131428571 -0.01125 1)
(1.131428571 -0.013125 1)
(1.131428571 -0.015 1)
(1.131428571 -0.016875 1)
(1.131428571 -0.01875 1)
(1.131428571 -0.020625 1)
(1.131428571 -0.0225 1)
(1.131428571 -0.024375 1)
(1.131428571 -0.02625 1)
(1.131428571 -0.028125 1)
(1.134285714 -0.004464285714 1)
(1.134285714 -0.006428571429 1)
(1.134285714 -0.008392857143 1)
(1.134285714 -0.01035714286 1)
(1.134285714 -0.01232142857 1)
(1.134285714 -0.01428571429 1)
(1.134285714 -0.01625 1)
(1.134285714 -0.01821428571 1)
(1.134285714 -0.02017857143 1)
(1.134285714 -0.02214285714 1)
(1.134285714 -0.02410714286 1)
(1.134285714 -0.02607142857 1)
(1.134285714 -0.02803571429 1)
(1.137142857 -0.003303571429 1)
(1.137142857 -0.005357142857 1)
(1.137142857 -0.007410714286 1)
(1.137142857 -0.009464285714 1)
(1.137142857 -0.01151785714 1)
(1.137142857 -0.01357142857 1)
(1.137142857 -0.015625 1)
(1.137142857 -0.01767857143 1)
(1.137142857 -0.01973214286 1)
(1.137142857 -0.02178571429 1)
(1.137142857 -0.02383928571 1)
(1.137142857 -0.02589285714 1)
(1.137142857 -0.02794642857 1)
(1.183571429 0.2313903061 1)
(1.191428571 0.2299234694 1)
(1.199285714 0.2284566327 1)
(1.207142857 0.2269897959 1)
(1.215 0.2255229592 1)
(1.222857143 0.2240561224 1)
(1.230714286 0.2225892857 1)
(1.169285714 0.2142091837 1)
(1.177142857 0.2127040816 1)
(1.185 0.2111989796 1)
(1.192857143 0.2096938776 1)
(1.200714286 0.2081887755 1)
(1.208571429 0.2066836735 1)
(1.216428571 0.2051785714 1)
(1.224285714 0.2036734694 1)
(1.232142857 0.2021683673 1)
(1.155 0.1970280612 1)
(1.162857143 0.1954846939 1)
(1.170714286 0.1939413265 1)
(1.178571429 0.1923979592 1)
(1.186428571 0.1908545918 1)
(1.194285714 0.1893112245 1)
(1.202142857 0.1877678571 1)
(1.21 0.1862244898 1)
(1.217857143 0.1846811224 1)
(1.225714286 0.1831377551 1)
(1.233571429 0.1815943878 1)
(1.140714286 0.1798469388 1)
(1.148571429 0.1782653061 1)
(1.156428571 0.1766836735 1)
(1.164285714 0.1751020408 1)
(1.172142857 0.1735204082 1)
(1.18 0.1719387755 1)
(1.187857143 0.1703571429 1)
(1.195714286 0.1687755102 1)
(1.203571429 0.1671938776 1)
(1.211428571 0.1656122449 1)
(1.219285714 0.1640306122 1)
(1.227142857 0.1624489796 1)
(1.126428571 0.1626658163 1)
(1.134285714 0.1610459184 1)
(1.142142857 0.1594260204 1)
(1.15 0.1578061224 1)
(1.157857143 0.1561862245 1)
(1.165714286 0.1545663265 1)
(1.173571429 0.1529464286 1)
(1.181428571 0.1513265306 1)
(1.189285714 0.1497066327 1)
(1.197142857 0.1480867347 1)
(1.205 0.1464668367 1)
(1.212857143 0.1448469388 1)
(1.220714286 0.1432270408 1)
(1.112142857 0.1454846939 1)
(1.12 0.1438265306 1)
(1.127857143 0.1421683673 1)
(1.135714286 0.1405102041 1)
(1.143571429 0.1388520408 1)
(1.151428571 0.1371938776 1)
(1.159285714 0.1355357143 1)
(1.167142857 0.133877551 1)
(1.175 0.1322193878 1)
(1.182857143 0.1305612245 1)
(1.190714286 0.1289030612 1)
(1.198571429 0.127244898 1)
(1.206428571 0.1255867347 1)
(1.113571429 0.1249107143 1)
(1.121428571 0.1232142857 1)
(1.129285714 0.1215178571 1)
(1.137142857 0.1198214286 1)
(1.145 0.118125 1)
(1.152857143 0.1164285714 1)
(1.160714286 0.1147321429 1)
(1.168571429 0.1130357143 1)
(1.176428571 0.1113392857 1)
(1.184285714 0.1096428571 1)
(1.192142857 0.1079464286 1)
(1.107142857 0.1059183673 1)
(1.115 0.1041836735 1)
(1.122857143 0.1024489796 1)
(1.130714286 0.1007142857 1)
(1.138571429 0.09897959184 1)
(1.146428571 0.09724489796 1)
(1.154285714 0.09551020408 1)
(1.162142857 0.0937755102 1)
(1.17 0.09204081633 1)
(1.177857143 0.09030612245 1)
(1.108571429 0.08507653061 1)
(1.116428571 0.08330357143 1)
(1.124285714 0.08153061225 1)
(1.132142857 0.07975765306 1)
(1.14 0.07798469388 1)
(1.147857143 0.07621173469 1)
(1.155714286 0.07443877551 1)
(1.163571429 0.07266581633 1)
(1.11 0.06408163265 1)
(1.117857143 0.06227040816 1)
(1.125714286 0.06045918367 1)
(1.133571429 0.05864795918 1)
(1.141428571 0.05683673469 1)
(1.149285714 0.0550255102 1)
(1.111428571 0.04293367347 1)
(1.119285714 0.04108418367 1)
(1.127142857 0.03923469388 1)
(1.135 0.03738520408 1)
(1.112857143 0.02163265306 1)
(1.120714286 0.01974489796 1)
(1.106428571 0.002104591837 1)
(1.169508163 0.2348713155 1)
(1.163302041 0.2368854881 1)
(1.157095918 0.2388996607 1)
(1.150889796 0.2409138333 1)
(1.144683673 0.2429280059 1)
(1.138477551 0.2449421785 1)
(1.132271429 0.2469563511 1)
(1.126065306 0.2489705237 1)
(1.119859184 0.2509846963 1)
(1.113653061 0.2529988689 1)
(1.155444898 0.2175997738 1)
(1.149461224 0.2194852618 1)
(1.143477551 0.2213707499 1)
(1.137493878 0.223256238 1)
(1.131510204 0.225141726 1)
(1.125526531 0.2270272141 1)
(1.119542857 0.2289127021 1)
(1.113559184 0.2307981902 1)
(1.141381633 0.2003282321 1)
(1.135620408 0.2020850356 1)
(1.129859184 0.2038418391 1)
(1.124097959 0.2055986427 1)
(1.118336735 0.2073554462 1)
(1.11257551 0.2091122497 1)
(1.127318367 0.1830566904 1)
(1.121779592 0.1846848094 1)
(1.116240816 0.1863129284 1)
(1.110702041 0.1879410473 1)
(1.113255102 0.1657851487 1)
(1.107938776 0.1672845832 1)
(1.117193878 0.001288265306 1)
(1.131530612 0.01882653061 1)
(1.145867347 0.03636479592 1)
(1.160204082 0.05390306122 1)
(1.174540816 0.07144132653 1)
(1.188877551 0.08897959184 1)
(1.203214286 0.1065178571 1)
(1.21755102 0.1240561224 1)
(1.120102041 0.002397959184 1)
(1.134489796 0.01979591837 1)
(1.148877551 0.03719387755 1)
(1.163265306 0.05459183673 1)
(1.177653061 0.07198979592 1)
(1.192040816 0.0893877551 1)
(1.206428571 0.1067857143 1)
(1.220816327 0.1241836735 1)
(1.123010204 0.003507653061 1)
(1.13744898 0.02076530612 1)
(1.151887755 0.03802295918 1)
(1.166326531 0.05528061224 1)
(1.180765306 0.07253826531 1)
(1.195204082 0.08979591837 1)
(1.209642857 0.1070535714 1)
(1.224081633 0.1243112245 1)
(1.125918367 0.004617346939 1)
(1.140408163 0.02173469388 1)
(1.154897959 0.03885204082 1)
(1.169387755 0.05596938776 1)
(1.183877551 0.07308673469 1)
(1.198367347 0.09020408163 1)
(1.212857143 0.1073214286 1)
(1.227346939 0.1244387755 1)
(1.128826531 0.005727040816 1)
(1.143367347 0.02270408163 1)
(1.157908163 0.03968112245 1)
(1.17244898 0.05665816327 1)
(1.186989796 0.07363520408 1)
(1.201530612 0.0906122449 1)
(1.216071429 0.1075892857 1)
(1.230612245 0.1245663265 1)
(1.131734694 0.006836734694 1)
(1.146326531 0.02367346939 1)
(1.160918367 0.04051020408 1)
(1.175510204 0.05734693878 1)
(1.190102041 0.07418367347 1)
(1.204693878 0.09102040816 1)
(1.219285714 0.1078571429 1)
(1.134642857 0.007946428571 1)
(1.149285714 0.02464285714 1)
(1.163928571 0.04133928571 1)
(1.178571429 0.05803571429 1)
(1.193214286 0.07473214286 1)
(1.207857143 0.09142857143 1)
(1.2225 0.108125 1)
(1.13755102 0.009056122449 1)
(1.152244898 0.0256122449 1)
(1.166938776 0.04216836735 1)
(1.181632653 0.0587244898 1)
(1.196326531 0.07528061224 1)
(1.211020408 0.09183673469 1)
(1.225714286 0.1083928571 1)
(1.140459184 0.01016581633 1)
(1.155204082 0.02658163265 1)
(1.16994898 0.04299744898 1)
(1.184693878 0.05941326531 1)
(1.199438776 0.07582908163 1)
(1.214183673 0.09224489796 1)
(1.228928571 0.1086607143 1)
(1.143367347 0.0112755102 1)
(1.158163265 0.02755102041 1)
(1.172959184 0.04382653061 1)
(1.187755102 0.06010204082 1)
(1.20255102 0.07637755102 1)
(1.217346939 0.09265306122 1)
(1.14627551 0.01238520408 1)
(1.161122449 0.02852040816 1)
(1.175969388 0.04465561224 1)
(1.190816327 0.06079081633 1)
(1.205663265 0.07692602041 1)
(1.220510204 0.09306122449 1)
(1.149183673 0.01349489796 1)
(1.164081633 0.02948979592 1)
(1.178979592 0.04548469388 1)
(1.193877551 0.06147959184 1)
(1.20877551 0.0774744898 1)
(1.223673469 0.09346938775 1)
(1.152091837 0.01460459184 1)
(1.167040816 0.03045918367 1)
(1.181989796 0.04631377551 1)
(1.196938776 0.06216836735 1)
(1.211887755 0.07802295918 1)
(1.226836735 0.09387755102 1)
(1.179642857 0.01428571429 1)
(1.204285714 0.01285714286 1)
(1.228928571 0.01142857143 1)
(1.193571429 0.03 1)
(1.217142857 0.02857142857 1)
(1.240714286 0.02714285714 1)
(1.2075 0.04571428571 1)
(1.23 0.04428571429 1)
(1.221428571 0.06142857143 1)
(1.235357143 0.07714285714 1)
(1.171020408 -0.03423469388 1)
(1.176326531 -0.03775510204 1)
(1.181632653 -0.0412755102 1)
(1.186938776 -0.04479591837 1)
(1.192244898 -0.04831632653 1)
(1.19755102 -0.05183673469 1)
(1.202857143 -0.05535714286 1)
(1.208163265 -0.05887755102 1)
(1.213469388 -0.06239795918 1)
(1.21877551 -0.06591836735 1)
(1.224081633 -0.06943877551 1)
(1.229387755 -0.07295918367 1)
(1.234693878 -0.07647959184 1)
(1.196326531 -0.03489795918 1)
(1.20122449 -0.03836734694 1)
(1.206122449 -0.04183673469 1)
(1.211020408 -0.04530612245 1)
(1.215918367 -0.0487755102 1)
(1.220816327 -0.05224489796 1)
(1.225714286 -0.05571428571 1)
(1.230612245 -0.05918367347 1)
(1.235510204 -0.06265306122 1)
(1.221632653 -0.03556122449 1)
(1.226122449 -0.03897959184 1)
(1.230612245 -0.04239795918 1)
(1.235102041 -0.04581632653 1)
(1.114370193 -0.03848026011 1)
(1.114454672 -0.03981766309 1)
(1.114539151 -0.04115506606 1)
(1.11462363 -0.04249246903 1)
(1.114708108 -0.043829872 1)
(1.114792587 -0.04516727497 1)
(1.114877066 -0.04650467795 1)
(1.114961545 -0.04784208092 1)
(1.115046024 -0.04917948389 1)
(1.115130503 -0.05051688686 1)
(1.115214982 -0.05185428983 1)
(1.11529946 -0.05319169281 1)
(1.115383939 -0.05452909578 1)
(1.121538781 -0.04204137405 1)
(1.12164899 -0.04336846238 1)
(1.121759199 -0.04469555072 1)
(1.121869409 -0.04602263905 1)
(1.121979618 -0.04734972738 1)
(1.122089828 -0.04867681572 1)
(1.122200037 -0.05000390405 1)
(1.122310246 -0.05133099238 1)
(1.122420456 -0.05265808072 1)
(1.122530665 -0.05398516905 1)
(1.122640874 -0.05531225739 1)
(1.122751084 -0.05663934572 1)
(1.122861293 -0.05796643405 1)
(1.128704234 -0.04560924116 1)
(1.12883704 -0.04693276803 1)
(1.128969846 -0.0482562949 1)
(1.129102652 -0.04957982177 1)
(1.129235458 -0.05090334864 1)
(1.129368263 -0.05222687551 1)
(1.129501069 -0.05355040238 1)
(1.129633875 -0.05487392925 1)
(1.129766681 -0.05619745612 1)
(1.129899486 -0.05752098299 1)
(1.130032292 -0.05884450986 1)
(1.130165098 -0.06016803673 1)
(1.130297904 -0.0614915636 1)
(1.135866774 -0.04918319591 1)
(1.136019262 -0.05050924897 1)
(1.136171751 -0.05183530202 1)
(1.136324239 -0.05316135507 1)
(1.136476727 -0.05448740813 1)
(1.136629215 -0.05581346118 1)
(1.136781704 -0.05713951424 1)
(1.136934192 -0.05846556729 1)
(1.13708668 -0.05979162035 1)
(1.137239169 -0.0611176734 1)
(1.137391657 -0.06244372646 1)
(1.137544145 -0.06376977951 1)
(1.137696633 -0.06509583256 1)
(1.143026292 -0.05276327392 1)
(1.14319544 -0.05409797641 1)
(1.143364589 -0.05543267889 1)
(1.143533738 -0.05676738138 1)
(1.143702886 -0.05810208387 1)
(1.143872035 -0.05943678636 1)
(1.144041184 -0.06077148885 1)
(1.144210332 -0.06210619134 1)
(1.144379481 -0.06344089383 1)
(1.14454863 -0.06477559632 1)
(1.144717778 -0.0661102988 1)
(1.144886927 -0.06744500129 1)
(1.145056076 -0.06877970378 1)
(1.150182024 -0.05635077189 1)
(1.150364049 -0.05770154378 1)
(1.150546073 -0.05905231567 1)
(1.150728098 -0.06040308756 1)
(1.150910122 -0.06175385945 1)
(1.151092147 -0.06310463134 1)
(1.151274171 -0.06445540323 1)
(1.151456196 -0.06580617512 1)
(1.15163822 -0.06715694701 1)
(1.151820245 -0.0685077189 1)
(1.152002269 -0.06985849079 1)
(1.152184294 -0.07120926268 1)
(1.152366318 -0.07256003458 1)
(1.157333211 -0.05994686469 1)
(1.157523565 -0.06132230081 1)
(1.157713918 -0.06269773693 1)
(1.157904272 -0.06407317305 1)
(1.158094626 -0.06544860917 1)
(1.15828498 -0.06682404529 1)
(1.158475334 -0.06819948141 1)
(1.158665687 -0.06957491753 1)
(1.158856041 -0.07095035365 1)
(1.159046395 -0.07232578977 1)
(1.159236749 -0.07370122589 1)
(1.159427102 -0.07507666201 1)
(1.159617456 -0.07645209813 1)
(1.164479686 -0.06355152129 1)
(1.164673657 -0.06496018543 1)
(1.164867628 -0.06636884957 1)
(1.1650616 -0.06777751372 1)
(1.165255571 -0.06918617786 1)
(1.165449542 -0.070594842 1)
(1.165643513 -0.07200350615 1)
(1.165837485 -0.07341217029 1)
(1.166031456 -0.07482083443 1)
(1.166225427 -0.07622949857 1)
(1.166419399 -0.07763816272 1)
(1.16661337 -0.07904682686 1)
(1.166807341 -0.080455491 1)
(1.171621257 -0.06716474475 1)
(1.171813942 -0.0686152038 1)
(1.172006627 -0.07006566284 1)
(1.172199312 -0.07151612188 1)
(1.172391998 -0.07296658092 1)
(1.172584683 -0.07441703996 1)
(1.172777368 -0.075867499 1)
(1.172970053 -0.07731795804 1)
(1.173162739 -0.07876841708 1)
(1.173355424 -0.08021887612 1)
(1.173548109 -0.08166933516 1)
(1.173740794 -0.0831197942 1)
(1.17393348 -0.08457025324 1)
(1.178756989 -0.07078774014 1)
(1.178942549 -0.07228976599 1)
(1.179128109 -0.07379179184 1)
(1.179313669 -0.07529381769 1)
(1.179499229 -0.07679584354 1)
(1.179684789 -0.07829786939 1)
(1.179870349 -0.07979989524 1)
(1.180055909 -0.08130192109 1)
(1.180241469 -0.08280394694 1)
(1.180427029 -0.08430597279 1)
(1.180612589 -0.08580799865 1)
(1.180798149 -0.0873100245 1)
(1.180983709 -0.08881205035 1)
(1.185883352 -0.07442558481 1)
(1.186052417 -0.07599402677 1)
(1.186221483 -0.07756246873 1)
(1.186390549 -0.07913091069 1)
(1.186559615 -0.08069935264 1)
(1.186728681 -0.0822677946 1)
(1.186897746 -0.08383623656 1)
(1.187066812 -0.08540467852 1)
(1.187235878 -0.08697312048 1)
(1.187404944 -0.08854156243 1)
(1.18757401 -0.09011000439 1)
(1.187743075 -0.09167844635 1)
(1.187912141 -0.09324688831 1)
(1.193007579 -0.07806668162 1)
(1.193158016 -0.07970479182 1)
(1.193308452 -0.08134290202 1)
(1.193458888 -0.08298101221 1)
(1.193609325 -0.08461912241 1)
(1.193759761 -0.08625723261 1)
(1.193910198 -0.0878953428 1)
(1.194060634 -0.089533453 1)
(1.19421107 -0.0911715632 1)
(1.194361507 -0.09280967339 1)
(1.194511943 -0.09444778359 1)
(1.194662379 -0.09608589378 1)
(1.194812816 -0.09772400398 1)
(1.21924373 -0.08211228847 1)
(1.217773173 -0.0820817198 1)
(1.216302617 -0.08205115112 1)
(1.214832061 -0.08202058245 1)
(1.213361505 -0.08199001378 1)
(1.211890949 -0.0819594451 1)
(1.210420393 -0.08192887643 1)
(1.208949837 -0.08189830776 1)
(1.207479281 -0.08186773908 1)
(1.206008724 -0.08183717041 1)
(1.204538168 -0.08180660173 1)
(1.203067612 -0.08177603306 1)
(1.201597056 -0.08174546439 1)
(1.219916031 -0.08422457694 1)
(1.21840349 -0.08416343959 1)
(1.216890949 -0.08410230224 1)
(1.215378408 -0.0840411649 1)
(1.213865867 -0.08398002755 1)
(1.212353327 -0.0839188902 1)
(1.210840786 -0.08385775286 1)
(1.209328245 -0.08379661551 1)
(1.207815704 -0.08373547816 1)
(1.206303163 -0.08367434082 1)
(1.204790622 -0.08361320347 1)
(1.203278082 -0.08355206612 1)
(1.201765541 -0.08349092878 1)
(1.220588332 -0.08633686541 1)
(1.219033806 -0.08624515939 1)
(1.217479281 -0.08615345337 1)
(1.215924755 -0.08606174735 1)
(1.21437023 -0.08597004133 1)
(1.212815704 -0.08587833531 1)
(1.211261179 -0.08578662929 1)
(1.209706653 -0.08569492327 1)
(1.208152128 -0.08560321724 1)
(1.206597602 -0.08551151122 1)
(1.205043077 -0.0854198052 1)
(1.203488551 -0.08532809918 1)
(1.201934026 -0.08523639316 1)
(1.221260633 -0.08844915388 1)
(1.219664122 -0.08832687918 1)
(1.218067612 -0.08820460449 1)
(1.216471102 -0.0880823298 1)
(1.214874592 -0.0879600551 1)
(1.213278082 -0.08783778041 1)
(1.211681571 -0.08771550571 1)
(1.210085061 -0.08759323102 1)
(1.208488551 -0.08747095633 1)
(1.206892041 -0.08734868163 1)
(1.205295531 -0.08722640694 1)
(1.20369902 -0.08710413224 1)
(1.20210251 -0.08698185755 1)
(1.221932934 -0.09056144235 1)
(1.220294439 -0.09040859898 1)
(1.218655944 -0.09025575561 1)
(1.217017449 -0.09010291224 1)
(1.215378954 -0.08995006888 1)
(1.213740459 -0.08979722551 1)
(1.212101964 -0.08964438214 1)
(1.210463469 -0.08949153878 1)
(1.208824974 -0.08933869541 1)
(1.20718648 -0.08918585204 1)
(1.205547985 -0.08903300867 1)
(1.20390949 -0.08888016531 1)
(1.202270995 -0.08872732194 1)
(1.222605235 -0.09267373082 1)
(1.220924755 -0.09249031878 1)
(1.219244276 -0.09230690673 1)
(1.217563796 -0.09212349469 1)
(1.215883316 -0.09194008265 1)
(1.214202837 -0.09175667061 1)
(1.212522357 -0.09157325857 1)
(1.210841878 -0.09138984653 1)
(1.209161398 -0.09120643449 1)
(1.207480918 -0.09102302245 1)
(1.205800439 -0.09083961041 1)
(1.204119959 -0.09065619837 1)
(1.20243948 -0.09047278633 1)
(1.223277536 -0.09478601929 1)
(1.221555071 -0.09457203857 1)
(1.219832607 -0.09435805786 1)
(1.218110143 -0.09414407714 1)
(1.216387679 -0.09393009643 1)
(1.214665214 -0.09371611571 1)
(1.21294275 -0.093502135 1)
(1.211220286 -0.09328815429 1)
(1.209497821 -0.09307417357 1)
(1.207775357 -0.09286019286 1)
(1.206052893 -0.09264621214 1)
(1.204330429 -0.09243223143 1)
(1.202607964 -0.09221825071 1)
(1.223949837 -0.09689830776 1)
(1.222185388 -0.09665375837 1)
(1.220420939 -0.09640920898 1)
(1.21865649 -0.09616465959 1)
(1.216892041 -0.0959201102 1)
(1.215127592 -0.09567556082 1)
(1.213363143 -0.09543101143 1)
(1.211598694 -0.09518646204 1)
(1.209834245 -0.09494191265 1)
(1.208069796 -0.09469736327 1)
(1.206305347 -0.09445281388 1)
(1.204540898 -0.09420826449 1)
(1.202776449 -0.0939637151 1)
(1.222815704 -0.09873547816 1)
(1.22100927 -0.0984603601 1)
(1.219202837 -0.09818524204 1)
(1.217396403 -0.09791012398 1)
(1.215589969 -0.09763500592 1)
(1.213783536 -0.09735988786 1)
(1.211977102 -0.0970847698 1)
(1.210170668 -0.09680965173 1)
(1.208364235 -0.09653453367 1)
(1.206557801 -0.09625941561 1)
(1.204751367 -0.09598429755 1)
(1.202944934 -0.09570917949 1)
(1.22344602 -0.100817198 1)
(1.221597602 -0.1005115112 1)
(1.219749184 -0.1002058245 1)
(1.217900765 -0.09990013776 1)
(1.216052347 -0.09959445102 1)
(1.214203929 -0.09928876429 1)
(1.21235551 -0.09898307755 1)
(1.210507092 -0.09867739082 1)
(1.208658673 -0.09837170408 1)
(1.206810255 -0.09806601735 1)
(1.204961837 -0.09776033061 1)
(1.203113418 -0.09745464388 1)
(1.224076337 -0.1028989178 1)
(1.222185934 -0.1025626623 1)
(1.220295531 -0.1022264069 1)
(1.218405128 -0.1018901515 1)
(1.216514724 -0.1015538961 1)
(1.214624321 -0.1012176407 1)
(1.212733918 -0.1008813853 1)
(1.210843515 -0.1005451299 1)
(1.208953112 -0.1002088745 1)
(1.207062709 -0.09987261908 1)
(1.205172306 -0.09953636367 1)
(1.203281903 -0.09920010827 1)
(1.222774265 -0.1046138135 1)
(1.220841878 -0.1042469894 1)
(1.21890949 -0.1038801653 1)
(1.216977102 -0.1035133412 1)
(1.215044714 -0.1031465171 1)
(1.213112327 -0.1027796931 1)
(1.211179939 -0.102412869 1)
(1.209247551 -0.1020460449 1)
(1.207315163 -0.1016792208 1)
(1.205382776 -0.1013123967 1)
(1.203450388 -0.1009455727 1)
(1.223362597 -0.1066649646 1)
(1.221388224 -0.1062675718 1)
(1.219413852 -0.1058701791 1)
(1.21743948 -0.1054727863 1)
(1.215465107 -0.1050753936 1)
(1.213490735 -0.1046780008 1)
(1.211516362 -0.1042806081 1)
(1.20954199 -0.1038832153 1)
(1.207567617 -0.1034858226 1)
(1.205593245 -0.1030884298 1)
(1.203618872 -0.102691037 1)
(1.203761224 -0.104494042 1)
(1.205779592 -0.1049450498 1)
(1.207797959 -0.1053960576 1)
(1.209816327 -0.1058470653 1)
(1.211834694 -0.1062980731 1)
(1.213853061 -0.1067490808 1)
(1.215871429 -0.1072000886 1)
(1.217889796 -0.1076510963 1)
(1.219908163 -0.1081021041 1)
(1.221926531 -0.1085531118 1)
(1.203735092 -0.1045515827 1)
(1.205755469 -0.1050256367 1)
(1.207775847 -0.1054996908 1)
(1.209796224 -0.1059737449 1)
(1.211816602 -0.106447799 1)
(1.21383698 -0.1069218531 1)
(1.215857357 -0.1073959071 1)
(1.217877735 -0.1078699612 1)
(1.219898112 -0.1083440153 1)
(1.22191849 -0.1088180694 1)
(1.203708959 -0.1046091233 1)
(1.205731347 -0.1051062237 1)
(1.207753735 -0.1056033241 1)
(1.209776122 -0.1061004245 1)
(1.21179851 -0.1065975249 1)
(1.213820898 -0.1070946253 1)
(1.215843286 -0.1075917257 1)
(1.217865673 -0.1080888261 1)
(1.219888061 -0.1085859265 1)
(1.221910449 -0.1090830269 1)
(1.223932837 -0.1095801273 1)
(1.203682827 -0.1046666639 1)
(1.205707224 -0.1051868106 1)
(1.207731622 -0.1057069573 1)
(1.20975602 -0.1062271041 1)
(1.211780418 -0.1067472508 1)
(1.213804816 -0.1072673976 1)
(1.215829214 -0.1077875443 1)
(1.217853612 -0.108307691 1)
(1.21987801 -0.1088278378 1)
(1.221902408 -0.1093479845 1)
(1.223926806 -0.1098681312 1)
(1.203656694 -0.1047242045 1)
(1.205683102 -0.1052673976 1)
(1.20770951 -0.1058105906 1)
(1.209735918 -0.1063537837 1)
(1.211762327 -0.1068969767 1)
(1.213788735 -0.1074401698 1)
(1.215815143 -0.1079833629 1)
(1.217841551 -0.1085265559 1)
(1.219867959 -0.109069749 1)
(1.221894367 -0.109612942 1)
(1.223920776 -0.1101561351 1)
(1.203630561 -0.1047817451 1)
(1.20565898 -0.1053479845 1)
(1.207687398 -0.1059142239 1)
(1.209715816 -0.1064804633 1)
(1.211744235 -0.1070467027 1)
(1.213772653 -0.107612942 1)
(1.215801071 -0.1081791814 1)
(1.21782949 -0.1087454208 1)
(1.219857908 -0.1093116602 1)
(1.221886327 -0.1098778996 1)
(1.223914745 -0.110444139 1)
(1.203604429 -0.1048392857 1)
(1.205634857 -0.1054285714 1)
(1.207665286 -0.1060178571 1)
(1.209695714 -0.1066071429 1)
(1.211726143 -0.1071964286 1)
(1.213756571 -0.1077857143 1)
(1.215787 -0.108375 1)
(1.217817429 -0.1089642857 1)
(1.219847857 -0.1095535714 1)
(1.221878286 -0.1101428571 1)
(1.223908714 -0.1107321429 1)
(1.203578296 -0.1048968263 1)
(1.205610735 -0.1055091584 1)
(1.207643173 -0.1061214904 1)
(1.209675612 -0.1067338224 1)
(1.211708051 -0.1073461545 1)
(1.21374049 -0.1079584865 1)
(1.215772929 -0.1085708186 1)
(1.217805367 -0.1091831506 1)
(1.219837806 -0.1097954827 1)
(1.221870245 -0.1104078147 1)
(1.223902684 -0.1110201467 1)
(1.203552163 -0.1049543669 1)
(1.205586612 -0.1055897453 1)
(1.207621061 -0.1062251237 1)
(1.20965551 -0.106860502 1)
(1.211689959 -0.1074958804 1)
(1.213724408 -0.1081312588 1)
(1.215758857 -0.1087666371 1)
(1.217793306 -0.1094020155 1)
(1.219827755 -0.1100373939 1)
(1.221862204 -0.1106727722 1)
(1.223896653 -0.1113081506 1)
(1.203526031 -0.1050119076 1)
(1.20556249 -0.1056703322 1)
(1.207598949 -0.1063287569 1)
(1.209635408 -0.1069871816 1)
(1.211671867 -0.1076456063 1)
(1.213708327 -0.108304031 1)
(1.215744786 -0.1089624557 1)
(1.217781245 -0.1096208804 1)
(1.219817704 -0.1102793051 1)
(1.221854163 -0.1109377298 1)
(1.223890622 -0.1115961545 1)
(1.203499898 -0.1050694482 1)
(1.205538367 -0.1057509192 1)
(1.207576837 -0.1064323902 1)
(1.209615306 -0.1071138612 1)
(1.211653776 -0.1077953322 1)
(1.213692245 -0.1084768033 1)
(1.215730714 -0.1091582743 1)
(1.217769184 -0.1098397453 1)
(1.219807653 -0.1105212163 1)
(1.221846122 -0.1112026873 1)
(1.223884592 -0.1118841584 1)
(1.203473765 -0.1051269888 1)
(1.205514245 -0.1058315061 1)
(1.207554724 -0.1065360235 1)
(1.209595204 -0.1072405408 1)
(1.211635684 -0.1079450582 1)
(1.213676163 -0.1086495755 1)
(1.215716643 -0.1093540929 1)
(1.217757122 -0.1100586102 1)
(1.219797602 -0.1107631276 1)
(1.221838082 -0.1114676449 1)
(1.223878561 -0.1121721622 1)
(1.203447633 -0.1051845294 1)
(1.205490122 -0.1059120931 1)
(1.207532612 -0.1066396567 1)
(1.209575102 -0.1073672204 1)
(1.211617592 -0.1080947841 1)
(1.213660082 -0.1088223478 1)
(1.215702571 -0.1095499114 1)
(1.217745061 -0.1102774751 1)
(1.219787551 -0.1110050388 1)
(1.221830041 -0.1117326024 1)
(1.223872531 -0.1124601661 1)
(1.203432209 -0.1148676364 1)
(1.203442918 -0.1244932029 1)
(1.203453628 -0.1341187693 1)
(1.203464337 -0.1437443357 1)
(1.203475046 -0.1533699021 1)
(1.203485755 -0.1629954686 1)
(1.203496464 -0.172621035 1)
(1.203507173 -0.1822466014 1)
(1.203517883 -0.1918721679 1)
(1.203528592 -0.2014977343 1)
(1.203539301 -0.2111233007 1)
(1.20355001 -0.2207488671 1)
(1.203560719 -0.2303744336 1)
(1.205585776 -0.1155646314 1)
(1.205705551 -0.1251365829 1)
(1.205825327 -0.1347085343 1)
(1.205945102 -0.1442804857 1)
(1.206064878 -0.1538524371 1)
(1.206184653 -0.1634243886 1)
(1.206304429 -0.17299634 1)
(1.206424204 -0.1825682914 1)
(1.20654398 -0.1921402429 1)
(1.206663755 -0.2017121943 1)
(1.206783531 -0.2112841457 1)
(1.206903306 -0.2208560971 1)
(1.207023082 -0.2304280486 1)
(1.207739342 -0.1162616264 1)
(1.207968184 -0.1257799629 1)
(1.208197026 -0.1352982993 1)
(1.208425867 -0.1448166357 1)
(1.208654709 -0.1543349721 1)
(1.208883551 -0.1638533086 1)
(1.209112393 -0.173371645 1)
(1.209341235 -0.1828899814 1)
(1.209570077 -0.1924083179 1)
(1.209798918 -0.2019266543 1)
(1.21002776 -0.2114449907 1)
(1.210256602 -0.2209633271 1)
(1.210485444 -0.2304816636 1)
(1.209892908 -0.1169586214 1)
(1.210230816 -0.1264233429 1)
(1.210568724 -0.1358880643 1)
(1.210906633 -0.1453527857 1)
(1.211244541 -0.1548175071 1)
(1.211582449 -0.1642822286 1)
(1.211920357 -0.17374695 1)
(1.212258265 -0.1832116714 1)
(1.212596173 -0.1926763929 1)
(1.212934082 -0.2021411143 1)
(1.21327199 -0.2116058357 1)
(1.213609898 -0.2210705571 1)
(1.213947806 -0.2305352786 1)
(1.212046474 -0.1176556164 1)
(1.212493449 -0.1270667229 1)
(1.212940423 -0.1364778293 1)
(1.213387398 -0.1458889357 1)
(1.213834372 -0.1553000421 1)
(1.214281347 -0.1647111486 1)
(1.214728321 -0.174122255 1)
(1.215175296 -0.1835333614 1)
(1.21562227 -0.1929444679 1)
(1.216069245 -0.2023555743 1)
(1.216516219 -0.2117666807 1)
(1.216963194 -0.2211777871 1)
(1.217410168 -0.2305888936 1)
(1.214200041 -0.1183526114 1)
(1.214756082 -0.1277101029 1)
(1.215312122 -0.1370675943 1)
(1.215868163 -0.1464250857 1)
(1.216424204 -0.1557825771 1)
(1.216980245 -0.1651400686 1)
(1.217536286 -0.17449756 1)
(1.218092327 -0.1838550514 1)
(1.218648367 -0.1932125429 1)
(1.219204408 -0.2025700343 1)
(1.219760449 -0.2119275257 1)
(1.22031649 -0.2212850171 1)
(1.220872531 -0.2306425086 1)
(1.216353607 -0.1190496064 1)
(1.217018714 -0.1283534829 1)
(1.217683821 -0.1376573593 1)
(1.218348929 -0.1469612357 1)
(1.219014036 -0.1562651121 1)
(1.219679143 -0.1655689886 1)
(1.22034425 -0.174872865 1)
(1.221009357 -0.1841767414 1)
(1.221674464 -0.1934806179 1)
(1.222339571 -0.2027844943 1)
(1.223004679 -0.2120883707 1)
(1.223669786 -0.2213922471 1)
(1.224334893 -0.2306961236 1)
(1.218507173 -0.1197466014 1)
(1.219281347 -0.1289968629 1)
(1.22005552 -0.1382471243 1)
(1.220829694 -0.1474973857 1)
(1.221603867 -0.1567476471 1)
(1.222378041 -0.1659979086 1)
(1.223152214 -0.17524817 1)
(1.223926388 -0.1844984314 1)
(1.224700561 -0.1937486929 1)
(1.22066074 -0.1204435964 1)
(1.22154398 -0.1296402429 1)
(1.222427219 -0.1388368893 1)
(1.223310459 -0.1480335357 1)
(1.224193699 -0.1572301821 1)
(1.222814306 -0.1211405914 1)
(1.223806612 -0.1302836229 1)
(1.116938776 -0.03714285714 1)
(1.123979592 -0.04071428571 1)
(1.131020408 -0.04428571429 1)
(1.138061224 -0.04785714286 1)
(1.145102041 -0.05142857143 1)
(1.152142857 -0.055 1)
(1.159183673 -0.05857142857 1)
(1.16622449 -0.06214285714 1)
(1.173265306 -0.06571428571 1)
(1.180306122 -0.06928571429 1)
(1.187346939 -0.07285714286 1)
(1.194387755 -0.07642857143 1)
(1.119591837 -0.03714285714 1)
(1.126530612 -0.04071428571 1)
(1.133469388 -0.04428571429 1)
(1.140408163 -0.04785714286 1)
(1.147346939 -0.05142857143 1)
(1.154285714 -0.055 1)
(1.16122449 -0.05857142857 1)
(1.168163265 -0.06214285714 1)
(1.175102041 -0.06571428571 1)
(1.182040816 -0.06928571429 1)
(1.188979592 -0.07285714286 1)
(1.195918367 -0.07642857143 1)
(1.115408163 -0.03357142857 1)
(1.122244898 -0.03714285714 1)
(1.129081633 -0.04071428571 1)
(1.135918367 -0.04428571429 1)
(1.142755102 -0.04785714286 1)
(1.149591837 -0.05142857143 1)
(1.156428571 -0.055 1)
(1.163265306 -0.05857142857 1)
(1.170102041 -0.06214285714 1)
(1.176938776 -0.06571428571 1)
(1.18377551 -0.06928571429 1)
(1.190612245 -0.07285714286 1)
(1.19744898 -0.07642857143 1)
(1.118163265 -0.03357142857 1)
(1.124897959 -0.03714285714 1)
(1.131632653 -0.04071428571 1)
(1.138367347 -0.04428571429 1)
(1.145102041 -0.04785714286 1)
(1.151836735 -0.05142857143 1)
(1.158571429 -0.055 1)
(1.165306122 -0.05857142857 1)
(1.172040816 -0.06214285714 1)
(1.17877551 -0.06571428571 1)
(1.185510204 -0.06928571429 1)
(1.192244898 -0.07285714286 1)
(1.198979592 -0.07642857143 1)
(1.120918367 -0.03357142857 1)
(1.12755102 -0.03714285714 1)
(1.134183673 -0.04071428571 1)
(1.140816327 -0.04428571429 1)
(1.14744898 -0.04785714286 1)
(1.154081633 -0.05142857143 1)
(1.160714286 -0.055 1)
(1.167346939 -0.05857142857 1)
(1.173979592 -0.06214285714 1)
(1.180612245 -0.06571428571 1)
(1.187244898 -0.06928571429 1)
(1.193877551 -0.07285714286 1)
(1.200510204 -0.07642857143 1)
(1.123673469 -0.03357142857 1)
(1.130204082 -0.03714285714 1)
(1.136734694 -0.04071428571 1)
(1.143265306 -0.04428571429 1)
(1.149795918 -0.04785714286 1)
(1.156326531 -0.05142857143 1)
(1.162857143 -0.055 1)
(1.169387755 -0.05857142857 1)
(1.175918367 -0.06214285714 1)
(1.18244898 -0.06571428571 1)
(1.188979592 -0.06928571429 1)
(1.195510204 -0.07285714286 1)
(1.202040816 -0.07642857143 1)
(1.126428571 -0.03357142857 1)
(1.132857143 -0.03714285714 1)
(1.139285714 -0.04071428571 1)
(1.145714286 -0.04428571429 1)
(1.152142857 -0.04785714286 1)
(1.158571429 -0.05142857143 1)
(1.165 -0.055 1)
(1.171428571 -0.05857142857 1)
(1.177857143 -0.06214285714 1)
(1.184285714 -0.06571428571 1)
(1.190714286 -0.06928571429 1)
(1.197142857 -0.07285714286 1)
(1.203571429 -0.07642857143 1)
(1.129183673 -0.03357142857 1)
(1.135510204 -0.03714285714 1)
(1.141836735 -0.04071428571 1)
(1.148163265 -0.04428571429 1)
(1.154489796 -0.04785714286 1)
(1.160816327 -0.05142857143 1)
(1.167142857 -0.055 1)
(1.173469388 -0.05857142857 1)
(1.179795918 -0.06214285714 1)
(1.186122449 -0.06571428571 1)
(1.19244898 -0.06928571429 1)
(1.19877551 -0.07285714286 1)
(1.205102041 -0.07642857143 1)
(1.131938776 -0.03357142857 1)
(1.138163265 -0.03714285714 1)
(1.144387755 -0.04071428571 1)
(1.150612245 -0.04428571429 1)
(1.156836735 -0.04785714286 1)
(1.163061224 -0.05142857143 1)
(1.169285714 -0.055 1)
(1.175510204 -0.05857142857 1)
(1.181734694 -0.06214285714 1)
(1.187959184 -0.06571428571 1)
(1.194183673 -0.06928571429 1)
(1.200408163 -0.07285714286 1)
(1.206632653 -0.07642857143 1)
(1.134693878 -0.03357142857 1)
(1.140816327 -0.03714285714 1)
(1.146938776 -0.04071428571 1)
(1.153061224 -0.04428571429 1)
(1.159183673 -0.04785714286 1)
(1.165306122 -0.05142857143 1)
(1.171428571 -0.055 1)
(1.17755102 -0.05857142857 1)
(1.183673469 -0.06214285714 1)
(1.189795918 -0.06571428571 1)
(1.195918367 -0.06928571429 1)
(1.202040816 -0.07285714286 1)
(1.208163265 -0.07642857143 1)
(1.13744898 -0.03357142857 1)
(1.143469388 -0.03714285714 1)
(1.149489796 -0.04071428571 1)
(1.155510204 -0.04428571429 1)
(1.161530612 -0.04785714286 1)
(1.16755102 -0.05142857143 1)
(1.173571429 -0.055 1)
(1.179591837 -0.05857142857 1)
(1.185612245 -0.06214285714 1)
(1.191632653 -0.06571428571 1)
(1.197653061 -0.06928571429 1)
(1.203673469 -0.07285714286 1)
(1.209693878 -0.07642857143 1)
(1.140204082 -0.03357142857 1)
(1.146122449 -0.03714285714 1)
(1.152040816 -0.04071428571 1)
(1.157959184 -0.04428571429 1)
(1.163877551 -0.04785714286 1)
(1.169795918 -0.05142857143 1)
(1.175714286 -0.055 1)
(1.181632653 -0.05857142857 1)
(1.18755102 -0.06214285714 1)
(1.193469388 -0.06571428571 1)
(1.199387755 -0.06928571429 1)
(1.205306122 -0.07285714286 1)
(1.21122449 -0.07642857143 1)
(1.142959184 -0.03357142857 1)
(1.14877551 -0.03714285714 1)
(1.154591837 -0.04071428571 1)
(1.160408163 -0.04428571429 1)
(1.16622449 -0.04785714286 1)
(1.172040816 -0.05142857143 1)
(1.177857143 -0.055 1)
(1.183673469 -0.05857142857 1)
(1.189489796 -0.06214285714 1)
(1.195306122 -0.06571428571 1)
(1.201122449 -0.06928571429 1)
(1.206938776 -0.07285714286 1)
(1.212755102 -0.07642857143 1)
(1.209489796 -0.58 1)
(1.215408163 -0.92 1)
(1.221326531 -1.26 1)
(1.227244898 -1.6 1)
(1.213979592 -0.58 1)
(1.220816327 -0.92 1)
(1.227653061 -1.26 1)
(1.218469388 -0.58 1)
(1.22622449 -0.92 1)
(1.222959184 -0.58 1)
(1.22744898 -0.58 1)
(1.184897959 0.6151530612 1)
(1.19122449 0.6131632653 1)
(1.19755102 0.6111734694 1)
(1.203877551 0.6091836735 1)
(1.210204082 0.6071938776 1)
(1.216530612 0.6052040816 1)
(1.222857143 0.6032142857 1)
(1.229183673 0.6012244898 1)
(1.235510204 0.5992346939 1)
(1.241836735 0.597244898 1)
(1.248163265 0.595255102 1)
(1.254489796 0.5932653061 1)
(1.260816327 0.5912755102 1)
(1.263367347 0.9524489796 1)
(1.083061224 4.665306122 1)
(1.071836735 4.330612245 1)
(1.169591837 4.665102041 1)
(1.152755102 4.330204082 1)
(1.135918367 3.995306122 1)
(1.119081633 3.660408163 1)
(1.102244898 3.325510204 1)
(1.085408163 2.990612245 1)
(1.256122449 4.664897959 1)
(1.233673469 4.329795918 1)
(1.21122449 3.994693878 1)
(1.18877551 3.659591837 1)
(1.166326531 3.324489796 1)
(1.143877551 2.989387755 1)
(1.121428571 2.654285714 1)
(1.098979592 2.319183673 1)
(1.258469388 3.65877551 1)
(1.230408163 3.323469388 1)
(1.202346939 2.988163265 1)
(1.174285714 2.652857143 1)
(1.14622449 2.31755102 1)
(1.118163265 1.982244898 1)
(1.090102041 1.646938776 1)
(1.260816327 2.986938776 1)
(1.227142857 2.651428571 1)
(1.193469388 2.315918367 1)
(1.159795918 1.980408163 1)
(1.126122449 1.644897959 1)
(1.09244898 1.309387755 1)
(1.240714286 2.314285714 1)
(1.201428571 1.978571429 1)
(1.162142857 1.642857143 1)
(1.122857143 1.307142857 1)
(1.083571429 0.9714285714 1)
(1.243061224 1.976734694 1)
(1.198163265 1.640816327 1)
(1.153265306 1.304897959 1)
(1.108367347 0.9689795918 1)
(1.234183673 1.63877551 1)
(1.183673469 1.302653061 1)
(1.133163265 0.9665306122 1)
(1.082653061 0.6304081633 1)
(1.214081633 1.300408163 1)
(1.157959184 0.9640816327 1)
(1.101836735 0.627755102 1)
(1.244489796 1.298163265 1)
(1.182755102 0.9616326531 1)
(1.121020408 0.6251020408 1)
(1.20755102 0.9591836735 1)
(1.140204082 0.6224489796 1)
(1.232346939 0.9567346939 1)
(1.159387755 0.6197959184 1)
(1.180265894 -0.1058965221 1)
(1.180080606 -0.1165418446 1)
(1.179895317 -0.1271871671 1)
(1.179710028 -0.1378324896 1)
(1.17952474 -0.148477812 1)
(1.179339451 -0.1591231345 1)
(1.179154163 -0.169768457 1)
(1.178968874 -0.1804137794 1)
(1.178783586 -0.1910591019 1)
(1.178598297 -0.2017044244 1)
(1.178413009 -0.2123497469 1)
(1.17822772 -0.2229950693 1)
(1.178042431 -0.2336403918 1)
(1.159008127 -0.09815128297 1)
(1.158754754 -0.1097220634 1)
(1.158501382 -0.1212928438 1)
(1.158248009 -0.1328636243 1)
(1.157994637 -0.1444344047 1)
(1.157741265 -0.1560051851 1)
(1.157487892 -0.1675759656 1)
(1.15723452 -0.179146746 1)
(1.156981148 -0.1907175264 1)
(1.156727775 -0.2022883068 1)
(1.156474403 -0.2138590873 1)
(1.15622103 -0.2254298677 1)
(1.155967658 -0.2370006481 1)
(1.13744239 -0.09119824067 1)
(1.137144623 -0.1036335408 1)
(1.136846857 -0.116068841 1)
(1.136549091 -0.1285041412 1)
(1.136251325 -0.1409394413 1)
(1.135953558 -0.1533747415 1)
(1.135655792 -0.1658100417 1)
(1.135358026 -0.1782453418 1)
(1.13506026 -0.190680642 1)
(1.134762494 -0.2031159422 1)
(1.134464727 -0.2155512424 1)
(1.134166961 -0.2279865425 1)
(1.133869195 -0.2404218427 1)
(1.115609641 -0.08502863364 1)
(1.11528802 -0.0982681893 1)
(1.114966399 -0.111507745 1)
(1.114644778 -0.1247473006 1)
(1.114323158 -0.1379868563 1)
(1.114001537 -0.1512264119 1)
(1.113679916 -0.1644659676 1)
(1.113358296 -0.1777055232 1)
(1.113036675 -0.1909450789 1)
(1.112715054 -0.2041846345 1)
(1.112393434 -0.2174241902 1)
(1.112071813 -0.2306637458 1)
(1.111750192 -0.2439033015 1)
(1.119693878 -4.66244898 1)
(1.112244898 -4.324897959 1)
(1.137857143 -4.662142857 1)
(1.130714286 -4.324285714 1)
(1.123571429 -3.986428571 1)
(1.116428571 -3.648571429 1)
(1.109285714 -3.310714286 1)
(1.156020408 -4.661836735 1)
(1.149183673 -4.323673469 1)
(1.142346939 -3.985510204 1)
(1.135510204 -3.647346939 1)
(1.128673469 -3.309183673 1)
(1.121836735 -2.971020408 1)
(1.115 -2.632857143 1)
(1.108163265 -2.294693878 1)
(1.174183673 -4.661530612 1)
(1.167653061 -4.323061224 1)
(1.161122449 -3.984591837 1)
(1.154591837 -3.646122449 1)
(1.148061224 -3.307653061 1)
(1.141530612 -2.969183673 1)
(1.135 -2.630714286 1)
(1.128469388 -2.292244898 1)
(1.121938776 -1.95377551 1)
(1.115408163 -1.615306122 1)
(1.108877551 -1.276836735 1)
(1.192346939 -4.66122449 1)
(1.186122449 -4.32244898 1)
(1.179897959 -3.983673469 1)
(1.173673469 -3.644897959 1)
(1.16744898 -3.306122449 1)
(1.16122449 -2.967346939 1)
(1.155 -2.628571429 1)
(1.14877551 -2.289795918 1)
(1.14255102 -1.951020408 1)
(1.136326531 -1.612244898 1)
(1.130102041 -1.273469388 1)
(1.123877551 -0.9346938776 1)
(1.117653061 -0.5959183673 1)
(1.210510204 -4.660918367 1)
(1.204591837 -4.321836735 1)
(1.198673469 -3.982755102 1)
(1.192755102 -3.643673469 1)
(1.186836735 -3.304591837 1)
(1.180918367 -2.965510204 1)
(1.175 -2.626428571 1)
(1.169081633 -2.287346939 1)
(1.163163265 -1.948265306 1)
(1.157244898 -1.609183673 1)
(1.151326531 -1.270102041 1)
(1.145408163 -0.9310204082 1)
(1.139489796 -0.5919387755 1)
(1.228673469 -4.660612245 1)
(1.223061224 -4.32122449 1)
(1.21744898 -3.981836735 1)
(1.211836735 -3.64244898 1)
(1.20622449 -3.303061224 1)
(1.200612245 -2.963673469 1)
(1.195 -2.624285714 1)
(1.189387755 -2.284897959 1)
(1.18377551 -1.945510204 1)
(1.178163265 -1.606122449 1)
(1.17255102 -1.266734694 1)
(1.166938776 -0.9273469388 1)
(1.161326531 -0.5879591837 1)
(1.23622449 -3.980918367 1)
(1.230918367 -3.64122449 1)
(1.225612245 -3.301530612 1)
(1.220306122 -2.961836735 1)
(1.215 -2.622142857 1)
(1.209693878 -2.28244898 1)
(1.204387755 -1.942755102 1)
(1.199081633 -1.603061224 1)
(1.19377551 -1.263367347 1)
(1.188469388 -0.9236734694 1)
(1.183163265 -0.5839795918 1)
)


// ************************************************************************* //
