/*--------------------------------*- C++ -*----------------------------------*\
| =========                 |                                                 |
| \\      /  F ield         | OpenFOAM: The Open Source CFD Toolbox           |
|  \\    /   O peration     | Version:  2206                                  |
|   \\  /    A nd           | Website:  www.openfoam.com                      |
|    \\/     M anipulation  |                                                 |
\*---------------------------------------------------------------------------*/
FoamFile
{
    version     2.0;
    format      ascii;
    arch        "LSB;label=32;scalar=64";
    class       labelList;
    location    "constant/polyMesh";
    object      pointProcAddressing;
}
// * * * * * * * * * * * * * * * * * * * * * * * * * * * * * * * * * * * * * //


3162
(
12
18
30
37
43
48
65
66
74
93
96
103
105
110
111
112
114
119
313
406
407
408
409
410
411
412
413
414
415
416
417
418
419
420
421
422
423
424
425
426
427
428
431
432
433
434
435
436
437
438
439
440
441
470
471
472
473
474
475
476
477
478
479
480
481
482
496
497
498
499
500
501
502
503
504
505
506
507
508
509
510
511
512
513
639
640
641
642
643
644
645
717
718
783
784
873
874
875
876
877
878
879
1186
1187
1188
1189
1190
1191
1192
1193
1194
1195
1196
1197
1198
1199
1200
1201
1202
1203
1204
1205
1206
1207
1208
1209
1210
1211
1212
1213
1214
1289
1290
1291
1292
1293
1294
1295
1296
1297
1298
1299
1300
1301
1319
1320
1321
1322
1323
1324
1325
1326
1327
1332
1333
1334
1335
1336
1337
1338
1339
1340
1341
1342
1343
1344
1345
1346
1347
1348
1349
1350
1351
1352
1353
1354
1355
1356
1370
1371
1372
1373
1374
1375
1376
1377
1378
1379
1380
1381
1382
1383
1384
1385
1386
1387
1388
1389
1390
1391
1392
1393
1394
1395
1396
1397
1398
1419
1420
1421
1653
1654
1655
1656
1657
1666
1667
1668
1669
1670
1671
1672
1673
1674
1675
1676
1677
1678
1679
1680
1681
1682
1683
1870
1871
1872
1873
1892
1893
1894
1895
1896
1897
1898
2160
2161
2162
2196
2197
2198
2199
2200
2201
2202
2203
2204
2205
2206
2207
2208
2209
2210
2211
2293
2294
2295
2296
2297
2298
2299
2300
2301
2302
2303
2304
2305
2306
2307
2308
2309
2310
2311
2355
2356
2357
2358
2359
2368
2369
2370
2371
2372
2373
2374
2375
2376
2389
2390
2391
2392
2393
2407
2408
2409
2410
2411
2412
2413
2414
2415
2416
2417
2418
2419
2446
2447
2448
2449
2450
2451
2524
2525
2526
2527
2528
2529
2530
2531
2532
2533
2534
2535
2536
2538
2539
2540
2541
2542
2543
2544
2545
2546
2547
2548
2549
2550
2551
2552
2553
2554
2555
2556
2557
2558
2559
2560
2561
2562
2563
2564
2565
2566
2567
2568
2569
2570
2571
2572
2573
2574
2576
2577
2578
2579
2580
2591
2592
2593
2594
2595
2596
2597
2598
2599
2600
2601
2602
2603
2604
2605
2606
2607
2608
2609
2610
2611
2612
2613
2614
2615
2616
2617
2618
2619
2620
2621
2622
2623
2624
2625
2626
2627
2628
2629
2630
2631
2632
2633
2634
2635
2636
2637
2638
2725
2726
2727
2728
2729
2730
2731
2732
2733
2734
2735
2736
2737
2738
2739
2740
2741
2742
2743
2744
2803
2804
2805
2806
2807
2808
2809
2822
2849
2850
2915
2916
3044
3045
3046
3047
3066
3067
3068
3069
3517
3518
3519
3520
3521
3522
3523
4565
4566
4567
4568
4569
4570
4571
4572
4573
4574
4575
4576
4577
4578
4579
4580
4581
4582
4583
4584
4585
4586
4587
4588
4589
4590
4591
4592
4593
4594
4595
4596
4597
4598
4599
4600
4601
4602
4603
5137
5138
5139
5140
5141
5142
5143
5144
5145
5146
5147
5148
5149
5150
5151
5152
5153
5154
5155
5156
5157
5158
5159
5160
5161
5162
5163
5164
5165
5166
5167
5168
5169
5170
5171
5172
5173
5174
5175
5176
5177
5178
5179
5180
5181
5182
5183
5184
5185
5186
5187
5188
5189
5190
5191
5192
5193
5194
5195
5196
5197
5198
5199
5200
5201
5202
5203
5204
5205
5206
5207
5208
5209
5210
5211
5212
5213
5214
5215
5216
5217
5218
5219
5220
5221
5222
5223
5224
5225
5226
5227
5228
5229
5230
5231
5232
5233
5234
5235
5236
5237
5238
5239
5240
5410
5411
5412
5413
5414
5415
5416
5423
5424
5425
5426
5427
5428
5429
5430
5431
5436
5437
5438
5439
5440
5441
5442
5443
5444
5445
5446
5449
5450
5451
5452
5453
5454
5455
5456
5457
5458
5459
5460
5462
5463
5464
5465
5466
5467
5468
5469
5470
5471
5472
5473
5474
5475
5476
5477
5478
5479
5480
5481
5482
5483
5484
5485
5486
5487
5490
5491
5492
5493
5494
5495
5496
5497
5498
5499
5500
5504
5505
5506
5507
5508
5509
5510
5511
5512
5513
5519
5520
5521
5522
5523
5524
5525
5526
5534
5535
5536
5537
5538
5539
5549
5550
5551
5552
5564
5565
5578
5579
5580
5581
5582
5583
5584
5585
5586
5587
5588
5592
5593
5594
5595
5596
5597
5598
5599
5605
5606
5607
5608
5609
5610
5618
5619
5620
5621
5631
5632
5917
5918
5919
5920
5921
5922
5923
5924
5930
5931
5932
5933
5934
5935
5936
5937
5943
5944
5945
5946
5947
5948
5949
5950
5956
5957
5958
5959
5960
5961
5962
5963
5969
5970
5971
5972
5973
5974
5975
5976
5982
5983
5984
5985
5986
5987
5988
5995
5996
5997
5998
5999
6000
6001
6008
6009
6010
6011
6012
6013
6014
6021
6022
6023
6024
6025
6026
6027
6034
6035
6036
6037
6038
6039
6047
6048
6049
6050
6051
6052
6060
6061
6062
6063
6064
6065
6073
6074
6075
6076
6077
6078
6086
6087
6088
6099
6100
6101
6112
6113
6125
6138
6255
6256
6257
6258
6259
6260
6261
6262
6263
6264
6265
6266
6267
6268
6269
6270
6271
6272
6273
6274
6275
6276
6281
6282
6283
6284
6437
6438
6439
6440
6441
6442
6443
6444
6445
6446
6447
6448
6449
6450
6451
6452
6453
6454
6455
6456
6457
6458
6459
6460
6461
6462
6463
6464
6465
6466
6467
6468
6469
6470
6471
6472
6473
6474
6475
6476
6477
6478
6479
6480
6481
6482
6483
6484
6485
6486
6487
6488
6489
6490
6491
6492
6493
6494
6495
6496
6497
6498
6499
6500
6501
6502
6503
6504
6505
6506
6507
6508
6509
6510
6511
6512
6513
6514
6515
6516
6517
6518
6519
6520
6521
6522
6523
6524
6525
6526
6527
6528
6529
6530
6531
6532
6533
6534
6535
6536
6537
6538
6539
6540
6541
6542
6543
6544
6545
6546
6547
6548
6549
6550
6551
6552
6553
6554
6555
6556
6557
6558
6559
6560
6561
6562
6563
6564
6565
6566
6567
6568
6569
6570
6571
6572
6573
6574
6575
6576
6577
6578
6579
6580
6581
6582
6583
6584
6585
6586
6587
6588
6589
6590
6591
6592
6593
6594
6595
6596
6597
6598
6599
6600
6601
6602
6603
6604
6605
6606
6607
6608
6609
6610
6611
6612
6613
6614
6615
6616
6617
6618
6619
6620
6621
6622
6623
6624
6625
6626
6627
6628
6629
6630
6631
6632
6633
6634
6635
6636
6637
6638
6639
6640
6641
6642
6643
6644
6645
6646
6647
6648
6649
6650
6651
6652
6653
6654
6655
6656
6657
6658
6659
6660
6661
6662
6663
6664
6665
6666
6667
6668
6669
6670
6671
6672
6673
6674
6675
6676
6677
6678
6679
6680
6681
6682
6683
6684
6685
6686
6687
6688
6689
6690
6691
6692
6693
6694
6695
6696
6698
6699
6700
6701
6702
6703
6704
6705
6706
6707
6708
6709
6711
6712
6713
6714
6715
6716
6717
6718
6719
6720
6721
6722
6724
6725
6726
6727
6728
6729
6730
6731
6732
6733
6734
6735
6738
6739
6740
6741
6742
6743
6744
6745
6746
6747
6748
6751
6752
6753
6754
6755
6756
6757
6758
6759
6760
6761
6762
6763
6764
6765
6766
6767
6768
6769
6770
6771
6775
6776
6777
6778
6779
6780
6781
6782
6783
6784
6788
6789
6790
6791
6792
6793
6794
6795
6796
6797
6798
6801
6802
6803
6804
6805
6806
6807
6808
6809
6810
6811
6814
6815
6816
6817
6818
6819
6820
6821
6822
6823
6824
6827
6828
6829
6830
6831
6832
6833
6834
6835
6836
6837
6840
6841
6842
6843
6844
6845
6846
6847
6848
6849
6850
6853
6854
6855
6856
6857
6858
6859
6860
6861
6862
6863
6866
6867
6868
6869
6870
6871
6872
6873
6874
6875
6876
6879
6880
6881
6882
6883
6884
6885
6886
6887
6888
6889
6892
6893
6894
6895
6896
6897
6898
6899
6900
6901
6902
6905
6906
6907
6908
6909
6910
6911
6912
6913
6914
6915
6918
6919
6920
6921
6922
6923
6924
6925
6926
6927
6928
7269
7270
7271
7272
7273
7274
7275
7276
7277
7278
7279
7280
7281
7282
7283
7284
7285
7286
7287
7288
7289
7290
7291
7292
7293
7294
7295
7296
7297
7298
7299
7300
7301
7302
7303
7304
7305
7306
7307
7308
7309
7310
7311
7312
7313
7314
7315
7316
7317
7318
7319
7320
7321
7322
7323
7324
7325
7326
7327
7328
7329
7330
7331
7332
7333
7334
7335
7336
7337
7338
7339
7340
7341
7342
7343
7344
7345
7346
7347
7348
7349
7350
7351
7352
7353
7354
7355
7356
7357
7358
7359
7360
7361
7362
7363
7364
7365
7366
7367
7368
7373
7374
7375
7376
7377
7386
7387
7608
7609
7610
7611
7612
7613
7614
7615
7616
7617
7618
7619
7621
7622
7623
7624
7625
7626
7627
7628
7629
7630
7631
7632
7633
7634
7635
7636
7637
7638
7639
7640
7641
7642
7643
7644
7645
7646
7647
7648
7649
7650
7651
7652
7653
7654
7655
7656
7657
7658
7659
7660
7661
7662
7663
7664
7665
7666
7667
7668
7669
7670
7671
7672
7673
7674
7675
7676
7677
7678
7679
7680
7681
7682
7683
7684
7685
7686
7687
7688
7689
7690
7691
7692
7693
7694
7695
7696
7697
7698
7699
7700
7701
7702
7703
7704
7705
7706
7707
7708
7709
7710
7711
7712
7713
7714
7715
7716
7717
7718
7719
7720
7721
7722
7723
7724
7725
7726
7727
7728
7729
7730
7731
7732
7733
7734
7735
7736
7737
7738
7739
7740
7741
7742
7743
7744
7745
7746
7747
7748
7749
7750
7751
7752
7753
7754
7755
7756
7757
7758
7759
7760
7761
7762
7763
7764
7765
7766
7767
7768
7769
7770
7771
7772
7773
7774
7775
7776
7777
7778
7779
7789
7790
7791
7802
7803
7815
7828
8114
8115
8116
8117
8118
8119
8120
8121
8122
8123
8124
8125
8126
8127
8465
8466
8478
8479
8480
8481
8482
8483
8491
8492
8493
8494
8495
8496
8497
8498
8507
8508
8509
8510
8511
8512
8513
8522
8523
8524
8525
8526
8527
8537
8538
8539
8540
8541
8551
8552
8553
8554
8565
8566
8567
8568
8579
8580
8581
8592
8593
8594
8606
8607
8619
8620
9128
9129
9130
9131
9132
9133
9134
9135
9136
9137
9138
9139
9140
9141
9142
9143
9144
9145
9146
9147
9148
9149
9150
9151
9152
9153
9154
9155
9156
9157
9158
9159
9160
9161
9162
9163
9164
9165
9166
9167
9168
9169
9170
9171
9172
9173
9174
9175
9176
9177
9178
9179
11897
11898
11910
11911
11912
11913
11914
11923
11924
11925
11926
11927
11928
11929
11930
11936
11937
11938
11939
11940
11941
11942
11943
11944
11945
11946
11949
11950
11951
11952
11953
11954
11955
11956
11957
11958
11959
11960
11961
11962
11963
11964
11965
11966
11967
11968
11969
11970
11971
11972
11973
11974
11975
11976
11977
11978
11979
11980
11981
11982
11983
11984
11985
11986
11987
11990
11991
11992
11993
11994
11995
11996
11997
11998
11999
12000
14198
14199
14200
14201
14202
14203
14204
14205
14206
14207
14208
14209
14210
14211
14212
14213
14214
14215
14216
14217
14218
14219
14220
14221
14222
14223
14224
14225
14226
14227
14228
14229
14230
14231
14232
14233
14234
14235
14236
14770
14771
14772
14773
14774
14775
14776
14777
14778
14779
14780
14781
14782
14783
14784
14785
14786
14787
14788
14789
14790
14791
14792
14793
14794
14795
14796
14797
14798
14799
14800
14801
14802
14803
14804
14805
14806
14807
14808
14809
14810
14811
14812
14813
14814
14815
14816
14817
14818
14819
14820
14821
14822
14823
14824
14825
14826
14827
14828
14829
14830
14831
14832
14833
14834
14835
14836
14837
14838
14839
14840
14841
14842
14843
14844
14845
14846
14847
14848
14849
14850
14851
14852
14853
14854
14855
14856
14857
14858
14859
14860
14861
14862
14863
14864
14865
14866
14867
14868
14869
14870
14871
14872
14873
15043
15044
15045
15046
15047
15048
15049
15056
15057
15058
15059
15060
15061
15062
15063
15064
15069
15070
15071
15072
15073
15074
15075
15076
15077
15078
15079
15082
15083
15084
15085
15086
15087
15088
15089
15090
15091
15092
15093
15095
15096
15097
15098
15099
15100
15101
15102
15103
15104
15105
15106
15107
15108
15109
15110
15111
15112
15113
15114
15115
15116
15117
15118
15119
15120
15123
15124
15125
15126
15127
15128
15129
15130
15131
15132
15133
15137
15138
15139
15140
15141
15142
15143
15144
15145
15146
15152
15153
15154
15155
15156
15157
15158
15159
15167
15168
15169
15170
15171
15172
15182
15183
15184
15185
15197
15198
15211
15212
15213
15214
15215
15216
15217
15218
15219
15220
15221
15225
15226
15227
15228
15229
15230
15231
15232
15238
15239
15240
15241
15242
15243
15251
15252
15253
15254
15264
15265
15550
15551
15552
15553
15554
15555
15556
15557
15563
15564
15565
15566
15567
15568
15569
15570
15576
15577
15578
15579
15580
15581
15582
15583
15589
15590
15591
15592
15593
15594
15595
15596
15602
15603
15604
15605
15606
15607
15608
15609
15615
15616
15617
15618
15619
15620
15621
15628
15629
15630
15631
15632
15633
15634
15641
15642
15643
15644
15645
15646
15647
15654
15655
15656
15657
15658
15659
15660
15667
15668
15669
15670
15671
15672
15680
15681
15682
15683
15684
15685
15693
15694
15695
15696
15697
15698
15706
15707
15708
15709
15710
15711
15719
15720
15721
15732
15733
15734
15745
15746
15758
15771
15888
15889
15890
15891
15892
15893
15894
15895
15896
15897
15898
15899
15900
15901
15902
15903
15904
15905
15906
15907
15908
15909
15914
15915
15916
15917
16070
16071
16072
16073
16074
16075
16076
16077
16078
16079
16080
16081
16082
16083
16084
16085
16086
16087
16088
16089
16090
16091
16092
16093
16094
16095
16096
16097
16098
16099
16100
16101
16102
16103
16104
16105
16106
16107
16108
16109
16110
16111
16112
16113
16114
16115
16116
16117
16118
16119
16120
16121
16122
16123
16124
16125
16126
16127
16128
16129
16130
16131
16132
16133
16134
16135
16136
16137
16138
16139
16140
16141
16142
16143
16144
16145
16146
16147
16148
16149
16150
16151
16152
16153
16154
16155
16156
16157
16158
16159
16160
16161
16162
16163
16164
16165
16166
16167
16168
16169
16170
16171
16172
16173
16174
16175
16176
16177
16178
16179
16180
16181
16182
16183
16184
16185
16186
16187
16188
16189
16190
16191
16192
16193
16194
16195
16196
16197
16198
16199
16200
16201
16202
16203
16204
16205
16206
16207
16208
16209
16210
16211
16212
16213
16214
16215
16216
16217
16218
16219
16220
16221
16222
16223
16224
16225
16226
16227
16228
16229
16230
16231
16232
16233
16234
16235
16236
16237
16238
16239
16240
16241
16242
16243
16244
16245
16246
16247
16248
16249
16250
16251
16252
16253
16254
16255
16256
16257
16258
16259
16260
16261
16262
16263
16264
16265
16266
16267
16268
16269
16270
16271
16272
16273
16274
16275
16276
16277
16278
16279
16280
16281
16282
16283
16284
16285
16286
16287
16288
16289
16290
16291
16292
16293
16294
16295
16296
16297
16298
16299
16300
16301
16302
16303
16304
16305
16306
16307
16308
16309
16310
16311
16312
16313
16314
16315
16316
16317
16318
16319
16320
16321
16322
16323
16324
16325
16326
16327
16328
16329
16331
16332
16333
16334
16335
16336
16337
16338
16339
16340
16341
16342
16344
16345
16346
16347
16348
16349
16350
16351
16352
16353
16354
16355
16357
16358
16359
16360
16361
16362
16363
16364
16365
16366
16367
16368
16371
16372
16373
16374
16375
16376
16377
16378
16379
16380
16381
16384
16385
16386
16387
16388
16389
16390
16391
16392
16393
16394
16395
16396
16397
16398
16399
16400
16401
16402
16403
16404
16408
16409
16410
16411
16412
16413
16414
16415
16416
16417
16421
16422
16423
16424
16425
16426
16427
16428
16429
16430
16431
16434
16435
16436
16437
16438
16439
16440
16441
16442
16443
16444
16447
16448
16449
16450
16451
16452
16453
16454
16455
16456
16457
16460
16461
16462
16463
16464
16465
16466
16467
16468
16469
16470
16473
16474
16475
16476
16477
16478
16479
16480
16481
16482
16483
16486
16487
16488
16489
16490
16491
16492
16493
16494
16495
16496
16499
16500
16501
16502
16503
16504
16505
16506
16507
16508
16509
16512
16513
16514
16515
16516
16517
16518
16519
16520
16521
16522
16525
16526
16527
16528
16529
16530
16531
16532
16533
16534
16535
16538
16539
16540
16541
16542
16543
16544
16545
16546
16547
16548
16551
16552
16553
16554
16555
16556
16557
16558
16559
16560
16561
16902
16903
16904
16905
16906
16907
16908
16909
16910
16911
16912
16913
16914
16915
16916
16917
16918
16919
16920
16921
16922
16923
16924
16925
16926
16927
16928
16929
16930
16931
16932
16933
16934
16935
16936
16937
16938
16939
16940
16941
16942
16943
16944
16945
16946
16947
16948
16949
16950
16951
16952
16953
16954
16955
16956
16957
16958
16959
16960
16961
16962
16963
16964
16965
16966
16967
16968
16969
16970
16971
16972
16973
16974
16975
16976
16977
16978
16979
16980
16981
16982
16983
16984
16985
16986
16987
16988
16989
16990
16991
16992
16993
16994
16995
16996
16997
16998
16999
17000
17001
17006
17007
17008
17009
17010
17019
17020
17241
17242
17243
17244
17245
17246
17247
17248
17249
17250
17251
17252
17254
17255
17256
17257
17258
17259
17260
17261
17262
17263
17264
17265
17266
17267
17268
17269
17270
17271
17272
17273
17274
17275
17276
17277
17278
17279
17280
17281
17282
17283
17284
17285
17286
17287
17288
17289
17290
17291
17292
17293
17294
17295
17296
17297
17298
17299
17300
17301
17302
17303
17304
17305
17306
17307
17308
17309
17310
17311
17312
17313
17314
17315
17316
17317
17318
17319
17320
17321
17322
17323
17324
17325
17326
17327
17328
17329
17330
17331
17332
17333
17334
17335
17336
17337
17338
17339
17340
17341
17342
17343
17344
17345
17346
17347
17348
17349
17350
17351
17352
17353
17354
17355
17356
17357
17358
17359
17360
17361
17362
17363
17364
17365
17366
17367
17368
17369
17370
17371
17372
17373
17374
17375
17376
17377
17378
17379
17380
17381
17382
17383
17384
17385
17386
17387
17388
17389
17390
17391
17392
17393
17394
17395
17396
17397
17398
17399
17400
17401
17402
17403
17404
17405
17406
17407
17408
17409
17410
17411
17412
17422
17423
17424
17435
17436
17448
17461
17747
17748
17749
17750
17751
17752
17753
17754
17755
17756
17757
17758
17759
17760
18098
18099
18111
18112
18113
18114
18115
18116
18124
18125
18126
18127
18128
18129
18130
18131
18140
18141
18142
18143
18144
18145
18146
18155
18156
18157
18158
18159
18160
18170
18171
18172
18173
18174
18184
18185
18186
18187
18198
18199
18200
18201
18212
18213
18214
18225
18226
18227
18239
18240
18252
18253
18761
18762
18763
18764
18765
18766
18767
18768
18769
18770
18771
18772
18773
18774
18775
18776
18777
18778
18779
18780
18781
18782
18783
18784
18785
18786
18787
18788
18789
18790
18791
18792
18793
18794
18795
18796
18797
18798
18799
18800
18801
18802
18803
18804
18805
18806
18807
18808
18809
18810
18811
18812
21530
21531
21543
21544
21545
21546
21547
21556
21557
21558
21559
21560
21561
21562
21563
21569
21570
21571
21572
21573
21574
21575
21576
21577
21578
21579
21582
21583
21584
21585
21586
21587
21588
21589
21590
21591
21592
21593
21594
21595
21596
21597
21598
21599
21600
21601
21602
21603
21604
21605
21606
21607
21608
21609
21610
21611
21612
21613
21614
21615
21616
21617
21618
21619
21620
21623
21624
21625
21626
21627
21628
21629
21630
21631
21632
21633
)


// ************************************************************************* //
