/*--------------------------------*- C++ -*----------------------------------*\
| =========                 |                                                 |
| \\      /  F ield         | OpenFOAM: The Open Source CFD Toolbox           |
|  \\    /   O peration     | Version:  2206                                  |
|   \\  /    A nd           | Website:  www.openfoam.com                      |
|    \\/     M anipulation  |                                                 |
\*---------------------------------------------------------------------------*/
FoamFile
{
    version     2.0;
    format      ascii;
    arch        "LSB;label=32;scalar=64";
    class       volScalarField;
    location    "0.02";
    object      p;
}
// * * * * * * * * * * * * * * * * * * * * * * * * * * * * * * * * * * * * * //

dimensions      [1 -1 -2 0 0 0 0];

internalField   nonuniform List<scalar> 
1396
(
1
1
1
1
1
1
1
1
1
1
1
1
1
1
1
1
1
1
1
1
1
1
1
1
1
1
1
1
1
1
1
1
1
1
1
1
1
1
1
1
1
1
1
1
1
1
1
1
1
1
1
1
1
1
1
1
1
1
1
1
1
1
1
1
1
1
1
1
1
1
1
1
1
1
1
1
1
1
1
1
1
1
1
1
1
1
1
1
1
1
1
1
1
1
1
1
1
1
1
1
1
1
1
1
1
1
1
1
1
1
1
1
1
1
1
1
1
1
1
1
1
1
1
1
1
1
1
1
1
1
1
1
1
1
1
1
1
1
1
1
1
1
1
1
1
1
1
1
1
1
1
1
1
1
1
1
1
1
1
1
1
1
1
1
1
1
1
1
1
1
1
1
1
1
1
1
1
1
1
1
1
1
1
1
1
1
1
1
1
1
1
1
1
1
1
1
1
1
1
1
1
1
1
1
1
1
1
1
1
1
1
1
1
1
1
1
1
1
1
1
1
1
1
1
1
1
1
1
1
1
1
1
1
1
1
1
1
1
1
1
1
1
1
1
1
1
1
1
1
1
1
1
1
1
1
1
1
1
1
1
1
1
1
1
1
1
1
1
1
1
1
1
1
1
1
1
1
1
1
1
1
1
1
1
1
1
1
1
1
1
1
1
1
1
1
1
1
1
1
1
1
1
1
1
1
1
1
1
1
1
1
1
1
1
1
1
1
1
1
1
1
1
1
1
1
1
1
1
1
1
1
1
1
1
1
1
1
1
1
1
1
1
1
1
1
1
1
1
1
1
1
1
1
1
1
1
1
1
1
1
1
1
1
1
1
1
1
1
1
1
1
1
1
1
1
1
1
1
1
1
1
1
1
1
1
1
1
1
1
1
1
1
1
1
1
1
1
1
1
1
1
1
1
1
1
1
1
1
1
1
1
1
1
1
1
1
1
1
1
1
1
1
1
1
1
1
1
1
1
1
1
1
1
1
1
1
1
1
1
1
1
1
1
1
1
1
1
1
1
1
1
1
1
1
1
1
1
1
1
1
1
1
1
1
1
1
1
1
1
1
1
1
1
1
1
1
1
1
1
1
1
1
1
1
1
1
1
1
1
1
1
1
1
1
1
1
1
1
1
1
1
1
1
1
1
1
1
1
1
1
1
1
1
1
1
1
1
1
1
1
1
1
1
1
1
1
1
1
1
1
1
1
1
1
1
1
1
1
1
1
1
1
1
1
1
1
1
1
1
1
1
1
1
1
1
1
1
1
1
1
1
1
1
1
1
1
1
1
1
1
1
1
1
1
1
1
1
1
1
1
1
1
1
1
1
1
1
1
1
1
1
1
1
1
1
1
1
1
1
1
1
1
1
1
1
1
1
1
1
1
1
1
1
1
1
1
1
1
1
1
1
1
1
1
1
1
1
1
1
1
1
1
1
1
1
1
1
1
1
1
1
1
1
1
1
1
1
1
1
1
1
1
1
1
1
1
1
1
1
1
1
1
1
1
1
1
1
1
1
1
1
1
1
1
1
1
1
1
1
1
1
1
1
1
1
1
1
1
1
1
1
1
1
1
1
1
1
1
1
1
1
1
1.0000001
1.000003
1.0003026
1.0014084
1.0509686
1
1
1
1
1
1
1
1
1
1.0000001
1.0000032
1.000294
1.0013217
1.0451611
1
1
1
1
1
1
1
1
1
1.0000001
1.0000032
1.0002747
1.001172
1.0381803
1
1
1
1
1
1
1
1
1
1.0000001
1.0000033
1.0002501
1.0009936
1.0312913
1.0002249
1.0007786
1.0243489
1.0556093
1.0592567
1.0628426
1.0665983
1.070628
1.074968
1.0794756
1.0838847
1.0885174
1.093884
1.1003091
1.1077538
1.1157659
1.1229003
1.0014545
1.0015549
1.0016134
1.0016677
1.001718
1.0017632
1.0017996
1.0018244
1.001841
1.0018504
1.0018459
1.0018084
1.0016804
1.0013401
1.0002889
1.0003045
1.0003181
1.0003315
1.000345
1.0003582
1.0003697
1.0003794
1.0003889
1.0003998
1.000412
1.000424
1.0004287
1.000402
1.0000029
1.000003
1.0000031
1.0000031
1.0000031
1.0000031
1.0000031
1.000003
1.000003
1.0000029
1.0000027
1.0000025
1.0000021
1.0000012
1.0000001
1.0000001
1.0000001
1.0000001
1.0000001
1.0000001
1.0000001
1.0000001
1.0000001
1.0000001
1.0000001
1.0000001
1.0000001
1
1
1
1
1
1
1
1
1
1
1
1
1
1
1
1
1
1
1
1
1
1
1
1
1
1
1
1
1
1
1
1
1
1
1
1
1
1
1
1
1
1
1
1
1
1
1
1
1
1
1
1
1
1
1
1
1
1
1
1
1
1
1
1
1
1
1
1
1
1
1
1
1
1
1
1
1
1
1
1
1
1
1
1
1
1
1
1
1
1
1
1
1
1
1
1
1
1
1
1
1
1
1
1
1
1
1
1
1
1
1
1
1
1
1
1
1
1
1
1
1
1
1
1
1
1
1
1
1
1
1
1
1
1
1
1
1
1
1
1
1
1
1
1
1
1
1
1
1
1
1
1
1
1
1
1
1
1
1
1
1
1
1
1
1
1
1
1
1
1
1
1
1
1
1
1
1
1
1
1
1
1
1
1
1
1
1
1
1
1
1
1
1
1
1
1
1
1
1
1
1
1
1
1
1
1
1
1
1
1
1
1
1
1
1
1
1
1
1
1
1
1
1
1
1
1
1
1
1
1
1
1
1
1
1
1
1
1
1
1
1
1
1
1
0.99999999
0.99999999
0.99999999
0.99999999
0.99999999
1
1
1
1
1
1
1.0000001
1.0000002
1.0000003
1.0000004
1.0000004
1.0000005
1.0000004
1.0000003
1.0000002
1.0000001
1
1
1.0000007
1.0000001
0.99999831
0.99999488
0.99999031
0.99998615
0.99998362
0.99998259
0.99998469
0.99999018
0.99999507
0.99999798
0.99999959
1.0000003
1.0002453
1.0003026
1.0004153
1.0006159
1.0008238
1.0009931
1.0010841
1.0011258
1.0010425
1.0008021
1.0005731
1.0004213
1.0003366
1.000291
1.0012343
1.0009036
0.99965168
0.99697042
0.99441488
0.99262069
0.99152211
0.99099538
0.99183347
0.99452529
0.99756442
0.99952695
1.0005306
1.0009517
1.0957255
1.1264617
1.1730233
1.2385306
1.2895777
1.3226015
1.340726
1.3455137
1.3273803
1.2827701
1.2279749
1.1816487
1.1488181
1.1259018
1
1
1
1
1
1
1
1
1
1
1.0000017
1.0003166
1.0013973
1.0816981
1
1
1
1
1
1
1
1
1
1.0000001
1.0000024
1.0003127
1.0014793
1.069271
1
1
1
1
1
1
1
1
1
1.0000001
1.0000026
1.0002861
1.001407
1.0592053
1
1
1
1
1
1
1
1
1
1.0000001
1.0000025
1.0002598
1.0012902
1.0510551
1
1
1
1
1
1
1
1
1
1.0000001
1.0000024
1.0002369
1.0011725
1.044351
1
1
1
1
1
1
1
1
1
1.0000001
1.0000023
1.0002158
1.0010562
1.0384862
1
1
1
1
1
1
1
1
1
1.0000001
1.0000022
1.000196
1.0009456
1.0334428
1
1
1
1
1
1
1
1
1
1.0000001
1.000002
1.0001769
1.0008322
1.0286743
1
1
1
1
1
1
1
1
1
1.0000001
1.0000019
1.000158
1.0007196
1.0243444
1
1
1
1
1
1
1
1
1
1.0000001
1.0000017
1.0001399
1.0006063
1.0202933
1
1
1
1
1
1
1
1
1
1.0000001
1.0000016
1.0001227
1.0004914
1.0164686
1
1
1
1
1
1
1
1
1
1
1.0000014
1.0001081
1.0003729
1.012823
1
1
1
1
1
1
1
1
1
1
1.0000015
1.0000994
1.0002465
1.0093488
1
1
1
1
1
1
1
1
1
1
1.0000007
1.0000516
1.0001537
1.006067
1
1
1
1
1
1
1
1
1
1
1.0000003
1.000012
1.0000399
1.0012132
1
1
1
1
1
1
1
1
1
1
0.99999972
0.99998679
0.99977565
0.99523657
1
1
1
1
1
1
1
1
1
0.99999998
0.99999884
0.99995246
0.99950274
0.98938532
1
1
1
1
1
1
1
1
1
0.99999996
0.99999769
0.99991306
0.99921068
0.98367415
)
;

boundaryField
{
    Side
    {
        type            empty;
    }
    Inlet
    {
        type            inletOutlet;
        inletValue      uniform 1;
        value           nonuniform List<scalar> 
49
(
1
1
1
1
1
1
1
1
1
1
1
1
1
1
1
1
1
1
1
1
1
1
1
1
1
1
1
1
1
1
1
1
1
1
1
1
1
1
1
1
1
1
1
1
1
1
1
1
1
)
;
    }
    Airfoil
    {
        type            zeroGradient;
    }
    Outlet
    {
        type            zeroGradient;
    }
    Flap
    {
        type            zeroGradient;
    }
    procBoundary0to1
    {
        type            processor;
        value           nonuniform List<scalar> 
58
(
1
1
1
1
1
1
1
1
1
1
1
1
1
1
1
1
1
1
1
1
1
1
1
1
1
1
1
1
1
1
1
1
1
1
1
1
1
1
1.0000001
1.0000034
1.0000034
1.0002163
1.0004713
1.0165572
1
1
1
1
1
1
1
1
1
0.99999994
0.99999625
0.99987028
0.99889825
0.97810438
)
;
    }
}


// ************************************************************************* //
