/*--------------------------------*- C++ -*----------------------------------*\
| =========                 |                                                 |
| \\      /  F ield         | OpenFOAM: The Open Source CFD Toolbox           |
|  \\    /   O peration     | Version:  2206                                  |
|   \\  /    A nd           | Website:  www.openfoam.com                      |
|    \\/     M anipulation  |                                                 |
\*---------------------------------------------------------------------------*/
FoamFile
{
    version     2.0;
    format      ascii;
    arch        "LSB;label=32;scalar=64";
    class       volScalarField;
    location    "0.02";
    object      rho;
}
// * * * * * * * * * * * * * * * * * * * * * * * * * * * * * * * * * * * * * //

dimensions      [1 -3 0 0 0 0 0];

internalField   nonuniform List<scalar> 
1396
(
0.99999904
0.99999904
0.99999904
0.99999904
0.99999904
0.99999904
0.99999904
0.99999904
0.99999904
0.99999904
0.99999904
0.99999904
0.99999904
0.99999904
0.99999904
0.99999904
0.99999904
0.99999904
0.99999904
0.99999904
0.99999904
0.99999904
0.99999904
0.99999904
0.99999904
0.99999904
0.99999904
0.99999904
0.99999904
0.99999904
0.99999904
0.99999904
0.99999904
0.99999904
0.99999904
0.99999904
0.99999904
0.99999904
0.99999904
0.99999904
0.99999904
0.99999904
0.99999904
0.99999904
0.99999904
0.99999904
0.99999904
0.99999904
0.99999904
0.99999904
0.99999904
0.99999904
0.99999904
0.99999904
0.99999904
0.99999904
0.99999904
0.99999904
0.99999904
0.99999904
0.99999904
0.99999904
0.99999904
0.99999904
0.99999904
0.99999904
0.99999904
0.99999904
0.99999904
0.99999904
0.99999904
0.99999904
0.99999904
0.99999904
0.99999904
0.99999904
0.99999904
0.99999904
0.99999904
0.99999904
0.99999904
0.99999904
0.99999904
0.99999904
0.99999904
0.99999904
0.99999904
0.99999904
0.99999904
0.99999904
0.99999904
0.99999904
0.99999904
0.99999904
0.99999904
0.99999904
0.99999904
0.99999904
0.99999904
0.99999904
0.99999904
0.99999904
0.99999904
0.99999904
0.99999904
0.99999904
0.99999904
0.99999904
0.99999904
0.99999904
0.99999904
0.99999904
0.99999904
0.99999904
0.99999904
0.99999904
0.99999904
0.99999904
0.99999904
0.99999904
0.99999904
0.99999904
0.99999904
0.99999904
0.99999904
0.99999904
0.99999904
0.99999904
0.99999904
0.99999904
0.99999904
0.99999904
0.99999904
0.99999904
0.99999904
0.99999904
0.99999904
0.99999904
0.99999904
0.99999904
0.99999904
0.99999904
0.99999904
0.99999904
0.99999904
0.99999904
0.99999904
0.99999904
0.99999904
0.99999904
0.99999904
0.99999904
0.99999904
0.99999904
0.99999904
0.99999904
0.99999904
0.99999904
0.99999904
0.99999904
0.99999904
0.99999904
0.99999904
0.99999904
0.99999904
0.99999904
0.99999904
0.99999904
0.99999904
0.99999904
0.99999904
0.99999904
0.99999904
0.99999904
0.99999904
0.99999904
0.99999904
0.99999904
0.99999904
0.99999904
0.99999904
0.99999904
0.99999904
0.99999904
0.99999904
0.99999904
0.99999904
0.99999904
0.99999904
0.99999904
0.99999904
0.99999904
0.99999904
0.99999904
0.99999904
0.99999904
0.99999904
0.99999904
0.99999904
0.99999904
0.99999904
0.99999904
0.99999904
0.99999904
0.99999904
0.99999904
0.99999904
0.99999904
0.99999904
0.99999904
0.99999904
0.99999904
0.99999904
0.99999904
0.99999904
0.99999904
0.99999904
0.99999904
0.99999904
0.99999904
0.99999904
0.99999904
0.99999904
0.99999904
0.99999904
0.99999904
0.99999904
0.99999904
0.99999904
0.99999904
0.99999904
0.99999904
0.99999904
0.99999904
0.99999904
0.99999904
0.99999904
0.99999904
0.99999904
0.99999904
0.99999904
0.99999904
0.99999904
0.99999904
0.99999904
0.99999904
0.99999904
0.99999904
0.99999904
0.99999904
0.99999904
0.99999904
0.99999904
0.99999904
0.99999904
0.99999904
0.99999904
0.99999904
0.99999904
0.99999904
0.99999904
0.99999904
0.99999904
0.99999904
0.99999904
0.99999904
0.99999904
0.99999904
0.99999904
0.99999904
0.99999904
0.99999904
0.99999904
0.99999904
0.99999904
0.99999904
0.99999904
0.99999904
0.99999904
0.99999904
0.99999904
0.99999904
0.99999904
0.99999904
0.99999904
0.99999904
0.99999904
0.99999904
0.99999904
0.99999904
0.99999904
0.99999904
0.99999904
0.99999904
0.99999904
0.99999904
0.99999904
0.99999904
0.99999904
0.99999904
0.99999904
0.99999904
0.99999904
0.99999904
0.99999904
0.99999904
0.99999904
0.99999904
0.99999904
0.99999904
0.99999904
0.99999904
0.99999904
0.99999904
0.99999904
0.99999904
0.99999904
0.99999904
0.99999904
0.99999904
0.99999904
0.99999904
0.99999904
0.99999904
0.99999904
0.99999904
0.99999904
0.99999904
0.99999904
0.99999904
0.99999904
0.99999904
0.99999904
0.99999904
0.99999904
0.99999904
0.99999904
0.99999904
0.99999904
0.99999904
0.99999904
0.99999904
0.99999904
0.99999904
0.99999904
0.99999904
0.99999904
0.99999904
0.99999904
0.99999904
0.99999904
0.99999904
0.99999904
0.99999904
0.99999904
0.99999904
0.99999904
0.99999904
0.99999904
0.99999904
0.99999904
0.99999904
0.99999904
0.99999904
0.99999904
0.99999904
0.99999904
0.99999904
0.99999904
0.99999904
0.99999904
0.99999904
0.99999904
0.99999904
0.99999904
0.99999904
0.99999904
0.99999904
0.99999904
0.99999904
0.99999904
0.99999904
0.99999904
0.99999904
0.99999904
0.99999904
0.99999904
0.99999904
0.99999904
0.99999904
0.99999904
0.99999904
0.99999904
0.99999904
0.99999904
0.99999904
0.99999904
0.99999904
0.99999904
0.99999904
0.99999904
0.99999904
0.99999904
0.99999904
0.99999904
0.99999904
0.99999904
0.99999904
0.99999904
0.99999904
0.99999904
0.99999904
0.99999904
0.99999904
0.99999904
0.99999904
0.99999904
0.99999904
0.99999904
0.99999904
0.99999904
0.99999904
0.99999904
0.99999904
0.99999904
0.99999904
0.99999904
0.99999904
0.99999904
0.99999904
0.99999904
0.99999904
0.99999904
0.99999904
0.99999904
0.99999904
0.99999904
0.99999904
0.99999904
0.99999904
0.99999904
0.99999904
0.99999904
0.99999904
0.99999904
0.99999904
0.99999904
0.99999904
0.99999904
0.99999904
0.99999904
0.99999904
0.99999904
0.99999904
0.99999904
0.99999904
0.99999904
0.99999904
0.99999904
0.99999904
0.99999904
0.99999904
0.99999904
0.99999904
0.99999904
0.99999904
0.99999904
0.99999904
0.99999904
0.99999904
0.99999904
0.99999904
0.99999904
0.99999904
0.99999904
0.99999904
0.99999904
0.99999904
0.99999904
0.99999904
0.99999904
0.99999904
0.99999904
0.99999904
0.99999904
0.99999904
0.99999904
0.99999904
0.99999904
0.99999904
0.99999904
0.99999904
0.99999904
0.99999904
0.99999904
0.99999904
0.99999904
0.99999904
0.99999904
0.99999904
0.99999904
0.99999904
0.99999904
0.99999904
0.99999904
0.99999904
0.99999904
0.99999904
0.99999904
0.99999904
0.99999904
0.99999904
0.99999904
0.99999904
0.99999904
0.99999904
0.99999904
0.99999904
0.99999904
0.99999904
0.99999904
0.99999904
0.99999904
0.99999904
0.99999904
0.99999904
0.99999904
0.99999904
0.99999904
0.99999904
0.99999904
0.99999904
0.99999904
0.99999904
0.99999904
0.99999904
0.99999904
0.99999904
0.99999904
0.99999904
0.99999904
0.99999904
0.99999904
0.99999904
0.99999904
0.99999904
0.99999904
0.99999904
0.99999904
0.99999904
0.99999904
0.99999904
0.99999904
0.99999904
0.99999904
0.99999904
0.99999904
0.99999904
0.99999904
0.99999904
0.99999904
0.99999904
0.99999904
0.99999904
0.99999904
0.99999904
0.99999904
0.99999904
0.99999904
0.99999904
0.99999904
0.99999904
0.99999904
0.99999904
0.99999904
0.99999904
0.99999904
0.99999904
0.99999904
0.99999904
0.99999904
0.99999904
0.99999904
0.99999904
0.99999904
0.99999904
0.99999904
0.99999904
0.99999904
0.99999904
0.99999904
0.99999904
0.99999904
0.99999904
0.99999904
0.99999904
0.99999904
0.99999904
0.99999904
0.99999904
0.99999904
0.99999904
0.99999904
0.99999904
0.99999904
0.99999904
0.99999904
0.99999904
0.99999904
0.99999904
0.99999904
0.99999904
0.99999904
0.99999904
0.99999904
0.99999904
0.99999904
0.99999904
0.99999904
0.99999904
0.99999904
0.99999904
0.99999904
0.99999904
0.99999904
0.99999904
0.99999904
0.99999904
0.99999904
0.99999904
0.99999904
0.99999904
0.99999904
0.99999904
0.99999904
0.99999904
0.99999904
0.99999904
0.99999904
0.99999904
0.99999904
0.99999904
0.99999904
0.99999904
0.99999904
0.99999904
0.99999904
0.99999904
0.99999904
0.99999904
0.99999904
0.99999904
0.99999904
0.99999904
0.99999904
0.99999904
0.99999904
0.99999904
0.99999904
0.99999904
0.99999904
0.99999904
0.99999904
0.99999904
0.99999904
0.99999904
0.99999904
0.99999904
0.99999904
0.99999904
0.99999904
0.99999904
0.99999904
0.99999904
0.99999904
0.99999904
0.99999904
0.99999904
0.99999904
0.99999904
0.99999904
0.99999904
0.99999904
0.99999904
0.99999904
0.99999904
0.99999904
0.99999904
0.99999904
0.99999904
0.99999904
0.99999904
0.99999904
0.99999904
0.99999904
0.99999904
0.99999904
0.99999904
0.99999904
0.99999904
0.99999904
0.99999904
0.99999907
0.99999998
1.0001275
1.0006571
1.0328333
0.99999904
0.99999904
0.99999904
0.99999904
0.99999904
0.99999904
0.99999904
0.99999904
0.99999904
0.99999907
1.0000001
1.0001233
1.0006348
1.0289604
0.99999904
0.99999904
0.99999904
0.99999904
0.99999904
0.99999904
0.99999904
0.99999904
0.99999904
0.99999909
1.0000001
1.0001156
1.0005757
1.0242334
0.99999904
0.99999904
0.99999904
0.99999904
0.99999904
0.99999904
0.99999904
0.99999904
0.99999904
0.99999908
1.0000002
1.0001061
1.0004985
1.0197307
1.0000968
1.0003965
1.0152171
1.0357676
1.0382099
1.040525
1.0429535
1.045574
1.0484443
1.0514518
1.0542944
1.0572104
1.0605965
1.0647347
1.0697318
1.0755547
1.0811104
1.0006177
1.0006581
1.0006665
1.0006716
1.0006715
1.0006643
1.0006478
1.0006238
1.0005929
1.0005511
1.0004905
1.0004006
1.000247
0.99992427
1.0001203
1.0001274
1.0001332
1.0001389
1.0001447
1.0001506
1.0001557
1.0001599
1.0001639
1.0001686
1.0001743
1.0001808
1.000187
1.0001828
0.99999979
0.99999981
0.99999981
0.99999979
0.99999977
0.99999973
0.99999968
0.99999962
0.99999956
0.99999949
0.99999939
0.99999926
0.99999904
0.99999869
0.99999907
0.99999907
0.99999907
0.99999907
0.99999907
0.99999907
0.99999907
0.99999907
0.99999907
0.99999907
0.99999907
0.99999907
0.99999907
0.99999906
0.99999904
0.99999904
0.99999904
0.99999904
0.99999904
0.99999904
0.99999904
0.99999904
0.99999904
0.99999904
0.99999904
0.99999904
0.99999904
0.99999904
0.99999904
0.99999904
0.99999904
0.99999904
0.99999904
0.99999904
0.99999904
0.99999904
0.99999904
0.99999904
0.99999904
0.99999904
0.99999904
0.99999904
0.99999904
0.99999904
0.99999904
0.99999904
0.99999904
0.99999904
0.99999904
0.99999904
0.99999904
0.99999904
0.99999904
0.99999904
0.99999904
0.99999904
0.99999904
0.99999904
0.99999904
0.99999904
0.99999904
0.99999904
0.99999904
0.99999904
0.99999904
0.99999904
0.99999904
0.99999904
0.99999904
0.99999904
0.99999904
0.99999904
0.99999904
0.99999904
0.99999904
0.99999904
0.99999904
0.99999904
0.99999904
0.99999904
0.99999904
0.99999904
0.99999904
0.99999904
0.99999904
0.99999904
0.99999904
0.99999904
0.99999904
0.99999904
0.99999904
0.99999904
0.99999904
0.99999904
0.99999904
0.99999904
0.99999904
0.99999904
0.99999904
0.99999904
0.99999904
0.99999904
0.99999904
0.99999904
0.99999904
0.99999904
0.99999904
0.99999904
0.99999904
0.99999904
0.99999904
0.99999904
0.99999904
0.99999904
0.99999904
0.99999904
0.99999904
0.99999904
0.99999904
0.99999904
0.99999904
0.99999904
0.99999904
0.99999904
0.99999904
0.99999904
0.99999904
0.99999904
0.99999904
0.99999904
0.99999904
0.99999904
0.99999904
0.99999904
0.99999904
0.99999904
0.99999904
0.99999904
0.99999904
0.99999904
0.99999904
0.99999904
0.99999904
0.99999904
0.99999904
0.99999904
0.99999904
0.99999904
0.99999904
0.99999904
0.99999904
0.99999904
0.99999904
0.99999904
0.99999904
0.99999904
0.99999904
0.99999904
0.99999904
0.99999904
0.99999904
0.99999904
0.99999904
0.99999904
0.99999904
0.99999904
0.99999904
0.99999904
0.99999904
0.99999904
0.99999904
0.99999904
0.99999904
0.99999904
0.99999904
0.99999904
0.99999904
0.99999904
0.99999904
0.99999904
0.99999904
0.99999904
0.99999904
0.99999904
0.99999904
0.99999904
0.99999904
0.99999904
0.99999904
0.99999904
0.99999904
0.99999904
0.99999904
0.99999904
0.99999904
0.99999904
0.99999904
0.99999904
0.99999904
0.99999904
0.99999904
0.99999904
0.99999904
0.99999904
0.99999904
0.99999904
0.99999904
0.99999904
0.99999904
0.99999904
0.99999904
0.99999904
0.99999904
0.99999904
0.99999904
0.99999904
0.99999904
0.99999904
0.99999904
0.99999904
0.99999904
0.99999904
0.99999904
0.99999904
0.99999904
0.99999904
0.99999904
0.99999904
0.99999904
0.99999904
0.99999904
0.99999904
0.99999904
0.99999904
0.99999904
0.99999904
0.99999904
0.99999904
0.99999904
0.99999904
0.99999904
0.99999904
0.99999904
0.99999904
0.99999904
0.99999904
0.99999904
0.99999904
0.99999904
0.99999904
0.99999904
0.99999904
0.99999904
0.99999904
0.99999904
0.99999904
0.99999904
0.99999903
0.99999903
0.99999903
0.99999903
0.99999904
0.99999904
0.99999904
0.99999904
0.99999904
0.99999905
0.99999906
0.9999991
0.9999992
0.99999935
0.99999952
0.99999962
0.99999967
0.99999958
0.99999937
0.9999992
0.99999911
0.99999907
0.99999905
0.99999874
0.99999799
0.99999623
0.99999171
0.99998542
0.99997952
0.99997582
0.99997427
0.99997743
0.99998534
0.99999193
0.99999557
0.99999729
0.99999817
1.0001005
1.0001339
1.0002084
1.0003768
1.0005736
1.0007378
1.0008343
1.0008767
1.0007917
1.0005609
1.000351
1.0002264
1.0001626
1.0001282
1.0001751
0.99956717
0.99798931
0.99435234
0.99068513
0.98811014
0.98649951
0.98584881
0.98722382
0.99090283
0.99486301
0.99737659
0.99874249
0.99947087
1.0598818
1.0805134
1.1128659
1.1628884
1.2015153
1.2258997
1.2393215
1.2431726
1.2302556
1.196472
1.1548426
1.1209594
1.0978717
1.0814589
0.99999904
0.99999904
0.99999904
0.99999904
0.99999904
0.99999904
0.99999904
0.99999904
0.99999904
0.99999906
0.99999943
1.0001395
1.0005123
1.051806
0.99999904
0.99999904
0.99999904
0.99999904
0.99999904
0.99999904
0.99999904
0.99999904
0.99999904
0.99999907
0.99999973
1.0001323
1.0006439
1.0435555
0.99999904
0.99999904
0.99999904
0.99999904
0.99999904
0.99999904
0.99999904
0.99999904
0.99999904
0.99999907
0.99999982
1.0001183
1.0006455
1.0370656
0.99999904
0.99999904
0.99999904
0.99999904
0.99999904
0.99999904
0.99999904
0.99999904
0.99999904
0.99999907
0.99999983
1.0001072
1.0006122
1.0320006
0.99999904
0.99999904
0.99999904
0.99999904
0.99999904
0.99999904
0.99999904
0.99999904
0.99999904
0.99999907
0.99999982
1.000098
1.000573
1.0278676
0.99999904
0.99999904
0.99999904
0.99999904
0.99999904
0.99999904
0.99999904
0.99999904
0.99999904
0.99999907
0.9999998
1.0000894
1.0005284
1.0241455
0.99999904
0.99999904
0.99999904
0.99999904
0.99999904
0.99999904
0.99999904
0.99999904
0.99999904
0.99999907
0.99999977
1.0000813
1.000482
1.0209856
0.99999904
0.99999904
0.99999904
0.99999904
0.99999904
0.99999904
0.99999904
0.99999904
0.99999904
0.99999907
0.99999974
1.0000735
1.0004302
1.0179009
0.99999904
0.99999904
0.99999904
0.99999904
0.99999904
0.99999904
0.99999904
0.99999904
0.99999904
0.99999907
0.99999969
1.0000657
1.0003759
1.0151309
0.99999904
0.99999904
0.99999904
0.99999904
0.99999904
0.99999904
0.99999904
0.99999904
0.99999904
0.99999908
0.99999963
1.0000583
1.0003191
1.0125302
0.99999904
0.99999904
0.99999904
0.99999904
0.99999904
0.99999904
0.99999904
0.99999904
0.99999904
0.99999906
0.99999961
1.0000514
1.0002594
1.0100637
0.99999904
0.99999904
0.99999904
0.99999904
0.99999904
0.99999904
0.99999904
0.99999904
0.99999904
0.99999906
0.99999953
1.0000458
1.0001963
1.0077219
0.99999904
0.99999904
0.99999904
0.99999904
0.99999904
0.99999904
0.99999904
0.99999904
0.99999904
0.99999906
0.99999961
1.0000477
1.0001227
1.0054971
0.99999904
0.99999904
0.99999904
0.99999904
0.99999904
0.99999904
0.99999904
0.99999904
0.99999904
0.99999906
0.99999924
1.0000173
1.000076
1.003396
0.99999904
0.99999904
0.99999904
0.99999904
0.99999904
0.99999904
0.99999904
0.99999904
0.99999904
0.99999904
0.99999911
1.0000022
1.0000104
1.0003383
0.99999904
0.99999904
0.99999904
0.99999904
0.99999904
0.99999904
0.99999904
0.99999904
0.99999904
0.99999904
0.99999889
0.99999325
0.99986657
0.99638387
0.99999904
0.99999904
0.99999904
0.99999904
0.99999904
0.99999904
0.99999904
0.99999904
0.99999904
0.99999904
0.99999859
0.9999789
0.99973377
0.99254563
0.99999904
0.99999904
0.99999904
0.99999904
0.99999904
0.99999904
0.99999904
0.99999904
0.99999904
0.99999903
0.99999817
0.99996285
0.99960132
0.98880368
)
;

boundaryField
{
    Side
    {
        type            empty;
    }
    Inlet
    {
        type            calculated;
        value           nonuniform List<scalar> 
49
(
0.99999904
0.99999904
0.99999904
0.99999904
0.99999904
0.99999904
0.99999904
0.99999904
0.99999904
0.99999904
0.99999904
0.99999904
0.99999904
0.99999904
0.99999904
0.99999904
0.99999904
0.99999904
0.99999904
0.99999904
0.99999904
0.99999904
0.99999904
0.99999904
0.99999904
0.99999904
0.99999904
0.99999904
0.99999904
0.99999904
0.99999904
0.99999904
0.99999904
0.99999904
0.99999904
0.99999904
0.99999904
0.99999904
0.99999904
0.99999904
0.99999904
0.99999904
0.99999904
0.99999904
0.99999904
0.99999904
0.99999904
0.99999904
0.99999904
)
;
    }
    Airfoil
    {
        type            calculated;
        value           nonuniform List<scalar> 
51
(
1.0509676
1.0451601
1.0381793
1.0312903
1.024348
1.0556083
1.0592557
1.0628416
1.0665973
1.0706269
1.0749669
1.0794746
1.0838837
1.0885163
1.093883
1.100308
1.1077527
1.1157648
1.1228992
1.0957245
1.1264606
1.1730222
1.2385294
1.2895764
1.3226003
1.3407248
1.3455124
1.3273791
1.2827688
1.2279738
1.1816475
1.148817
1.1259007
1.0816971
1.06927
1.0592043
1.0510541
1.04435
1.0384852
1.0334418
1.0286734
1.0243434
1.0202923
1.0164676
1.012822
1.0093478
1.006066
1.0012123
0.99523562
0.98938437
0.98367321
)
;
    }
    Outlet
    {
        type            calculated;
        value           nonuniform List<scalar> 0();
    }
    Flap
    {
        type            calculated;
        value           nonuniform List<scalar> 0();
    }
    procBoundary0to1
    {
        type            processor;
        value           nonuniform List<scalar> 
58
(
0.99999904
0.99999904
0.99999904
0.99999904
0.99999904
0.99999904
0.99999904
0.99999904
0.99999904
0.99999904
0.99999904
0.99999904
0.99999904
0.99999904
0.99999904
0.99999904
0.99999904
0.99999904
0.99999904
0.99999904
0.99999904
0.99999904
0.99999904
0.99999904
0.99999904
0.99999904
0.99999904
0.99999904
0.99999904
0.99999904
0.99999904
0.99999904
0.99999904
0.99999904
0.99999904
0.99999904
0.99999904
0.99999904
0.99999907
1.0000002
1.0000002
1.0001064
1.000227
1.0101091
0.99999904
0.99999904
0.99999904
0.99999904
0.99999904
0.99999904
0.99999904
0.99999904
0.99999904
0.99999902
0.99999765
0.99994575
0.99946888
0.98514165
)
;
    }
}


// ************************************************************************* //
