/*--------------------------------*- C++ -*----------------------------------*\
| =========                 |                                                 |
| \\      /  F ield         | OpenFOAM: The Open Source CFD Toolbox           |
|  \\    /   O peration     | Version:  2206                                  |
|   \\  /    A nd           | Website:  www.openfoam.com                      |
|    \\/     M anipulation  |                                                 |
\*---------------------------------------------------------------------------*/
FoamFile
{
    version     2.0;
    format      ascii;
    arch        "LSB;label=32;scalar=64";
    class       volScalarField;
    location    "0.02";
    object      T;
}
// * * * * * * * * * * * * * * * * * * * * * * * * * * * * * * * * * * * * * //

dimensions      [0 0 0 1 0 0 0];

internalField   nonuniform List<scalar> 
1396
(
1
1
1
1
1
1
1
1
1
1
1
1
1
1
1
1
1
1
1
1
1
1
1
1
1
1
1
1
1
1
1
1
1
1
1
1
1
1
1
1
1
1
1
1
1
1
1
1
1
1
1
1
1
1
1
1
1
1
1
1
1
1
1
1
1
1
1
1
1
1
1
1
1
1
1
1
1
1
1
1
1
1
1
1
1
1
1
1
1
1
1
1
1
1
1
1
1
1
1
1
1
1
1
1
1
1
1
1
1
1
1
1
1
1
1
1
1
1
1
1
1
1
1
1
1
1
1
1
1
1
1
1
1
1
1
1
1
1
1
1
1
1
1
1
1
1
1
1
1
1
1
1
1
1
1
1
1
1
1
1
1
1
1
1
1
1
1
1
1
1
1
1
1
1
1
1
1
1
1
1
1
1
1
1
1
1
1
1
1
1
1
1
1
1
1
1
1
1
1
1
1
1
1
1
1
1
1
1
1
1
1
1
1
1
1
1
1
1
1
1
1
1
1
1
1
1
1
1
1
1
1
1
1
1
1
1
1
1
1
1
1
1
1
1
1
1
1
1
1
1
1
1
1
1
1
1
1
1
1
1
1
1
1
1
1
1
1
1
1
1
1
1
1
1
1
1
1
1
1
1
1
1
1
1
1
1
1
1
1
1
1
1
1
1
1
1
1
1
1
1
1
1
1
1
1
1
1
1
1
1
1
1
1
1
1
1
1
1
1
1
1
1
1
1
1
1
1
1
1
1
1
1
1
1
1
1
1
1
1
1
1
1
1
1
1
1
1
1
1
1
1
1
1
1
1
1
1
1
1
1
1
1
1
1
1
1
1
1
1
1
1
1
1
1
1
1
1
1
1
1
1
1
1
1
1
1
1
1
1
1
1
1
1
1
1
1
1
1
1
1
1
1
1
1
1
1
1
1
1
1
1
1
1
1
1
1
1
1
1
1
1
1
1
1
1
1
1
1
1
1
1
1
1
1
1
1
1
1
1
1
1
1
1
1
1
1
1
1
1
1
1
1
1
1
1
1
1
1
1
1
1
1
1
1
1
1
1
1
1
1
1
1
1
1
1
1
1
1
1
1
1
1
1
1
1
1
1
1
1
1
1
1
1
1
1
1
1
1
1
1
1
1
1
1
1
1
1
1
1
1
1
1
1
1
1
1
1
1
1
1
1
1
1
1
1
1
1
1
1
1
1
1
1
1
1
1
1
1
1
1
1
1
1
1
1
1
1
1
1
1
1
1
1
1
1
1
1
1
1
1
1
1
1
1
1
1
1
1
1
1
1
1
1
1
1
1
1
1
1
1
1
1
1
1
1
1
1
1
1
1
1
1
1
1
1
1
1
1
1
1
1
1
1
1
1
1
1
1
1
1
1
1
1
1
1
1
1
1
1
1
1
1
1
1
1
1
1
1
1
1
1
1
1
1
1
1
1
1
1
1
1
1
1
1
1
1
1
1
1
1
1
1
1
1
1
1
1
1
1
1
1
1
1
1
1
1
1
1
1
1
1
1
1
1
1
1
1
1
1
1
1
1
1
1
1
1
1
1
1
1
1
1
1
1
1
1
1
1
1
1
1
1
1
1.0000021
1.0001741
1.0007499
1.0175578
1
1
1
1
1
1
1
1
1
1
1.0000022
1.0001697
1.0006855
1.0157437
1
1
1
1
1
1
1
1
1
1.0000001
1.0000022
1.0001581
1.0005951
1.013616
1
1
1
1
1
1
1
1
1
1.0000001
1.0000022
1.000143
1.0004939
1.0113359
1.0001272
1.000381
1.008994
1.0191555
1.0202712
1.0214474
1.02267
1.023961
1.0252971
1.0266515
1.0280655
1.0296118
1.0313847
1.0334105
1.0355425
1.0373855
1.0386536
1.0008353
1.0008953
1.0009454
1.0009945
1.0010449
1.0010972
1.0011501
1.0011989
1.0012463
1.0012976
1.0013537
1.0014063
1.0014321
1.001415
1.0001676
1.0001761
1.0001839
1.0001916
1.0001993
1.0002066
1.000213
1.0002185
1.000224
1.0002301
1.0002367
1.0002422
1.0002407
1.0002182
1.0000021
1.0000022
1.0000023
1.0000023
1.0000024
1.0000024
1.0000025
1.0000025
1.0000024
1.0000024
1.0000024
1.0000023
1.0000021
1.0000016
1.0000001
1.0000001
1.0000001
1.0000001
1.0000001
1.0000001
1.0000001
1.0000001
1.0000001
1.0000001
1
1
1
1
1
1
1
1
1
1
1
1
1
1
1
1
1
1
1
1
1
1
1
1
1
1
1
1
1
1
1
1
1
1
1
1
1
1
1
1
1
1
1
1
1
1
1
1
1
1
1
1
1
1
1
1
1
1
1
1
1
1
1
1
1
1
1
1
1
1
1
1
1
1
1
1
1
1
1
1
1
1
1
1
1
1
1
1
1
1
1
1
1
1
1
1
1
1
1
1
1
1
1
1
1
1
1
1
1
1
1
1
1
1
1
1
1
1
1
1
1
1
1
1
1
1
1
1
1
1
1
1
1
1
1
1
1
1
1
1
1
1
1
1
1
1
1
1
1
1
1
1
1
1
1
1
1
1
1
1
1
1
1
1
1
1
1
1
1
1
1
1
1
1
1
1
1
1
1
1
1
1
1
1
1
1
1
1
1
1
1
1
1
1
1
1
1
1
1
1
1
1
1
1
1
1
1
1
1
1
1
1
1
1
1
1
1
1
1
1
1
1
1
1
1
1
1
1
1
1
1
1
1
1
1
1
1
1
1
1
1
1
1
1
1
1
1
1
1
1
1
1
1
1
1
1
1
1
1
1
0.99999996
0.99999991
0.99999986
0.99999985
0.99999989
0.99999996
1
1
1
1
1.000001
1.0000011
1.0000011
1.0000022
1.0000039
1.0000057
1.0000068
1.0000074
1.0000063
1.0000039
1.0000022
1.0000015
1.0000013
1.0000011
1.0001439
1.0001678
1.0002059
1.0002381
1.0002491
1.0002541
1.0002487
1.0002479
1.0002496
1.0002402
1.0002211
1.000194
1.000173
1.0001618
1.001058
1.0013361
1.0016648
1.002632
1.0037639
1.0045639
1.0050904
1.0052195
1.0046683
1.0036548
1.0027144
1.0021551
1.0017894
1.0014806
1.0338177
1.0425236
1.0540553
1.0650458
1.0732918
1.0788813
1.0818216
1.0823214
1.0789457
1.0721261
1.0633256
1.0541395
1.0464037
1.0410942
1
1
1
1
1
1
1
1
1
1
1.0000013
1.0001761
1.0008836
1.0284189
1
1
1
1
1
1
1
1
1
1
1.0000017
1.0001794
1.0008339
1.0246413
1
1
1
1
1
1
1
1
1
1
1.0000018
1.0001668
1.00076
1.0213475
1
1
1
1
1
1
1
1
1
1
1.0000017
1.0001516
1.0006766
1.0184628
1
1
1
1
1
1
1
1
1
1
1.0000016
1.0001379
1.0005982
1.0160355
1
1
1
1
1
1
1
1
1
1
1.0000015
1.0001254
1.0005266
1.0140017
1
1
1
1
1
1
1
1
1
1
1.0000014
1.0001137
1.0004624
1.0122002
1
1
1
1
1
1
1
1
1
1
1.0000013
1.0001025
1.0004009
1.010583
1
1
1
1
1
1
1
1
1
1
1.0000012
1.0000914
1.0003426
1.0090752
1
1
1
1
1
1
1
1
1
1.0000001
1.0000011
1.0000807
1.0002862
1.0076661
1
1
1
1
1
1
1
1
1
1
1.000001
1.0000704
1.000231
1.00634
1
1
1
1
1
1
1
1
1
1
1.0000009
1.0000613
1.0001756
1.0050611
1
1
1
1
1
1
1
1
1
1
1.0000009
1.0000507
1.0001229
1.0038297
1
1
1
1
1
1
1
1
1
1
1.0000005
1.0000334
1.0000767
1.002661
1
1
1
1
1
1
1
1
1
1
1.0000002
1.0000088
1.0000285
1.0008737
1
1
1
1
1
1
1
1
1
1
0.99999987
0.99999259
0.99990812
0.99884758
1
1
1
1
1
1
1
1
1
0.99999999
0.9999993
0.9999726
0.99976795
0.996815
1
1
1
1
1
1
1
1
1
0.99999997
0.99999856
0.99994925
0.99960825
0.99481143
)
;

boundaryField
{
    Side
    {
        type            empty;
    }
    Inlet
    {
        type            inletOutlet;
        inletValue      uniform 1;
        value           nonuniform List<scalar> 
49
(
1
1
1
1
1
1
1
1
1
1
1
1
1
1
1
1
1
1
1
1
1
1
1
1
1
1
1
1
1
1
1
1
1
1
1
1
1
1
1
1
1
1
1
1
1
1
1
1
1
)
;
    }
    Airfoil
    {
        type            fixedValue;
        value           uniform 1;
    }
    Outlet
    {
        type            zeroGradient;
    }
    Flap
    {
        type            fixedValue;
        value           nonuniform List<scalar> 0();
    }
    procBoundary0to1
    {
        type            processor;
        value           nonuniform List<scalar> 
58
(
1
1
1
1
1
1
1
1
1
1
1
1
1
1
1
1
1
1
1
1
1
1
1
1
1
1
1
1
1
1
1
1
1
1
1
1
1
1
1.0000001
1.0000022
1.0000022
1.0001089
1.0002432
1.0063826
1
1
1
1
1
1
1
1
1
0.99999995
0.99999764
0.99992357
0.99942812
0.99285563
)
;
    }
}


// ************************************************************************* //
