/*--------------------------------*- C++ -*----------------------------------*\
| =========                 |                                                 |
| \\      /  F ield         | OpenFOAM: The Open Source CFD Toolbox           |
|  \\    /   O peration     | Version:  2206                                  |
|   \\  /    A nd           | Website:  www.openfoam.com                      |
|    \\/     M anipulation  |                                                 |
\*---------------------------------------------------------------------------*/
FoamFile
{
    version     2.0;
    format      ascii;
    arch        "LSB;label=32;scalar=64";
    class       volVectorField;
    location    "0.02";
    object      U;
}
// * * * * * * * * * * * * * * * * * * * * * * * * * * * * * * * * * * * * * //

dimensions      [0 1 -1 0 0 0 0];

internalField   nonuniform List<vector> 
1396
(
(0.85671779 0.043699275 0)
(0.85671779 0.043699275 -1.0370437e-21)
(0.85671779 0.043699275 1.6273534e-21)
(0.85671779 0.043699275 1.1041483e-22)
(0.85671779 0.043699275 -8.4524787e-22)
(0.85671779 0.043699275 0)
(0.85671779 0.043699275 0)
(0.85671779 0.043699275 -1.6789471e-22)
(0.85671779 0.043699275 0)
(0.85671779 0.043699275 -2.2697388e-22)
(0.85671779 0.043699275 2.7543406e-22)
(0.85671779 0.043699275 7.0040941e-22)
(0.85671779 0.043699275 -1.5622653e-21)
(0.85671779 0.043699275 9.0985551e-22)
(0.85671779 0.043699275 2.9871404e-21)
(0.85671779 0.043699275 -1.3198842e-21)
(0.85671779 0.043699275 1.830783e-21)
(0.85671779 0.043699275 -8.8332131e-22)
(0.85671779 0.043699275 2.4149937e-22)
(0.85671779 0.043699275 -2.1314965e-21)
(0.85671779 0.043699275 1.1884722e-21)
(0.85671779 0.043699275 0)
(0.85671779 0.043699275 0)
(0.85671779 0.043699275 9.0786627e-22)
(0.85671779 0.043699275 -5.508423e-22)
(0.85671779 0.043699275 1.5645994e-33)
(0.85671779 0.043699275 7.2096692e-22)
(0.85671779 0.043699275 2.0108666e-21)
(0.85671779 0.043699275 -1.4057249e-21)
(0.85671779 0.043699275 1.5084494e-21)
(0.85671779 0.043699275 -2.0342136e-22)
(0.85671779 0.043699275 1.7666479e-21)
(0.85671779 0.043699275 -2.1734955e-21)
(0.85671779 0.043699275 -1.0657457e-21)
(0.85671779 0.043699275 -2.9711626e-22)
(0.85671779 0.043699275 1.3431242e-21)
(0.85671779 0.043699275 0)
(0.85671779 0.043699275 3.9137115e-34)
(0.85671779 0.043699275 0)
(0.85671779 0.043699275 -3.5016151e-22)
(0.85671779 0.043699275 -4.8060386e-22)
(0.85671779 0.043699275 -1.4361143e-21)
(0.85671779 0.043699275 -1.581452e-21)
(0.85671779 0.043699275 -1.8855734e-22)
(0.85671779 0.043699275 -2.0342236e-22)
(0.85671779 0.043699275 0)
(0.85671779 0.043699275 0)
(0.85671779 0.043699275 -1.0657451e-21)
(0.85671779 0.043699275 1.4855765e-21)
(0.85671779 0.043699275 0)
(0.85671779 0.043699275 0)
(0.85671779 0.043699275 -9.0782868e-22)
(0.85671779 0.043699275 -5.5080854e-22)
(0.85671779 0.043699275 1.4005927e-21)
(0.85671779 0.043699275 0)
(0.85671779 0.043699275 1.5316867e-21)
(0.85671779 0.043699275 -1.2300263e-21)
(0.85671779 0.043699275 1.8855844e-21)
(0.85671779 0.043699275 1.8308103e-21)
(0.85671779 0.043699275 -8.8333051e-22)
(0.85671779 0.043699275 -9.6600235e-22)
(0.85671779 0.043699275 0)
(0.85671779 0.043699275 0)
(0.85671779 0.043699275 0)
(0.85671779 0.043699275 7.7201655e-22)
(0.85671779 0.043699275 8.7590104e-34)
(0.85671779 0.043699275 -5.508007e-22)
(0.85671779 0.043699275 1.9234549e-34)
(0.85671779 0.043699275 -1.2013924e-21)
(0.85671779 0.043699275 -1.1486864e-21)
(0.85671779 0.043699275 -1.7571909e-22)
(0.85671779 0.043699275 5.656785e-22)
(0.85671779 0.043699275 -9.1540999e-22)
(0.85671779 0.043699275 0)
(0.85671779 0.043699275 4.8300325e-22)
(0.85671779 0.043699275 -8.5659276e-34)
(0.85671779 0.043699275 8.187253e-35)
(0.85671779 0.043699275 -6.7155741e-22)
(0.85671779 0.043699275 0)
(0.85671779 0.043699275 2.2695492e-22)
(0.85671779 0.043699275 -5.507988e-22)
(0.85671779 0.043699275 -5.2520664e-22)
(0.85671779 0.043699275 7.2082551e-22)
(0.85671779 0.043699275 7.657694e-22)
(0.85671779 0.043699275 3.5144144e-22)
(0.85671779 0.043699275 -3.7712108e-22)
(0.85671779 0.043699275 1.0171279e-22)
(0.85671779 0.043699275 -2.2083494e-22)
(0.85671779 0.043699275 4.8300602e-22)
(0.85671779 0.043699275 -2.6643921e-22)
(0.85671779 0.043699275 2.2668295e-27)
(0.85671779 0.043699275 0)
(0.85671779 0.043699275 0)
(0.85671779 0.043699275 2.2695641e-22)
(0.85671779 0.043699275 -6.8850328e-23)
(0.85671779 0.043699275 8.75351e-23)
(0.85671779 0.043699275 6.0069306e-23)
(0.85671779 0.043699275 -8.6151156e-22)
(0.85671779 0.043699275 -8.7861427e-23)
(0.85671779 0.043699275 9.4280347e-23)
(0.85671779 0.043699275 0)
(0.85671779 0.043699275 -3.3125276e-22)
(0.85671779 0.043699275 6.0375826e-22)
(0.85671779 0.043699275 -5.3287917e-22)
(0.85671779 0.043699275 -1.4856145e-22)
(0.85671779 0.043699275 -1.678907e-22)
(0.85671779 0.043699275 0)
(0.85671779 0.043699275 0)
(0.85671779 0.043699275 0)
(0.85671779 0.043699275 -8.7535515e-23)
(0.85671779 0.043699275 -3.0034856e-22)
(0.85671779 0.043699275 6.9400542e-22)
(0.85671779 0.043699275 -8.7859597e-23)
(0.85671779 0.043699275 -2.8283947e-22)
(0.85671779 0.043699275 -8.1369858e-22)
(0.85671779 0.043699275 7.729189e-22)
(0.85671779 0.043699275 1.20751e-22)
(0.85671779 0.043699275 0)
(0.85671779 0.043699275 1.485584e-22)
(0.85671779 0.043699275 5.0366952e-22)
(0.85671779 0.043699275 -7.7201987e-22)
(0.85671779 0.043699275 9.0782386e-22)
(0.85671779 0.043699275 -5.5080209e-22)
(0.85671779 0.043699275 0)
(0.85671779 0.043699275 4.8055604e-22)
(0.85671779 0.043699275 -7.1792319e-22)
(0.85671779 0.043699275 1.5814608e-21)
(0.85671779 0.043699275 -1.319908e-21)
(0.85671779 0.043699275 2.0342324e-22)
(0.85671779 0.043699275 -6.6249758e-22)
(0.85671779 0.043699275 9.6600214e-22)
(0.85671779 0.043699275 0)
(0.85671779 0.043699275 0)
(0.85671779 0.043699275 0)
(0.85671779 0.043699275 3.8600886e-22)
(0.85671779 0.043699275 -9.0782273e-22)
(0.85671779 0.043699275 5.5080261e-22)
(0.85671779 0.043699275 0)
(0.85671779 0.043699275 0)
(0.85671779 0.043699275 -9.5725314e-23)
(0.85671779 0.043699275 0)
(0.85671779 0.043699275 0)
(0.85671779 0.043699275 -2.0342189e-22)
(0.85671779 0.043699275 -1.7666501e-21)
(0.85671779 0.043699275 2.897993e-21)
(0.85671779 0.043699275 -3.6466615e-33)
(0.85671779 0.043699275 1.351122e-33)
(0.85671779 0.043699275 -1.6788923e-21)
(0.85671779 0.043699275 0)
(0.85671779 0.043699275 0)
(0.85671779 0.043699275 0)
(0.85671779 0.043699275 0)
(0.85671779 0.043699275 -9.6115367e-22)
(0.85671779 0.043699275 0)
(0.85671779 0.043699275 1.4057193e-21)
(0.85671779 0.043699275 0)
(0.85671779 0.043699275 0)
(0.85671779 0.043699275 -1.7666414e-21)
(0.85671779 0.043699275 1.9319891e-21)
(0.85671779 0.043699275 1.065742e-21)
(0.85671779 0.043699275 -1.1884611e-21)
(0.85671779 0.043699275 3.3578e-22)
(0.85671779 0.043699275 0)
(0.85671779 0.043699275 0)
(0.85671779 0.043699275 -5.5082133e-22)
(0.85671779 0.043699275 7.0032221e-22)
(0.85671779 0.043699275 1.9224159e-21)
(0.85671779 0.043699275 -9.5741273e-23)
(0.85671779 0.043699275 -2.8114117e-21)
(0.85671779 0.043699275 1.5084313e-21)
(0.85671779 0.043699275 0)
(0.85671779 0.043699275 0)
(0.85671779 0.043699275 0)
(0.85671779 0.043699275 -1.0657429e-21)
(0.85671779 0.043699275 1.1884662e-21)
(0.85671779 0.043699275 6.7156587e-22)
(0.85671779 0.043699275 -7.7203793e-22)
(0.85671779 0.043699275 4.5393096e-22)
(0.85671779 0.043699275 -1.1016795e-21)
(0.85671779 0.043699275 7.0035761e-22)
(0.85671779 0.043699275 -9.612853e-22)
(0.85671779 0.043699275 -1.4363286e-21)
(0.85671779 0.043699275 -1.4056183e-21)
(0.85671779 0.043699275 8.4843993e-22)
(0.85671779 0.043699275 7.9725892e-34)
(0.85671779 0.043699275 -9.9367014e-22)
(0.85671779 0.043699275 -1.2074166e-22)
(0.85671779 0.043699275 -5.3283894e-22)
(0.85671779 0.043699275 5.9419715e-22)
(0.85671779 0.043699275 1.678814e-22)
(0.85671779 0.043699275 -3.8599608e-22)
(0.85671779 0.043699275 6.8085673e-22)
(0.85671779 0.043699275 0)
(0.85671779 0.043699275 -3.501596e-22)
(0.85671779 0.043699275 6.0077259e-22)
(0.85671779 0.043699275 5.2663115e-22)
(0.85671779 0.043699275 0)
(0.85671779 0.043699275 1.0439832e-21)
(0.85671779 0.043699275 0)
(0.85671779 0.043699275 -1.1748854e-21)
(0.85671779 0.043699275 -1.25347e-21)
(0.85671779 0.043699275 0)
(0.85671779 0.043699275 0)
(0.85671779 0.043699275 1.5681332e-21)
(0.85671779 0.043699275 0)
(0.85671779 0.043699275 1.8833174e-21)
(0.85671779 0.043699275 0)
(0.85671779 0.043699275 -2.3570731e-21)
(0.85671779 0.043699275 2.6961917e-21)
(0.85671779 0.043699275 -3.1492886e-21)
(0.85671779 0.043699275 0)
(0.85671779 0.043699275 0)
(0.85671779 0.043699275 1.1055733e-21)
(0.85671779 0.043699275 0)
(0.85671779 0.043699275 0)
(0.85671779 0.043699275 1.3433211e-21)
(0.85671779 0.043699275 0)
(0.85671779 0.043699275 0)
(0.85671779 0.043699275 0)
(0.85671779 0.043699275 0)
(0.85671779 0.043699275 2.0937312e-21)
(0.85671779 0.043699275 -2.3570743e-21)
(0.85671779 0.043699275 -2.6961934e-21)
(0.85671779 0.043699275 3.1492909e-21)
(0.85671779 0.043699275 0)
(0.85671779 0.043699275 0)
(0.85671779 0.043699275 -1.1055736e-21)
(0.85671779 0.043699275 0)
(0.85671779 0.043699275 1.2534707e-21)
(0.85671779 0.043699275 -1.3433215e-21)
(0.85671779 0.043699275 1.4470483e-21)
(0.85671779 0.043699275 0)
(0.85671779 0.043699275 -1.7113355e-21)
(0.85671779 0.043699275 0)
(0.85671779 0.043699275 -2.0937322e-21)
(0.85671779 0.043699275 2.3570756e-21)
(0.85671779 0.043699275 5.3923902e-21)
(0.85671779 0.043699275 -3.1492932e-21)
(0.85671779 0.043699275 0)
(0.85671779 0.043699275 -5.2199199e-22)
(0.85671779 0.043699275 0)
(0.85671779 0.043699275 -5.8744319e-22)
(0.85671779 0.043699275 -1.2534711e-21)
(0.85671779 0.043699275 -6.7166098e-22)
(0.85671779 0.043699275 -7.235244e-22)
(0.85671779 0.043699275 0)
(0.85671779 0.043699275 1.7113361e-21)
(0.85671779 0.043699275 0)
(0.85671779 0.043699275 1.0468666e-21)
(0.85671779 0.043699275 0)
(0.85671779 0.043699275 -1.3480984e-21)
(0.85671779 0.043699275 0)
(0.85671779 0.043699275 0)
(0.85671779 0.043699275 1.5621168e-33)
(0.85671779 0.043699275 -5.5278708e-22)
(0.85671779 0.043699275 1.1748867e-21)
(0.85671779 0.043699275 -6.2673572e-22)
(0.85671779 0.043699275 6.7166119e-22)
(0.85671779 0.043699275 9.9646104e-34)
(0.85671779 0.043699275 0)
(0.85671779 0.043699275 8.5566841e-22)
(0.85671779 0.043699275 0)
(0.85671779 0.043699275 -2.0937342e-21)
(0.85671779 0.043699275 0)
(0.85671779 0.043699275 -2.6961984e-21)
(0.85671779 0.043699275 -1.5746489e-21)
(0.85671779 0.043699275 4.944473e-22)
(0.85671779 0.043699275 1.0439845e-21)
(0.85671779 0.043699275 1.1055744e-21)
(0.85671779 0.043699275 -5.8744351e-22)
(0.85671779 0.043699275 1.2534718e-21)
(0.85671779 0.043699275 -6.716614e-22)
(0.85671779 0.043699275 1.3771329e-33)
(0.85671779 0.043699275 0)
(0.85671779 0.043699275 -8.5566875e-22)
(0.85671779 0.043699275 9.4166074e-22)
(0.85671779 0.043699275 1.0468676e-21)
(0.85671779 0.043699275 1.1785397e-21)
(0.85671779 0.043699275 1.3481001e-21)
(0.85671779 0.043699275 1.57465e-21)
(0.85671779 0.043699275 -4.9444741e-22)
(0.85671779 0.043699275 1.8776706e-35)
(0.85671779 0.043699275 -5.5278736e-22)
(0.85671779 0.043699275 0)
(0.85671779 0.043699275 -6.2673608e-22)
(0.85671779 0.043699275 1.3433232e-21)
(0.85671779 0.043699275 -7.2352513e-22)
(0.85671779 0.043699275 -7.8406833e-22)
(0.85671779 0.043699275 0)
(0.85671779 0.043699275 -9.4166115e-22)
(0.85671779 0.043699275 -1.0468681e-21)
(0.85671779 0.043699275 -1.7178544e-33)
(0.85671779 0.043699275 0)
(0.85671779 0.043699275 -1.5746512e-21)
(0.85671779 0.043699275 0)
(0.85671779 0.043699275 -4.0109139e-34)
(0.85671779 0.043699275 0)
(0.85671779 0.043699275 0)
(0.85671779 0.043699275 0)
(0.85671779 0.043699275 -1.3433236e-21)
(0.85671779 0.043699275 0)
(0.85671779 0.043699275 7.8406861e-22)
(0.85671779 0.043699275 8.5566943e-22)
(0.85671779 0.043699275 9.4166156e-22)
(0.85671779 0.043699275 1.0468686e-21)
(0.85671779 0.043699275 -2.357082e-21)
(0.85671779 0.043699275 0)
(0.85671779 0.043699275 1.5746523e-21)
(0.85671779 0.043699275 0)
(0.85671779 0.043699275 -2.6099631e-22)
(0.85671779 0.043699275 0)
(0.85671779 0.043699275 -2.9372199e-22)
(0.85671779 0.043699275 0)
(0.85671779 0.043699275 6.7166202e-22)
(0.85671779 0.043699275 0)
(0.85671779 0.043699275 3.9203445e-22)
(0.85671779 0.043699275 -8.5566977e-22)
(0.85671779 0.043699275 -9.4166197e-22)
(0.85671779 0.043699275 0)
(0.85671779 0.043699275 1.1785417e-21)
(0.85671779 0.043699275 -6.7405129e-22)
(0.85671779 0.043699275 0)
(0.85671779 0.043699275 0)
(0.85671779 0.043699275 -2.6099637e-22)
(0.85671779 0.043699275 0)
(0.85671779 0.043699275 5.8744414e-22)
(0.85671779 0.043699275 -3.1336832e-22)
(0.85671779 0.043699275 0)
(0.85671779 0.043699275 -7.2352585e-22)
(0.85671779 0.043699275 -3.9203459e-22)
(0.85671779 0.043699275 0)
(0.85671779 0.043699275 0)
(0.85671779 0.043699275 0)
(0.85671779 0.043699275 0)
(0.85671779 0.043699275 1.3481034e-21)
(0.85671779 0.043699275 0)
(0.85671779 0.043699275 0)
(0.85671779 0.043699275 0)
(0.85671779 0.043699275 0)
(0.85671779 0.043699275 -5.874443e-22)
(0.85671779 0.043699275 -3.8068183e-34)
(0.85671779 0.043699275 3.3583122e-22)
(0.85671779 0.043699275 7.2352609e-22)
(0.85671779 0.043699275 0)
(0.85671779 0.043699275 4.2783522e-22)
(0.85671779 0.043699275 -4.708314e-22)
(0.85671779 0.043699275 5.2343507e-22)
(0.85671779 0.043699275 -5.8927148e-22)
(0.85671779 0.043699275 -6.7405213e-22)
(0.85671779 0.043699275 0)
(0.85671779 0.043699275 1.2361199e-22)
(0.85671779 0.043699275 1.3049825e-22)
(0.85671779 0.043699275 1.3819702e-22)
(0.85671779 0.043699275 2.9372223e-22)
(0.85671779 0.043699275 3.133685e-22)
(0.85671779 0.043699275 -3.3583132e-22)
(0.85671779 0.043699275 -1.8088158e-22)
(0.85671779 0.043699275 0)
(0.85671779 0.043699275 -4.2783539e-22)
(0.85671779 0.043699275 2.354158e-22)
(0.85671779 0.043699275 -5.2343533e-22)
(0.85671779 0.043699275 8.839077e-22)
(0.85671779 0.043699275 0)
(0.85671779 0.043699275 3.9366423e-22)
(0.85671779 0.043699275 -1.2361202e-22)
(0.85671779 0.043699275 -1.3049828e-22)
(0.85671779 0.043699275 -2.0729558e-22)
(0.85671779 0.043699275 -7.3430578e-23)
(0.85671779 0.043699275 7.8342147e-23)
(0.85671779 0.043699275 0)
(0.85671779 0.043699275 2.7132247e-22)
(0.85671779 0.043699275 -9.8008754e-23)
(0.85671779 0.043699275 0)
(0.85671779 0.043699275 2.354159e-22)
(0.85671779 0.043699275 0)
(0.85671779 0.043699275 -4.4195409e-22)
(0.85671779 0.043699275 0)
(0.85671779 0.043699275 -5.9049678e-22)
(0.85671779 0.043699275 0)
(0.85671779 0.043699275 0)
(0.85671779 0.043699275 6.9098544e-23)
(0.85671779 0.043699275 7.3430598e-23)
(0.85671779 0.043699275 -7.834217e-23)
(0.85671779 0.043699275 0)
(0.85671779 0.043699275 -9.0440853e-23)
(0.85671779 0.043699275 9.800879e-23)
(0.85671779 0.043699275 0)
(0.85671779 0.043699275 0)
(0.85671779 0.043699275 0)
(0.85671779 0.043699275 1.4731811e-22)
(0.85671779 0.043699275 0)
(0.85671779 0.043699275 1.968324e-22)
(0.85671779 0.043699275 0)
(0.85671779 0.043699275 0)
(0.85671779 0.043699275 0)
(0.85671779 0.043699275 0)
(0.85671779 0.043699275 0)
(0.85671779 0.043699275 0)
(0.85671779 0.043699275 0)
(0.85671779 0.043699275 5.3412336e-24)
(0.85671779 0.043699275 7.9562236e-36)
(0.85671779 0.043699275 -5.3412277e-24)
(0.85671779 0.043699275 0)
(0.85671779 0.043699275 0)
(0.85671779 0.043699275 0)
(0.85671779 0.043699275 1.0682432e-23)
(0.85671779 0.043699275 0)
(0.85671779 0.043699275 -1.3344842e-24)
(0.85671779 0.043699275 1.3344835e-24)
(0.85671779 0.043699275 2.6689655e-24)
(0.85671779 0.043699275 2.668964e-24)
(0.85671779 0.043699275 -5.337925e-24)
(0.85671779 0.043699275 0)
(0.85671779 0.043699275 0)
(0.85671779 0.043699275 0)
(0.85671779 0.043699275 0)
(0.85671779 0.043699275 0)
(0.85671779 0.043699275 1.0675815e-23)
(0.85671779 0.043699275 -2.1351618e-23)
(0.85671779 0.043699275 1.0675803e-23)
(0.85671779 0.043699275 -6.6682868e-25)
(0.85671779 0.043699275 6.6682831e-25)
(0.85671779 0.043699275 0)
(0.85671779 0.043699275 0)
(0.85671779 0.043699275 0)
(0.85671779 0.043699275 0)
(0.85671779 0.043699275 0)
(0.85671779 0.043699275 5.3346088e-24)
(0.85671779 0.043699275 -5.3346059e-24)
(0.85671779 0.043699275 0)
(0.85671779 0.043699275 0)
(0.85671779 0.043699275 0)
(0.85671779 0.043699275 0)
(0.85671779 0.043699275 1.0669182e-23)
(0.85671779 0.043699275 5.3313026e-24)
(0.85671779 0.043699275 5.0589109e-36)
(0.85671779 0.043699275 -5.3312968e-24)
(0.85671779 0.043699275 0)
(0.85671779 0.043699275 0)
(0.85671779 0.043699275 0)
(0.85671779 0.043699275 0)
(0.85671779 0.043699275 0)
(0.85671779 0.043699275 0)
(0.85671779 0.043699275 0)
(0.85671779 0.043699275 0)
(0.85671779 0.043699275 0)
(0.85671779 0.043699275 -4.9444922e-22)
(0.85671779 0.043699275 4.9444911e-22)
(0.85671779 0.043699275 0)
(0.85671779 0.043699275 0)
(0.85671779 0.043699275 0)
(0.85671779 0.043699275 0)
(0.85671779 0.043699275 -1.2361214e-22)
(0.85671779 0.043699275 1.2361211e-22)
(0.85671779 0.043699275 0)
(0.85671779 0.043699275 -1.04399e-21)
(0.85671779 0.043699275 0)
(0.85671779 0.043699275 0)
(0.85671779 0.043699275 5.2199464e-22)
(0.85671779 0.043699275 -1.5841461e-33)
(0.85671779 0.043699275 -1.0439888e-21)
(0.85671779 0.043699275 -1.3248057e-33)
(0.85671779 0.043699275 -8.9966223e-34)
(0.85671779 0.043699275 2.60997e-22)
(0.85671779 0.043699275 2.6099694e-22)
(0.85671779 0.043699275 0)
(0.85671779 0.043699275 -1.3049841e-22)
(0.85671779 0.043699275 1.3049838e-22)
(0.85671779 0.043699275 0)
(0.85671779 0.043699275 0)
(0.85671779 0.043699275 -1.1055804e-21)
(0.85671779 0.043699275 1.1055801e-21)
(0.85671779 0.043699275 0)
(0.85671779 0.043699275 5.5278977e-22)
(0.85671779 0.043699275 -1.1055793e-21)
(0.85671779 0.043699275 5.5278948e-22)
(0.85671779 0.043699275 0)
(0.85671779 0.043699275 0)
(0.85671779 0.043699275 0)
(0.85671779 0.043699275 0)
(0.85671779 0.043699275 -1.3819719e-22)
(0.85671779 0.043699275 2.0729574e-22)
(0.85671779 0.043699275 -6.9098562e-23)
(0.85671779 0.043699275 1.174894e-21)
(0.85671779 0.043699275 0)
(0.85671779 0.043699275 0)
(0.85671779 0.043699275 5.8744654e-22)
(0.85671779 0.043699275 -1.1748928e-21)
(0.85671779 0.043699275 5.8744622e-22)
(0.85671779 0.043699275 0)
(0.85671779 0.043699275 0)
(0.85671779 0.043699275 2.9372287e-22)
(0.85671779 0.043699275 -5.8744558e-22)
(0.85671779 0.043699275 2.9372271e-22)
(0.85671779 0.043699275 0)
(0.85671779 0.043699275 7.3430638e-23)
(0.85671779 0.043699275 -7.3430618e-23)
(0.85671779 0.043699275 1.2534798e-21)
(0.85671779 0.043699275 0)
(0.85671779 0.043699275 -1.2534791e-21)
(0.85671779 0.043699275 1.2534787e-21)
(0.85671779 0.043699275 6.2673917e-22)
(0.85671779 0.043699275 -1.253478e-21)
(0.85671779 0.043699275 6.2673881e-22)
(0.85671779 0.043699275 0)
(0.85671779 0.043699275 0)
(0.85671779 0.043699275 3.1336913e-22)
(0.85671779 0.043699275 6.948449e-34)
(0.85671779 0.043699275 -3.1336895e-22)
(0.85671779 0.043699275 0)
(0.85671779 0.043699275 0)
(0.85671779 0.043699275 0)
(0.85671779 0.043699275 -1.3433316e-21)
(0.85671779 0.043699275 1.3433311e-21)
(0.85671779 0.043699275 0)
(0.85671779 0.043699275 0)
(0.85671779 0.043699275 6.7166494e-22)
(0.85671779 0.043699275 -1.3433295e-21)
(0.85671779 0.043699275 1.3433291e-21)
(0.85671779 0.043699275 -6.7166432e-22)
(0.85671779 0.043699275 0)
(0.85671779 0.043699275 0)
(0.85671779 0.043699275 0)
(0.85671779 0.043699275 0)
(0.85671779 0.043699275 0)
(0.85671779 0.043699275 0)
(0.85671779 0.043699275 0)
(0.85671779 0.043699275 -1.4470595e-21)
(0.85671779 0.043699275 7.2352948e-22)
(0.85671779 0.043699275 -6.4680011e-34)
(0.85671779 0.043699275 8.0327855e-35)
(0.85671779 0.043699275 7.2352876e-22)
(0.85671779 0.043699275 0)
(0.85671779 0.043699275 0)
(0.85671779 0.043699275 7.2352803e-22)
(0.85671779 0.043699275 -7.2352779e-22)
(0.85671779 0.043699275 1.8088189e-22)
(0.85671779 0.043699275 -2.7132274e-22)
(0.85671779 0.043699275 9.0440883e-23)
(0.85671779 0.043699275 -1.5681486e-21)
(0.85671779 0.043699275 0)
(0.85671779 0.043699275 0)
(0.85671779 0.043699275 0)
(0.85671779 0.043699275 7.8407316e-22)
(0.85671779 0.043699275 -7.8407288e-22)
(0.85671779 0.043699275 7.840726e-22)
(0.85671779 0.043699275 -7.8407231e-22)
(0.85671779 0.043699275 0)
(0.85671779 0.043699275 0)
(0.85671779 0.043699275 0)
(0.85671779 0.043699275 0)
(0.85671779 0.043699275 9.8008861e-23)
(0.85671779 0.043699275 -9.8008826e-23)
(0.85671779 0.043699275 0)
(0.85671779 0.043699275 0)
(0.85671779 0.043699275 1.7113511e-21)
(0.85671779 0.043699275 -1.7113504e-21)
(0.85671779 0.043699275 -8.5567485e-22)
(0.85671779 0.043699275 8.5567451e-22)
(0.85671779 0.043699275 0)
(0.85671779 0.043699275 0)
(0.85671779 0.043699275 0)
(0.85671779 0.043699275 0)
(0.85671779 0.043699275 -4.2783641e-22)
(0.85671779 0.043699275 4.2783624e-22)
(0.85671779 0.043699275 0)
(0.85671779 0.043699275 0)
(0.85671779 0.043699275 -1.8833395e-21)
(0.85671779 0.043699275 0)
(0.85671779 0.043699275 0)
(0.85671779 0.043699275 0)
(0.85671779 0.043699275 0)
(0.85671779 0.043699275 -9.4166771e-22)
(0.85671779 0.043699275 9.416673e-22)
(0.85671779 0.043699275 -9.4166689e-22)
(0.85671779 0.043699275 9.4166648e-22)
(0.85671779 0.043699275 0)
(0.85671779 0.043699275 4.7083283e-22)
(0.85671779 0.043699275 -2.3541631e-22)
(0.85671779 0.043699275 -2.3541621e-22)
(0.85671779 0.043699275 0)
(0.85671779 0.043699275 0)
(0.85671779 0.043699275 -2.0937565e-21)
(0.85671779 0.043699275 4.187511e-21)
(0.85671779 0.043699275 -3.1406317e-21)
(0.85671779 0.043699275 2.0937535e-21)
(0.85671779 0.043699275 -1.0468762e-21)
(0.85671779 0.043699275 1.0468757e-21)
(0.85671779 0.043699275 -1.0468752e-21)
(0.85671779 0.043699275 0)
(0.85671779 0.043699275 0)
(0.85671779 0.043699275 -5.2343685e-22)
(0.85671779 0.043699275 5.234366e-22)
(0.85671779 0.043699275 0)
(0.85671779 0.043699275 0)
(0.85671779 0.043699275 2.3571078e-21)
(0.85671779 0.043699275 2.3571065e-21)
(0.85671779 0.043699275 -2.3571052e-21)
(0.85671779 0.043699275 0)
(0.85671779 0.043699275 0)
(0.85671779 0.043699275 -1.1785507e-21)
(0.85671779 0.043699275 -9.1591736e-35)
(0.85671779 0.043699275 2.3570988e-21)
(0.85671779 0.043699275 -1.1785487e-21)
(0.85671779 0.043699275 0)
(0.85671779 0.043699275 5.8927373e-22)
(0.85671779 0.043699275 -8.8391011e-22)
(0.85671779 0.043699275 4.4195481e-22)
(0.85671779 0.043699275 -1.4731819e-22)
(0.85671779 0.043699275 -2.6962371e-21)
(0.85671779 0.043699275 2.6962354e-21)
(0.85671779 0.043699275 -2.6962338e-21)
(0.85671779 0.043699275 -1.348116e-21)
(0.85671779 0.043699275 2.6962304e-21)
(0.85671779 0.043699275 -1.3481144e-21)
(0.85671779 0.043699275 -1.3481135e-21)
(0.85671779 0.043699275 1.3481127e-21)
(0.85671779 0.043699275 6.7405592e-22)
(0.85671779 0.043699275 -1.348111e-21)
(0.85671779 0.043699275 6.7405508e-22)
(0.85671779 0.043699275 0)
(0.85671779 0.043699275 0)
(0.85671779 0.043699275 0)
(0.85671779 0.043699275 3.1493506e-21)
(0.85671779 0.043699275 -3.1493483e-21)
(0.85671779 0.043699275 3.149346e-21)
(0.85671779 0.043699275 0)
(0.85671779 0.043699275 1.5746707e-21)
(0.85671779 0.043699275 -1.5746696e-21)
(0.85671779 0.043699275 0)
(0.85671779 0.043699275 0)
(0.85671779 0.043699275 0)
(0.85671779 0.043699275 0)
(0.85671779 0.043699275 0)
(0.85671779 0.043699275 -3.9366567e-22)
(0.85671779 0.043699275 5.9049807e-22)
(0.85671779 0.043699275 -1.9683255e-22)
(0.85671779 0.043699275 0)
(0.85671779 0.043699275 0)
(0.85671779 0.043699275 0)
(0.85671779 0.043699275 2.1358259e-23)
(0.85671779 0.043699275 0)
(0.85671779 0.043699275 0)
(0.85671779 0.043699275 0)
(0.85671779 0.043699275 0)
(0.85671779 0.043699275 -2.1279055e-23)
(0.85671779 0.043699275 0)
(0.85671779 0.043699275 -2.1331823e-23)
(0.85671779 0.043699275 0)
(0.85671779 0.043699275 2.1279078e-23)
(0.85671779 0.043699275 2.130543e-23)
(0.85671779 0.043699275 4.2663694e-23)
(0.85671779 0.043699275 0)
(0.85671779 0.043699275 0)
(0.85671779 0.043699275 -2.1305453e-23)
(0.85671779 0.043699275 -2.133187e-23)
(0.85671779 0.043699275 0)
(0.85671779 0.043699275 -1.0639563e-23)
(0.85671779 0.043699275 -1.0652738e-23)
(0.85671779 0.043699275 0)
(0.85671779 0.043699275 -1.0679188e-23)
(0.85671779 0.043699275 1.0639574e-23)
(0.85671779 0.043699275 1.065275e-23)
(0.85671779 0.043699275 0)
(0.85671779 0.043699275 1.06792e-23)
(0.85671779 0.043699275 0)
(0.85671779 0.043699275 0)
(0.85671779 0.043699275 -1.066597e-23)
(0.85671779 0.043699275 0)
(0.85671779 0.043699275 0)
(0.85671779 0.043699275 0)
(0.85671779 0.043699275 2.1331964e-23)
(0.85671779 0.043699275 0)
(0.85671779 0.043699275 0)
(0.85671779 0.043699275 -5.3263926e-24)
(0.85671779 0.043699275 -1.0665994e-23)
(0.85671779 0.043699275 -5.3396177e-24)
(0.85671779 0.043699275 0)
(0.85671779 0.043699275 5.326393e-24)
(0.85671779 0.043699275 0)
(0.85671779 0.043699275 1.1310943e-35)
(0.85671779 0.043699275 0)
(0.85671779 0.043699275 0)
(0.85671779 0.043699275 0)
(0.85671779 0.043699275 5.3396126e-24)
(0.85671779 0.043699275 0)
(0.85671779 0.043699275 0)
(0.85671779 0.043699275 1.3332465e-24)
(0.85671779 0.043699275 0)
(0.85671779 0.043699275 0)
(0.85671779 0.043699275 0)
(0.85671779 0.043699275 -1.333245e-24)
(0.85671779 0.043699275 0)
(0.85671779 0.043699275 -3.4351448e-22)
(0.85671779 0.043699275 3.2899103e-22)
(0.85671779 0.043699275 -3.1405343e-22)
(0.85671779 0.043699275 1.3938573e-22)
(0.85671779 0.043699275 2.0583134e-35)
(0.85671779 0.043699275 -1.4353805e-22)
(0.85671779 0.043699275 -4.1630969e-23)
(0.85671779 0.043699275 0)
(0.85671779 0.043699264 -4.292895e-23)
(0.8567178 0.043698722 0)
(0.85671796 0.043635768 -6.6464983e-23)
(0.85671248 0.043333379 -3.378812e-23)
(0.85620228 0.02742414 5.8395523e-23)
(0.85862298 0.027607816 -4.6384872e-23)
(0.85671779 0.043699275 3.8848789e-23)
(0.85671779 0.043699275 -3.9402156e-22)
(0.85671779 0.043699275 3.1977213e-22)
(0.85671779 0.043699275 4.0557571e-23)
(0.85671779 0.043699275 -8.2322135e-23)
(0.85671779 0.043699275 0)
(0.85671779 0.043699275 2.1211796e-22)
(0.85671779 0.043699275 -8.6168703e-23)
(0.85671779 0.043699263 -1.3129806e-22)
(0.85671781 0.043698673 8.8937805e-23)
(0.85671903 0.04363483 -6.5918543e-27)
(0.856723 0.043344701 9.1894223e-23)
(0.85651945 0.028797977 -9.3491073e-23)
(0.85898023 0.029181932 -4.8399631e-23)
(0.85671779 0.043699275 -3.9508357e-22)
(0.85671779 0.043699275 7.2139611e-22)
(0.85671779 0.043699275 -4.0663408e-22)
(0.85671779 0.043699275 0)
(0.85671779 0.043699275 2.2861886e-35)
(0.85671779 0.043699275 -2.5517055e-22)
(0.85671779 0.043699275 8.637741e-23)
(0.85671779 0.043699275 -2.6321887e-22)
(0.85671779 0.043699258 2.6743646e-22)
(0.85671782 0.043698646 0)
(0.85671971 0.043636867 0)
(0.85672982 0.04337339 0)
(0.85674745 0.030630646 9.5304769e-23)
(0.85945105 0.031105759 2.455388e-23)
(0.85671779 0.043699275 8.0285295e-23)
(0.85671779 0.043699275 0)
(0.85671779 0.043699275 5.0381096e-36)
(0.85671779 0.043699275 1.6779555e-22)
(0.85671779 0.043699275 -2.5552584e-22)
(0.85671779 0.043699275 4.3246144e-22)
(0.85671779 0.043699275 -2.4520005e-35)
(0.85671779 0.043699275 -1.7850478e-22)
(0.85671779 0.04369926 2.7209872e-22)
(0.85671783 0.043698623 0)
(0.85672018 0.043640494 -1.159685e-26)
(0.85673447 0.043413626 9.5335195e-23)
(0.85690474 0.032658037 2.4625987e-23)
(0.8596432 0.033170117 -3.0825011e-23)
(0.85673118 0.043465739 9.6962749e-23)
(0.85701823 0.03478882 -4.9925783e-23)
(0.85993875 0.035378549 3.7409621e-23)
(0.85855089 0.02590994 -6.7430826e-23)
(0.85853826 0.024780966 -1.5852586e-22)
(0.8584483 0.023649929 9.0719801e-23)
(0.85845738 0.022472147 -4.3867891e-23)
(0.85844669 0.021238291 4.0421189e-22)
(0.8583076 0.019981723 8.788642e-23)
(0.85803307 0.018758078 -4.4005171e-22)
(0.85788942 0.017524657 0)
(0.85808472 0.016107459 -8.3870385e-23)
(0.85844759 0.014413863 -8.6462393e-23)
(0.85859396 0.012526431 6.8639445e-22)
(0.85806215 0.010753006 -1.350967e-21)
(0.8564639 0.0095530021 3.3868452e-22)
(0.85439535 0.0078525668 -3.1792552e-22)
(0.85584094 0.026424329 4.3291541e-23)
(0.85567138 0.02543784 1.2714897e-22)
(0.85546739 0.02447966 -8.355825e-23)
(0.85525012 0.023494785 -2.4802021e-22)
(0.85499641 0.022469958 3.2896845e-22)
(0.8547 0.021420135 -1.6705119e-22)
(0.85437596 0.020398071 8.4587193e-23)
(0.85404537 0.019425248 -5.6492694e-22)
(0.85366464 0.018405614 8.3411227e-23)
(0.85318036 0.017240316 6.3264519e-22)
(0.85254744 0.01590888 -5.4698419e-22)
(0.85174633 0.014535612 1.2330996e-21)
(0.85078682 0.013534535 -4.4659084e-22)
(0.84959104 0.013910197 9.200102e-24)
(0.85670471 0.043330455 3.9642396e-23)
(0.85670722 0.043311171 7.899833e-23)
(0.85670374 0.043299898 -2.7526674e-22)
(0.85670057 0.043290122 4.6947755e-22)
(0.85669698 0.043282058 -3.890274e-22)
(0.85669267 0.043276255 -2.3183199e-22)
(0.8566881 0.043273423 -3.836242e-22)
(0.85668433 0.043273474 -7.6164125e-23)
(0.85668136 0.043275795 5.2797115e-22)
(0.85667826 0.043281092 0)
(0.85667384 0.043292581 -6.8375067e-26)
(0.85666612 0.04331782 -7.2883357e-23)
(0.8566528 0.043371329 0)
(0.85664037 0.043461536 1.4138666e-22)
(0.85671541 0.04364009 -7.4906896e-23)
(0.85671507 0.043637197 3.7316487e-23)
(0.85671462 0.043634937 3.716623e-23)
(0.85671414 0.043632768 -3.6988689e-23)
(0.85671361 0.043630714 -2.2068562e-22)
(0.85671302 0.043628919 5.8490198e-22)
(0.85671242 0.043627574 -2.1780914e-22)
(0.85671183 0.043626597 -6.4847723e-22)
(0.8567112 0.043625683 1.2860932e-21)
(0.85671043 0.043624668 -5.6627426e-22)
(0.85670946 0.043623633 -7.0057081e-23)
(0.85670833 0.043623176 6.9212416e-22)
(0.85670733 0.043625866 -5.4625089e-22)
(0.85670674 0.043636888 0)
(0.85671778 0.043698768 1.7744784e-23)
(0.85671777 0.04369875 -1.7684126e-23)
(0.85671777 0.043698745 -1.0568245e-22)
(0.85671777 0.043698744 4.2081393e-22)
(0.85671776 0.043698746 -3.4888105e-23)
(0.85671776 0.043698754 -5.2029295e-22)
(0.85671776 0.043698767 3.4460495e-22)
(0.85671776 0.043698784 -4.7897957e-22)
(0.85671775 0.043698805 4.7520254e-22)
(0.85671775 0.04369883 0)
(0.85671775 0.043698865 5.3306083e-22)
(0.85671775 0.04369892 -5.9303359e-22)
(0.85671775 0.043699017 0)
(0.85671777 0.043699162 -1.2826175e-22)
(0.85671779 0.043699262 1.6861717e-23)
(0.85671779 0.043699262 -5.0419779e-23)
(0.85671779 0.043699262 -3.348584e-23)
(0.85671779 0.043699262 2.6673335e-22)
(0.85671779 0.043699262 -2.9861708e-22)
(0.85671779 0.043699262 -2.9698315e-22)
(0.85671779 0.043699262 7.2149949e-22)
(0.85671779 0.043699262 -9.771923e-22)
(0.85671779 0.043699263 5.172952e-22)
(0.85671779 0.043699263 -6.4130455e-23)
(0.85671779 0.043699264 0)
(0.85671779 0.043699265 5.030242e-22)
(0.85671779 0.043699267 -4.9711362e-22)
(0.85671779 0.043699271 1.226093e-22)
(0.85671779 0.043699275 0)
(0.85671779 0.043699275 9.6072462e-23)
(0.85671779 0.043699275 -1.9144977e-22)
(0.85671779 0.043699275 1.271099e-22)
(0.85671779 0.043699275 -1.897848e-22)
(0.85671779 0.043699275 1.0681756e-34)
(0.85671779 0.043699275 2.1898701e-22)
(0.85671779 0.043699275 -5.5949964e-22)
(0.85671779 0.043699275 3.8587474e-34)
(0.85671779 0.043699275 5.5126484e-22)
(0.85671779 0.043699275 0)
(0.85671779 0.043699275 0)
(0.85671779 0.043699275 -1.0109004e-21)
(0.85671779 0.043699275 -8.2203817e-22)
(0.85671779 0.043699275 -1.5335464e-23)
(0.85671779 0.043699275 0)
(0.85671779 0.043699275 -3.0472703e-23)
(0.85671779 0.043699275 0)
(0.85671779 0.043699275 -3.0220083e-23)
(0.85671779 0.043699275 3.0071188e-23)
(0.85671779 0.043699275 2.9905486e-23)
(0.85671779 0.043699275 -4.4585792e-22)
(0.85671779 0.043699275 3.541373e-34)
(0.85671779 0.043699275 4.1034139e-22)
(0.85671779 0.043699275 0)
(0.85671779 0.043699275 -5.184629e-22)
(0.85671779 0.043699275 1.4252743e-21)
(0.85671779 0.043699275 -9.5776253e-22)
(0.85671779 0.043699275 -1.4671464e-23)
(0.85671779 0.043699275 -5.8515752e-23)
(0.85671779 0.043699275 8.7482182e-23)
(0.85671779 0.043699275 -2.9051615e-23)
(0.85671779 0.043699275 0)
(0.85671779 0.043699275 -2.8794165e-22)
(0.85671779 0.043699275 2.291476e-22)
(0.85671779 0.043699275 -2.847834e-23)
(0.85671779 0.043699275 0)
(0.85671779 0.043699275 5.6205535e-23)
(0.85671779 0.043699275 4.461765e-22)
(0.85671779 0.043699275 1.1057908e-22)
(0.85671779 0.043699275 -4.3801358e-22)
(0.85671779 0.043699275 -9.2048297e-22)
(0.85671779 0.043699275 0)
(0.85671779 0.043699275 5.6093064e-23)
(0.85671779 0.043699275 6.9892651e-23)
(0.85671779 0.043699275 -8.3570519e-23)
(0.85671779 0.043699275 2.0808927e-22)
(0.85671779 0.043699275 -1.9334829e-22)
(0.85671779 0.043699275 0)
(0.85671779 0.043699275 0)
(0.85671779 0.043699275 0)
(0.85671779 0.043699275 2.6990965e-23)
(0.85671779 0.043699275 -2.6794225e-23)
(0.85671779 0.043699275 -4.7836204e-22)
(0.85671779 0.043699275 1.2639518e-21)
(0.85671779 0.043699275 -1.6677587e-21)
(0.85671779 0.043699275 -3.3755543e-23)
(0.85671779 0.043699275 5.3863011e-23)
(0.85671779 0.043699275 -1.6109293e-22)
(0.85671779 0.043699275 1.0702582e-22)
(0.85671779 0.043699275 1.332692e-23)
(0.85671779 0.043699275 -2.1232025e-22)
(0.85671779 0.043699275 2.1131249e-22)
(0.85671779 0.043699275 1.3138115e-23)
(0.85671779 0.043699275 0)
(0.85671779 0.043699275 3.6349299e-22)
(0.85671779 0.043699275 2.5784691e-23)
(0.85671779 0.043699275 -8.1875771e-22)
(0.85671779 0.043699275 4.0584711e-22)
(0.85671779 0.043699275 8.2888367e-22)
(0.85671779 0.043699275 1.9477205e-23)
(0.85671779 0.043699275 -1.2950874e-23)
(0.85671779 0.043699275 -1.2912548e-23)
(0.85671779 0.043699275 -2.0591761e-22)
(0.85671779 0.043699275 4.1032092e-22)
(0.85671779 0.043699275 1.2770163e-23)
(0.85671779 0.043699275 2.0339704e-22)
(0.85671779 0.043699275 -4.1741917e-22)
(0.85671779 0.043699275 0)
(0.85671779 0.043699275 3.751788e-23)
(0.85671779 0.043699275 1.2424234e-23)
(0.85671779 0.043699275 4.0701749e-22)
(0.85671779 0.043699275 -3.9147279e-22)
(0.85671779 0.043699275 -8.2423624e-22)
(0.85671779 0.043699275 -1.2505581e-23)
(0.85671779 0.043699275 3.4303277e-23)
(0.85671779 0.043699275 4.9753141e-23)
(0.85671779 0.043699275 -9.9189567e-23)
(0.85671779 0.043699275 0)
(0.85671779 0.043699275 -2.0921221e-22)
(0.85671779 0.043699275 2.0217985e-22)
(0.85671779 0.043699275 6.0975591e-24)
(0.85671779 0.043699275 3.8822607e-22)
(0.85671779 0.043699275 -3.9810177e-22)
(0.85671779 0.043699275 3.7165666e-22)
(0.85671779 0.043699275 -3.8100685e-22)
(0.85671779 0.043699275 0)
(0.85671779 0.043699275 3.5138651e-23)
(0.85671779 0.043699275 -1.2060472e-23)
(0.85671779 0.043699275 6.3161945e-23)
(0.85671779 0.043699275 -4.7990507e-23)
(0.85671779 0.043699275 -1.9137312e-22)
(0.85671779 0.043699275 3.8144723e-22)
(0.85671779 0.043699275 -1.9000823e-22)
(0.85671779 0.043699275 3.7252918e-22)
(0.85671779 0.043699275 -3.8261029e-22)
(0.85671779 0.043699275 0)
(0.85671779 0.043699275 0)
(0.85671779 0.043699275 3.7065878e-22)
(0.85671779 0.043699275 -1.1507694e-23)
(0.85671779 0.043699275 -3.6557675e-22)
(0.85671779 0.043699275 -7.365312e-22)
(0.85671779 0.043699275 1.0990992e-21)
(0.85671779 0.043699275 -1.9198735e-21)
(0.85671779 0.043699275 -1.6688752e-21)
(0.85671779 0.043699275 1.8447825e-21)
(0.85671779 0.043699275 -2.0206223e-22)
(0.85671779 0.043699275 0)
(0.85671779 0.043699275 4.0119923e-22)
(0.85671779 0.043699275 -3.1111797e-24)
(0.85671779 0.043699275 -9.9893417e-22)
(0.85671779 0.043699275 2.0069155e-21)
(0.85671779 0.043699275 6.3384182e-35)
(0.85671779 0.043699275 1.4305075e-21)
(0.85671779 0.043699275 -2.0828298e-22)
(0.85671779 0.043699275 1.2820301e-21)
(0.85671779 0.043699275 1.40497e-21)
(0.85671779 0.043699275 -2.2733739e-22)
(0.85671779 0.043699275 -1.5566721e-21)
(0.85671779 0.043699275 -1.7474717e-21)
(0.85671779 0.043699275 -2.1526165e-22)
(0.85671779 0.043699275 0)
(0.85671779 0.043699275 -8.4803346e-22)
(0.85671779 0.043699275 -7.4227745e-22)
(0.85671779 0.043699275 -3.1926053e-22)
(0.85671779 0.043699275 2.1393841e-22)
(0.85671779 0.043699275 0)
(0.85671779 0.043699275 -1.5253435e-21)
(0.85671779 0.043699275 -1.9978861e-21)
(0.85671779 0.043699275 0)
(0.85671779 0.043699275 2.5050554e-22)
(0.85671779 0.043699275 -2.4332746e-22)
(0.85671779 0.043699275 3.5715164e-21)
(0.85671779 0.043699275 2.3378354e-21)
(0.85671779 0.043699275 -2.3030605e-22)
(0.85671779 0.043699275 0)
(0.85671779 0.043699275 6.8033537e-22)
(0.85671779 0.043699275 5.6712164e-22)
(0.85671779 0.043699275 -1.1385944e-22)
(0.85671779 0.043699275 4.581152e-22)
(0.85671779 0.043699275 -2.3078298e-22)
(0.85671779 0.043699275 2.333781e-22)
(0.85671779 0.043699275 -2.3762214e-22)
(0.85671779 0.043699275 -7.3056185e-22)
(0.85671779 0.043699275 -1.0772085e-21)
(0.85671779 0.043699275 1.0469484e-21)
(0.85671779 0.043699275 -1.7934825e-21)
(0.85671779 0.043699275 -2.2630808e-21)
(0.85671779 0.043699275 0)
(0.85671779 0.043699275 1.2249881e-22)
(0.85671779 0.043699275 -3.6183222e-22)
(0.85671779 0.043699275 -4.9146808e-22)
(0.85671779 0.043699275 0)
(0.85671779 0.043699275 2.4647627e-22)
(0.85671779 0.043699275 7.4540941e-22)
(0.85671779 0.043699275 2.2609348e-21)
(0.85671779 0.043699275 -2.5562615e-22)
(0.85671779 0.043699275 7.8542174e-22)
(0.85671779 0.043699275 -2.9114831e-22)
(0.85671779 0.043699275 -1.1326416e-21)
(0.85671779 0.043699275 1.6638264e-21)
(0.85671779 0.043699275 -2.7201275e-22)
(0.85671779 0.043699275 0)
(0.85671779 0.043699275 0)
(0.85671779 0.043699275 -4.1170646e-24)
(0.85671779 0.043699275 3.9945416e-22)
(0.85671779 0.043699275 3.97096e-22)
(0.85671779 0.043699275 2.6676218e-22)
(0.85671779 0.043699275 -1.3454631e-21)
(0.85671779 0.043699275 -8.1601204e-22)
(0.85671779 0.043699275 1.1063282e-21)
(0.85671779 0.043699275 -6.178417e-35)
(0.85671779 0.043699275 -3.4808252e-34)
(0.85671779 0.043699275 -3.0840334e-22)
(0.85671779 0.043699275 -2.4174516e-21)
(0.85671779 0.043699275 0)
(0.85671779 0.043699275 0)
(0.85671779 0.043699275 0)
(0.85671779 0.043699275 0)
(0.85671779 0.043699275 0)
(0.85671779 0.043699275 2.8814736e-22)
(0.85671779 0.043699275 -2.9068678e-22)
(0.85671779 0.043699275 -1.1737946e-21)
(0.85671779 0.043699275 1.1861769e-21)
(0.85671779 0.043699275 -2.4102452e-21)
(0.85671779 0.043699275 -3.0807575e-22)
(0.85671779 0.043699275 3.4753314e-22)
(0.85671779 0.043699275 -3.3858746e-22)
(0.85671779 0.043699275 1.6598092e-21)
(0.85671779 0.043699275 -3.2518895e-22)
(0.85671779 0.043699275 3.1967222e-22)
(0.85671779 0.043699275 1.5803859e-22)
(0.85671779 0.043699275 3.1438934e-22)
(0.85671779 0.043699275 1.5722011e-22)
(0.85671779 0.043699275 5.1379179e-32)
(0.85671779 0.043699275 0)
(0.85671779 0.043699275 2.5812197e-21)
(0.85671779 0.043699275 -1.3038063e-21)
(0.85671779 0.043699275 1.3232917e-21)
(0.85671779 0.043699275 1.3517485e-21)
(0.85671779 0.043699275 3.8479337e-22)
(0.85671779 0.043699275 2.5378919e-33)
(0.85671779 0.043699275 3.6825375e-22)
(0.85671779 0.043699275 7.2083662e-22)
(0.85671779 0.043699275 0)
(0.85671779 0.043699275 -8.7479216e-22)
(0.85671779 0.043699275 -1.7399993e-22)
(0.85671779 0.043699275 -3.4803647e-22)
(0.85671779 0.043699275 -7.0015972e-22)
(0.85671779 0.043699275 2.0429705e-32)
(0.85671779 0.043699275 -1.4332455e-21)
(0.85671779 0.043699275 1.0855003e-21)
(0.85671779 0.043699275 -3.6678861e-22)
(0.85671779 0.043699275 -3.7420865e-22)
(0.85671779 0.043699277 8.620053e-22)
(0.85671779 0.043699279 1.1330798e-29)
(0.85671778 0.043699285 -4.1345493e-22)
(0.85671777 0.04369929 -1.2126247e-21)
(0.85671775 0.043699294 3.966236e-22)
(0.85671773 0.043699292 -1.9593559e-22)
(0.85671772 0.043699283 3.8965707e-22)
(0.85671772 0.043699267 1.9483535e-22)
(0.85671773 0.043699256 -3.9223171e-22)
(0.85671775 0.043699254 3.9768645e-22)
(0.85671777 0.043699259 4.0283153e-22)
(0.85671778 0.043699264 -4.065926e-22)
(0.85671779 0.04369927 4.1152827e-22)
(0.85671779 0.043699272 1.2576078e-21)
(0.85671778 0.043699324 1.6258011e-28)
(0.85671786 0.043699202 -9.5865077e-22)
(0.8567181 0.043698963 0)
(0.85671863 0.043698675 -9.2021855e-22)
(0.85671934 0.043698526 0)
(0.85672001 0.043698618 -2.2262824e-22)
(0.85672041 0.043698939 4.4955788e-22)
(0.85672054 0.043699588 1.0373994e-22)
(0.85672019 0.043700028 -2.2296187e-22)
(0.85671934 0.043700094 4.5330594e-22)
(0.85671857 0.043699884 -4.4388869e-29)
(0.85671811 0.043699624 4.6398877e-22)
(0.85671789 0.043699417 -4.6869855e-22)
(0.85671781 0.043699297 -1.905981e-21)
(0.85670504 0.043735421 5.6731347e-22)
(0.85669502 0.043740492 -5.5650632e-22)
(0.85667319 0.043752119 -1.1717778e-25)
(0.85664205 0.043759127 1.0679194e-21)
(0.85660807 0.043756427 5.2236872e-22)
(0.85658061 0.043743085 -2.5774362e-22)
(0.85656571 0.043720168 -5.1231439e-22)
(0.85656048 0.043681397 -1.2805522e-22)
(0.85657535 0.04365072 2.5832479e-22)
(0.85661321 0.04363766 0)
(0.85665071 0.043639633 -1.0722357e-21)
(0.85667626 0.043646266 1.6208754e-21)
(0.85669371 0.04365409 1.0887279e-21)
(0.85670336 0.043658947 -2.7600519e-22)
(0.85664391 0.043916784 -2.0214129e-21)
(0.85669908 0.043842036 1.989397e-21)
(0.85686879 0.04364188 1.3090877e-21)
(0.85722546 0.043390964 -1.2723831e-21)
(0.85760738 0.043301586 6.2086066e-22)
(0.85789442 0.043361498 -1.3386003e-24)
(0.85806785 0.043520239 2.945581e-22)
(0.85813906 0.043854733 9.498961e-24)
(0.85799014 0.044091963 -9.1974079e-22)
(0.85757091 0.044133567 1.5727138e-21)
(0.85712368 0.043974273 -2.518703e-25)
(0.85684546 0.043771984 -6.4650938e-22)
(0.85671807 0.043618761 -3.2451086e-22)
(0.85665492 0.043544372 5.1032908e-26)
(0.84860653 0.066147595 -1.0479697e-21)
(0.84285442 0.070378432 8.2152669e-22)
(0.83327057 0.07407479 0)
(0.8196534 0.074129996 7.8747797e-22)
(0.80828633 0.068752526 -1.6909304e-24)
(0.80030769 0.060516623 -1.1369338e-21)
(0.7967837 0.050964266 -2.224151e-22)
(0.79588577 0.039464789 -1.1142999e-22)
(0.80015508 0.025268911 3.8181079e-22)
(0.81262261 0.014483435 -3.9312137e-22)
(0.82550187 0.010634077 3.5371614e-22)
(0.8355946 0.011577558 -1.6127499e-21)
(0.84250631 0.013930794 2.0123871e-21)
(0.84717213 0.016551114 -1.2129558e-21)
(0.86492728 0.088107804 1.2585381e-21)
(0.8639443 0.10638735 -1.1054562e-21)
(0.85360247 0.12184315 -1.1586115e-21)
(0.82973217 0.12333762 2.2222653e-22)
(0.80447388 0.10611381 2.1299738e-21)
(0.78748712 0.08434062 -6.4286584e-22)
(0.77761918 0.06184537 -2.2599691e-22)
(0.77625503 0.033626099 1.4748402e-22)
(0.78918932 -0.0030274832 2.658773e-22)
(0.81114223 -0.032615271 0)
(0.83444758 -0.039010364 -5.9416441e-22)
(0.84931137 -0.029723717 1.1449967e-21)
(0.85630332 -0.014998312 0)
(0.85555659 -0.00062653983 0)
(0.85671779 0.043699275 1.1653138e-23)
(0.85671779 0.043699275 -7.8144006e-22)
(0.85671779 0.043699275 -2.4830614e-23)
(0.85671779 0.043699275 2.5670084e-23)
(0.85671779 0.043699275 -8.5018566e-22)
(0.85671779 0.043699275 1.7620019e-21)
(0.85671779 0.043699275 -5.7132543e-23)
(0.85671779 0.043699275 1.0091917e-21)
(0.85671779 0.04369928 -1.9768742e-21)
(0.85671775 0.043699491 1.0303187e-21)
(0.85670835 0.043752146 -2.1518156e-21)
(0.85664693 0.04397953 -1.4081582e-22)
(0.85160529 0.065428604 -6.0492781e-24)
(0.863875 0.075159781 1.2625662e-21)
(0.85671779 0.043699275 -1.1751902e-23)
(0.85671779 0.043699275 -3.5179205e-22)
(0.85671779 0.043699275 -4.2618523e-22)
(0.85671779 0.043699275 0)
(0.85671779 0.043699275 1.7727062e-21)
(0.85671779 0.043699275 -1.3926575e-21)
(0.85671779 0.043699275 5.2061631e-22)
(0.85671779 0.043699275 -4.2109644e-22)
(0.85671779 0.043699283 1.3785033e-21)
(0.85671774 0.043699629 -5.884121e-22)
(0.85670967 0.043757757 1.1618805e-21)
(0.8566701 0.044024934 -1.4329903e-22)
(0.85307443 0.063653429 3.0597065e-22)
(0.8634111 0.069458431 -1.2994226e-21)
(0.85671779 0.043699275 -3.6701789e-22)
(0.85671779 0.043699275 -4.0346768e-22)
(0.85671779 0.043699275 -1.5492008e-34)
(0.85671779 0.043699275 4.1860865e-22)
(0.85671779 0.043699275 -1.3013402e-21)
(0.85671779 0.043699275 1.0353848e-34)
(0.85671779 0.043699275 -9.9381071e-22)
(0.85671779 0.043699275 -4.8668225e-22)
(0.85671779 0.043699285 -9.511828e-22)
(0.85671775 0.043699691 -5.2973648e-22)
(0.85671109 0.043755772 0)
(0.8566868 0.044031918 5.8123676e-22)
(0.85402194 0.061337988 7.8630609e-23)
(0.86254828 0.065683811 5.7485709e-22)
(0.85671779 0.043699275 3.8138529e-22)
(0.85671779 0.043699275 7.7568012e-22)
(0.85671779 0.043699275 8.276729e-22)
(0.85671779 0.043699275 -3.9552876e-22)
(0.85671779 0.043699275 1.1702815e-35)
(0.85671779 0.043699275 4.8242947e-22)
(0.85671779 0.043699275 3.5402842e-22)
(0.85671779 0.043699275 -4.3006476e-22)
(0.85671779 0.043699285 5.1263661e-22)
(0.85671775 0.043699705 0)
(0.85671232 0.043751797 0)
(0.85669509 0.044016568 -1.1772965e-21)
(0.85463273 0.059200964 0)
(0.86157506 0.06255611 -6.6765513e-22)
(0.85671779 0.043699275 -5.9952375e-24)
(0.85671779 0.043699275 1.8586213e-23)
(0.85671779 0.043699275 -4.2302036e-22)
(0.85671779 0.043699275 2.6554825e-23)
(0.85671779 0.043699275 4.1310178e-22)
(0.85671779 0.043699275 0)
(0.85671779 0.043699275 4.1646696e-22)
(0.85671779 0.043699275 1.0536403e-21)
(0.85671779 0.043699285 5.1742437e-22)
(0.85671776 0.0436997 5.4098244e-22)
(0.85671324 0.043747983 5.6678885e-22)
(0.85670012 0.043994346 5.9526758e-22)
(0.85506772 0.05738866 0)
(0.8608045 0.059983738 -6.7015316e-22)
(0.85671779 0.043699275 0)
(0.85671779 0.043699275 -1.2462777e-23)
(0.85671779 0.043699275 -3.740137e-22)
(0.85671779 0.043699275 -4.810545e-22)
(0.85671779 0.043699275 -8.9453281e-36)
(0.85671779 0.043699275 5.7610114e-23)
(0.85671779 0.043699275 -5.0951152e-22)
(0.85671779 0.043699275 -9.3707529e-22)
(0.85671779 0.043699285 -6.5222969e-22)
(0.85671776 0.043699688 -1.0234065e-21)
(0.85671398 0.0437444 -5.7217153e-22)
(0.8567044 0.043970193 -7.5191081e-23)
(0.85540893 0.055790078 -4.737514e-22)
(0.86025653 0.05781814 5.9707142e-22)
(0.85671779 0.043699275 0)
(0.85671779 0.043699275 0)
(0.85671779 0.043699275 8.3000304e-22)
(0.85671779 0.043699275 4.3009974e-22)
(0.85671779 0.043699275 0)
(0.85671779 0.043699275 -4.3485989e-22)
(0.85671779 0.043699275 -5.4314263e-22)
(0.85671779 0.043699275 5.3480875e-22)
(0.85671779 0.043699285 -4.6001396e-22)
(0.85671776 0.043699672 4.8141462e-22)
(0.85671459 0.043740923 6.4916708e-22)
(0.85670816 0.043945828 -7.5829594e-23)
(0.85568007 0.054366866 7.210294e-22)
(0.85990958 0.055974721 -8.4194149e-23)
(0.85671779 0.043699275 -1.8870572e-22)
(0.85671779 0.043699275 1.9514662e-22)
(0.85671779 0.043699275 -2.0856025e-22)
(0.85671779 0.043699275 -2.1620038e-22)
(0.85671779 0.043699275 -2.2442154e-22)
(0.85671779 0.043699275 6.9987796e-22)
(0.85671779 0.043699275 2.4289396e-22)
(0.85671779 0.043699275 0)
(0.85671779 0.043699285 4.6318984e-22)
(0.85671777 0.043699652 1.3855225e-22)
(0.85671512 0.043737482 -5.8149408e-22)
(0.85671182 0.043920311 -7.6453433e-23)
(0.85590889 0.053025314 0)
(0.85973014 0.054314017 0)
(0.85671779 0.043699275 2.0174039e-22)
(0.85671779 0.043699275 -4.1100571e-22)
(0.85671779 0.043699275 -1.9643697e-22)
(0.85671779 0.043699275 2.0367589e-22)
(0.85671779 0.043699275 -2.8195835e-23)
(0.85671779 0.043699275 -2.052229e-22)
(0.85671779 0.043699275 2.4425783e-22)
(0.85671779 0.043699275 -2.5481522e-22)
(0.85671779 0.043699285 -3.329081e-23)
(0.85671777 0.043699627 3.4865698e-23)
(0.8567156 0.043733966 0)
(0.85671503 0.043893885 -7.704528e-23)
(0.85609867 0.051760369 4.0640431e-22)
(0.85956812 0.052777055 0)
(0.85671779 0.043699275 -6.1373945e-24)
(0.85671779 0.043699275 2.0951902e-22)
(0.85671779 0.043699275 -1.3151699e-23)
(0.85671779 0.043699275 1.363888e-23)
(0.85671779 0.043699275 4.5323334e-22)
(0.85671779 0.043699275 0)
(0.85671779 0.043699275 2.455049e-22)
(0.85671779 0.043699275 1.2360813e-34)
(0.85671779 0.043699288 2.6782805e-22)
(0.85671777 0.043699599 3.5073089e-23)
(0.85671599 0.043730474 2.9461714e-22)
(0.85671763 0.043866524 -7.7542171e-23)
(0.85625818 0.050550029 -2.8653629e-22)
(0.85945414 0.051339532 8.7312796e-23)
(0.85671779 0.043699275 0)
(0.85671779 0.043699275 -6.3728436e-24)
(0.85671779 0.043699275 6.6014716e-24)
(0.85671779 0.043699275 -1.0955383e-22)
(0.85671779 0.043699275 -2.2757582e-22)
(0.85671779 0.043699275 -2.9590607e-23)
(0.85671779 0.043699275 -2.1581028e-22)
(0.85671779 0.043699275 2.5742275e-22)
(0.85671779 0.043699284 -1.0094663e-22)
(0.85671778 0.043699581 -7.0521739e-23)
(0.85671634 0.043727102 -2.5924493e-22)
(0.85671931 0.043838058 1.5599643e-22)
(0.85639389 0.049387124 1.647388e-22)
(0.85937399 0.049976625 0)
(0.85671779 0.043699275 0)
(0.85671779 0.043699275 0)
(0.85671779 0.043699275 0)
(0.85671779 0.043699275 1.0359486e-34)
(0.85671779 0.043699275 1.4278037e-23)
(0.85671779 0.043699275 1.4854445e-23)
(0.85671779 0.043699275 -3.0958703e-23)
(0.85671779 0.043699275 0)
(0.85671779 0.043699282 -1.3521111e-22)
(0.85671778 0.043699551 -1.4172082e-22)
(0.85671658 0.043724054 3.7224295e-23)
(0.85671845 0.043808116 -3.9207188e-23)
(0.85651173 0.048266943 -1.6568148e-22)
(0.85930737 0.048669184 0)
(0.85671779 0.043699275 2.4793435e-23)
(0.85671779 0.043699275 0)
(0.85671779 0.043699275 -1.3292327e-23)
(0.85671779 0.043699275 1.2411431e-22)
(0.85671779 0.043699275 2.8654844e-23)
(0.85671779 0.043699275 0)
(0.85671779 0.043699275 6.2149359e-23)
(0.85671779 0.043699275 -6.4889233e-23)
(0.85671779 0.043699283 6.7881824e-23)
(0.85671778 0.043699576 1.0674568e-22)
(0.85671692 0.043723297 -3.7391491e-23)
(0.85672878 0.043776716 -1.5757651e-22)
(0.85660135 0.047144353 1.2505575e-22)
(0.85922533 0.047410948 -4.4010754e-23)
(0.85671779 0.043699275 -3.4183746e-23)
(0.85671779 0.043699275 -3.2162298e-24)
(0.85671779 0.043699275 -5.8460883e-36)
(0.85671779 0.043699275 -2.7663624e-23)
(0.85671779 0.043699275 2.3675515e-35)
(0.85671779 0.043699275 -2.9911708e-23)
(0.85671779 0.043699275 -1.5589285e-23)
(0.85671779 0.043699275 -3.2557491e-23)
(0.85671779 0.043699283 3.4064026e-23)
(0.85671779 0.043699458 0)
(0.85671751 0.043714505 0)
(0.85673998 0.043751477 0)
(0.85666364 0.046071377 -6.2707312e-23)
(0.85919769 0.046199839 4.4506994e-23)
(0.85671779 0.043699275 -1.4766885e-22)
(0.85671779 0.043699275 -1.7932602e-22)
(0.85671779 0.043699275 9.0750469e-23)
(0.85671779 0.043699275 -5.5210709e-36)
(0.85671779 0.043699275 6.2004323e-23)
(0.85671779 0.043699275 0)
(0.85671779 0.043699275 2.1195006e-23)
(0.85671779 0.043699275 5.6180525e-34)
(0.85671779 0.043699277 -3.2624208e-23)
(0.85671779 0.043699333 3.3056591e-23)
(0.85671788 0.043703405 -4.4667587e-23)
(0.85673349 0.043721451 2.2637841e-23)
(0.85677785 0.044544403 5.7404999e-23)
(0.85917534 0.044383543 -6.9777932e-23)
(0.85671779 0.043699275 -3.9834478e-23)
(0.85671779 0.043699275 6.0473069e-23)
(0.85671779 0.043699275 0)
(0.85671779 0.043699275 4.1312879e-23)
(0.85671779 0.043699275 -1.0457593e-22)
(0.85671779 0.043699275 8.4721984e-23)
(0.85671779 0.043699275 -2.1452624e-23)
(0.85671779 0.043699275 2.1731835e-23)
(0.85671779 0.043699275 -2.2018411e-23)
(0.85671779 0.043699267 -1.0255157e-31)
(0.85671803 0.043696963 2.2614853e-23)
(0.85672973 0.043642156 -2.2922771e-23)
(0.85687858 0.042547015 6.9623917e-23)
(0.85910156 0.042410739 -7.0534918e-23)
(0.85671779 0.043699275 8.0525505e-23)
(0.85671779 0.043699275 -2.0376003e-22)
(0.85671779 0.043699275 2.0626648e-22)
(0.85671779 0.043699275 -1.670683e-22)
(0.85671779 0.043699275 8.4587619e-23)
(0.85671779 0.043699275 8.5668002e-23)
(0.85671779 0.043699275 -4.3388169e-23)
(0.85671779 0.043699275 -8.791373e-23)
(0.85671779 0.043699272 1.2072756e-32)
(0.85671779 0.043699054 0)
(0.85671812 0.043689762 -4.5756006e-23)
(0.85673196 0.043545965 -5.7981216e-23)
(0.85692498 0.040539509 1.1759883e-23)
(0.85904091 0.040389385 1.4038822e-25)
(0.85671779 0.043699275 -4.0662692e-23)
(0.85671779 0.043699275 0)
(0.85671779 0.043699275 -4.1668724e-23)
(0.85671779 0.043699275 -4.2190641e-23)
(0.85671779 0.043699275 1.281774e-22)
(0.85671779 0.043699275 -8.6549414e-23)
(0.85671779 0.043699275 0)
(0.85671779 0.043699275 1.3324785e-22)
(0.85671779 0.043699268 -4.2101116e-33)
(0.85671779 0.0436988 -2.2809483e-23)
(0.85671808 0.043680874 5.7807128e-23)
(0.8567328 0.043434583 5.8609984e-23)
(0.8569318 0.038531543 9.5050654e-23)
(0.85895063 0.038358388 -9.5694541e-23)
)
;

boundaryField
{
    Side
    {
        type            empty;
    }
    Inlet
    {
        type            inletOutlet;
        inletValue      uniform (0.85671779 0.043699275 0);
        value           nonuniform List<vector> 
49
(
(0.85671779 0.043699275 0)
(0.85671779 0.043699275 0)
(0.85671779 0.043699275 0)
(0.85671779 0.043699275 0)
(0.85671779 0.043699275 0)
(0.85671779 0.043699275 0)
(0.85671779 0.043699275 0)
(0.85671779 0.043699275 0)
(0.85671779 0.043699275 0)
(0.85671779 0.043699275 0)
(0.85671779 0.043699275 0)
(0.85671779 0.043699275 0)
(0.85671779 0.043699275 0)
(0.85671779 0.043699275 0)
(0.85671779 0.043699275 0)
(0.85671779 0.043699275 0)
(0.85671779 0.043699275 0)
(0.85671779 0.043699275 0)
(0.85671779 0.043699275 0)
(0.85671779 0.043699275 4.944473e-22)
(0.85671779 0.043699275 -4.9444741e-22)
(0.85671779 0.043699275 0)
(0.85671779 0.043699275 0)
(0.85671779 0.043699275 0)
(0.85671779 0.043699275 0)
(0.85671779 0.043699275 1.2361199e-22)
(0.85671779 0.043699275 -1.2361202e-22)
(0.85671779 0.043699275 0)
(0.85671779 0.043699275 0)
(0.85671779 0.043699275 0)
(0.85671779 0.043699275 -6.6682868e-25)
(0.85671779 0.043699275 0)
(0.85671779 0.043699275 0)
(0.85671779 0.043699275 0)
(0.85671779 0.043699275 0)
(0.85671779 0.043699275 0)
(0.85671779 0.043699275 0)
(0.85671779 0.043699275 0)
(0.85671779 0.043699275 0)
(0.85671779 0.043699275 0)
(0.85671779 0.043699275 0)
(0.85671779 0.043699275 0)
(0.85671779 0.043699275 0)
(0.85671779 0.043699275 0)
(0.85671779 0.043699275 0)
(0.85671779 0.043699275 0)
(0.85671779 0.043699275 0)
(0.85671779 0.043699275 0)
(0.85671779 0.043699275 0)
)
;
    }
    Airfoil
    {
        type            noSlip;
    }
    Outlet
    {
        type            zeroGradient;
    }
    Flap
    {
        type            noSlip;
    }
    procBoundary0to1
    {
        type            processor;
        value           nonuniform List<vector> 
58
(
(0.85671779 0.043699275 0)
(0.85671779 0.043699275 0)
(0.85671779 0.043699275 0)
(0.85671779 0.043699275 0)
(0.85671779 0.043699275 0)
(0.85671779 0.043699275 0)
(0.85671779 0.043699275 0)
(0.85671779 0.043699275 0)
(0.85671779 0.043699275 0)
(0.85671779 0.043699275 5.3279976e-24)
(0.85671779 0.043699275 -5.3279947e-24)
(0.85671779 0.043699275 0)
(0.85671779 0.043699275 0)
(0.85671779 0.043699275 0)
(0.85671779 0.043699275 1.0655966e-23)
(0.85671779 0.043699275 0)
(0.85671779 0.043699275 0)
(0.85671779 0.043699275 0)
(0.85671779 0.043699275 2.1252792e-23)
(0.85671779 0.043699275 -2.1252815e-23)
(0.85671779 0.043699275 0)
(0.85671779 0.043699275 0)
(0.85671779 0.043699275 0)
(0.85671779 0.043699275 0)
(0.85671779 0.043699275 0)
(0.85671779 0.043699275 -5.3132333e-24)
(0.85671779 0.043699275 5.3132279e-24)
(0.85671779 0.043699275 0)
(0.85671779 0.043699275 0)
(0.85671779 0.043699275 0)
(0.85671779 0.043699275 0)
(0.85671779 0.043699275 -8.3933081e-23)
(0.85671779 0.043699275 0)
(0.85671779 0.043699275 -1.7302956e-22)
(0.85671779 0.043699275 8.7866121e-23)
(0.85671779 0.043699275 1.7852069e-22)
(0.85671779 0.043699275 -1.8139906e-22)
(0.85671779 0.043699261 0)
(0.85671783 0.043698582 0)
(0.85672042 0.0436448 -3.0854333e-29)
(0.85672042 0.0436448 -3.0854333e-29)
(0.85675068 0.043546272 -9.8456889e-23)
(0.85705793 0.037310246 -2.0043019e-22)
(0.8604895 0.03796482 0)
(0.85671779 0.043699275 -2.4620251e-22)
(0.85671779 0.043699275 1.6614981e-22)
(0.85671779 0.043699275 -3.3642938e-22)
(0.85671779 0.043699275 2.5549731e-22)
(0.85671779 0.043699275 -8.6251175e-23)
(0.85671779 0.043699275 8.7364604e-23)
(0.85671779 0.043699275 0)
(0.85671779 0.043699275 8.9679985e-23)
(0.85671779 0.043699263 0)
(0.85671778 0.043698478 0)
(0.85671791 0.043670686 0)
(0.85673176 0.043307306 -9.4690582e-23)
(0.85690044 0.036532449 9.6004652e-23)
(0.85883679 0.036332368 1.209184e-23)
)
;
    }
}


// ************************************************************************* //
