/*--------------------------------*- C++ -*----------------------------------*\
| =========                 |                                                 |
| \\      /  F ield         | OpenFOAM: The Open Source CFD Toolbox           |
|  \\    /   O peration     | Version:  2206                                  |
|   \\  /    A nd           | Website:  www.openfoam.com                      |
|    \\/     M anipulation  |                                                 |
\*---------------------------------------------------------------------------*/
FoamFile
{
    version     2.0;
    format      ascii;
    arch        "LSB;label=32;scalar=64";
    class       volVectorField;
    location    "0.02";
    object      U;
}
// * * * * * * * * * * * * * * * * * * * * * * * * * * * * * * * * * * * * * //

dimensions      [0 1 -1 0 0 0 0];

internalField   nonuniform List<vector> 
1396
(
(0.85671779 0.043699275 0)
(0.85671779 0.043699275 0)
(0.85671779 0.043699275 1.0118133e-21)
(0.85671779 0.043699275 -1.0118397e-21)
(0.85671779 0.043699275 0)
(0.85671779 0.043699275 0)
(0.85671779 0.043699275 -5.0595947e-22)
(0.85671779 0.043699275 5.0597268e-22)
(0.85671779 0.043699275 -5.0598589e-22)
(0.85671779 0.043699275 5.059991e-22)
(0.85671779 0.043699275 0)
(0.85671779 0.043699275 -5.0602553e-22)
(0.85671779 0.043699272 5.0603874e-22)
(0.85671778 0.043699263 0)
(0.85671779 0.043699275 0)
(0.85671779 0.043699275 1.0367343e-21)
(0.85671779 0.043699275 -2.073524e-21)
(0.85671779 0.043699275 1.0367898e-21)
(0.85671779 0.043699275 -5.1840874e-22)
(0.85671779 0.043699275 1.0368452e-21)
(0.85671779 0.043699275 -5.1843648e-22)
(0.85671779 0.043699275 -5.1845035e-22)
(0.85671779 0.043699275 5.1846422e-22)
(0.85671779 0.043699275 5.184781e-22)
(0.85671779 0.043699275 -5.1849197e-22)
(0.85671779 0.043699275 0)
(0.85671779 0.043699275 0)
(0.85671779 0.043699275 0)
(0.85671779 0.043699275 1.0629149e-21)
(0.85671779 0.043699275 1.062943e-21)
(0.85671779 0.043699275 1.6521906e-34)
(0.85671779 0.043699275 -1.0630013e-21)
(0.85671779 0.043699275 0)
(0.85671779 0.043699275 5.3152979e-22)
(0.85671779 0.043699275 -5.3154438e-22)
(0.85671779 0.043699275 0)
(0.85671779 0.043699275 0)
(0.85671779 0.043699275 0)
(0.85671779 0.043699275 0)
(0.85671779 0.043699275 0)
(0.85671779 0.043699275 -5.3163187e-22)
(0.85671779 0.043699275 5.3164662e-22)
(0.85671779 0.043699275 -8.0642266e-22)
(0.85671779 0.043699275 8.0689114e-22)
(0.85671779 0.043699275 0)
(0.85671779 0.043699275 0)
(0.85671779 0.043699274 8.0830497e-22)
(0.85671779 0.043699265 -1.6175547e-21)
(0.85671776 0.043699212 4.0462512e-22)
(0.85671763 0.043698877 4.0486185e-22)
(0.85671683 0.043696932 0)
(0.85671302 0.043684582 4.0533518e-22)
(0.85668245 0.043628324 -4.0557341e-22)
(0.85649572 0.04326375 2.0289505e-22)
(0.85563334 0.040857489 -2.0296713e-22)
(0.85243215 0.034849873 0)
(0.85671779 0.043699275 0)
(0.85671779 0.043699275 0)
(0.85671779 0.043699275 0)
(0.85671779 0.043699275 0)
(0.85671779 0.043699275 7.6231669e-22)
(0.85671779 0.043699274 -7.6273681e-22)
(0.85671779 0.043699267 0)
(0.85671777 0.043699214 0)
(0.85671765 0.043698873 0)
(0.85671668 0.043696511 0)
(0.85670749 0.043684852 0)
(0.85668048 0.043567807 0)
(0.85639732 0.043165489 0)
(0.85495174 0.04047585 0)
(0.85671779 0.043699275 7.1978031e-22)
(0.85671779 0.043699275 -7.201537e-22)
(0.85671779 0.043699275 1.4410573e-21)
(0.85671779 0.043699275 -7.2090396e-22)
(0.85671779 0.043699275 0)
(0.85671779 0.043699275 0)
(0.85671779 0.043699274 0)
(0.85671779 0.043699268 -3.6120456e-22)
(0.85671776 0.043699182 7.2278637e-22)
(0.85671743 0.043698904 -3.6158201e-22)
(0.85671658 0.043694109 0)
(0.85670595 0.043675876 1.809796e-22)
(0.8566259 0.043585532 -1.8101636e-22)
(0.85620801 0.04293354 0)
(0.85671779 0.043699275 -6.8308485e-22)
(0.85671779 0.043699275 0)
(0.85671779 0.043699275 0)
(0.85671779 0.043699275 0)
(0.85671779 0.043699275 0)
(0.85671779 0.043699275 0)
(0.85671779 0.043699275 3.4255638e-22)
(0.85671779 0.043699273 -3.4272603e-22)
(0.85671778 0.043699265 3.4289585e-22)
(0.85671775 0.04369915 -3.4306583e-22)
(0.85671747 0.043698041 0)
(0.8567135 0.043696265 1.7170306e-22)
(0.85669647 0.04366813 -2.5760192e-22)
(0.85663882 0.043542309 8.584129e-23)
(0.85671779 0.043699275 7.9374801e-36)
(0.85671779 0.043699275 -6.5025425e-22)
(0.85671779 0.043699275 0)
(0.85671779 0.043699275 0)
(0.85671779 0.043699275 0)
(0.85671779 0.043699275 0)
(0.85671779 0.043699275 -3.2589271e-22)
(0.85671779 0.043699275 6.520925e-22)
(0.85671779 0.043699272 -1.3281407e-31)
(0.85671778 0.043699228 -6.5270753e-22)
(0.85671765 0.043699159 3.2650774e-22)
(0.85671697 0.043698354 0)
(0.85671534 0.043692014 -8.1679616e-23)
(0.85670202 0.043668263 8.1655441e-23)
(0.85671779 0.043699275 6.1988003e-22)
(0.85671779 0.043699275 0)
(0.85671779 0.043699275 -6.2043513e-22)
(0.85671779 0.043699275 6.2071339e-22)
(0.85671779 0.043699275 0)
(0.85671779 0.043699275 0)
(0.85671779 0.043699275 0)
(0.85671779 0.043699275 -3.1091445e-22)
(0.85671779 0.043699274 6.221084e-22)
(0.85671779 0.043699268 -1.8788758e-31)
(0.85671776 0.04369926 -1.5566704e-22)
(0.85671773 0.043698953 -3.4912145e-30)
(0.85671733 0.043698361 -1.5576289e-22)
(0.85671487 0.043693453 0)
(0.85671779 0.043699275 0)
(0.85671779 0.043699275 0)
(0.85671779 0.043699275 0)
(0.85671779 0.043699275 0)
(0.85671779 0.043699275 0)
(0.85671779 0.043699275 0)
(0.85671779 0.043699275 0)
(0.85671779 0.043699275 0)
(0.85671779 0.043699275 2.9725261e-22)
(0.85671779 0.043699275 -2.9738034e-22)
(0.85671779 0.043699268 0)
(0.85671778 0.043699234 1.4881807e-22)
(0.85671768 0.043699099 -1.4884161e-22)
(0.85671721 0.04369816 0)
(0.85671779 0.043699275 0)
(0.85671779 0.043699275 0)
(0.85671779 0.043699275 0)
(0.85671779 0.043699275 0)
(0.85671779 0.043699275 5.6831282e-22)
(0.85671779 0.043699275 -5.6854628e-22)
(0.85671779 0.043699275 0)
(0.85671779 0.043699275 0)
(0.85671779 0.043699275 2.8462389e-22)
(0.85671779 0.043699275 -5.7303214e-33)
(0.85671779 0.043699273 -2.848582e-22)
(0.85671779 0.04369927 1.4248775e-22)
(0.85671776 0.043699228 -1.4250933e-22)
(0.85671767 0.043699034 0)
(0.85671779 0.043699275 -8.8477873e-23)
(0.85671779 0.043699275 -2.8258278e-21)
(0.85671779 0.043699275 -8.8137015e-23)
(0.85671779 0.043699275 8.7967574e-23)
(0.85671779 0.043699275 -2.8973595e-21)
(0.85671779 0.043699275 4.0926375e-35)
(0.85671779 0.043699275 0)
(0.85671779 0.043699275 2.8983868e-21)
(0.85671779 0.043699275 -2.9804956e-21)
(0.85671779 0.043699275 0)
(0.85671779 0.043699275 -8.7327025e-23)
(0.85671779 0.043699275 8.716068e-23)
(0.85671779 0.043699275 5.7109686e-21)
(0.85671779 0.043699275 -2.8061654e-21)
(0.85671779 0.043699275 0)
(0.85671779 0.043699275 8.7357822e-23)
(0.85671779 0.043699275 -8.7191359e-23)
(0.85671779 0.043699275 -2.7848167e-21)
(0.85671779 0.043699275 2.7795303e-21)
(0.85671779 0.043699275 0)
(0.85671779 0.043699275 -8.6531787e-23)
(0.85671779 0.043699275 -2.8017875e-21)
(0.85671779 0.043699275 8.738864e-23)
(0.85671779 0.043699275 2.7038839e-21)
(0.85671779 0.043699275 8.7056107e-23)
(0.85671779 0.043699275 8.6890793e-23)
(0.85671779 0.043699275 0)
(0.85671779 0.043699275 -8.6562026e-23)
(0.85671779 0.043699275 8.6398576e-23)
(0.85671779 0.043699275 2.8457795e-21)
(0.85671779 0.043699275 -2.7543528e-21)
(0.85671779 0.043699275 8.5911908e-23)
(0.85671779 0.043699275 -2.792089e-21)
(0.85671779 0.043699275 3.8761287e-35)
(0.85671779 0.043699275 2.8684023e-21)
(0.85671779 0.043699275 -2.8629635e-21)
(0.85671779 0.043699275 8.6592286e-23)
(0.85671779 0.043699275 2.8521478e-21)
(0.85671779 0.043699275 8.6265775e-23)
(0.85671779 0.043699275 -2.8414137e-21)
(0.85671779 0.043699275 0)
(0.85671779 0.043699275 8.5780602e-23)
(0.85671779 0.043699275 2.2376509e-35)
(0.85671779 0.043699275 0)
(0.85671779 0.043699275 -2.8639666e-21)
(0.85671779 0.043699275 8.6968786e-34)
(0.85671779 0.043699275 2.7666844e-21)
(0.85671779 0.043699275 -1.7259165e-22)
(0.85671779 0.043699275 -2.8424017e-21)
(0.85671779 0.043699275 5.4162072e-21)
(0.85671779 0.043699275 -2.7459302e-21)
(0.85671779 0.043699275 8.5649688e-23)
(0.85671779 0.043699275 -1.7097932e-22)
(0.85671779 0.043699275 -8.9240925e-36)
(0.85671779 0.043699275 8.5171399e-23)
(0.85671779 0.043699275 0)
(0.85671779 0.043699275 8.485549e-23)
(0.85671779 0.043699275 0)
(0.85671779 0.043699275 1.7200278e-22)
(0.85671779 0.043699275 -8.5840055e-23)
(0.85671779 0.043699275 0)
(0.85671779 0.043699275 8.5519176e-23)
(0.85671779 0.043699275 -1.7071928e-22)
(0.85671779 0.043699275 1.7040139e-22)
(0.85671779 0.043699275 2.6363126e-21)
(0.85671779 0.043699275 -5.4326126e-21)
(0.85671779 0.043699275 2.6265492e-21)
(0.85671779 0.043699275 0)
(0.85671779 0.043699275 3.3571058e-35)
(0.85671779 0.043699275 2.7375588e-21)
(0.85671779 0.043699275 -2.73245e-21)
(0.85671779 0.043699275 -1.7046002e-22)
(0.85671779 0.043699275 1.701431e-22)
(0.85671779 0.043699275 -8.491367e-23)
(0.85671779 0.043699275 -2.7122043e-21)
(0.85671779 0.043699275 2.6225899e-21)
(0.85671779 0.043699275 -2.6177498e-21)
(0.85671779 0.043699275 2.6972155e-21)
(0.85671779 0.043699275 2.7232248e-21)
(0.85671779 0.043699275 1.6988558e-22)
(0.85671779 0.043699275 2.6283472e-21)
(0.85671779 0.043699275 -5.4162288e-21)
(0.85671779 0.043699275 2.7031149e-21)
(0.85671779 0.043699275 8.4316679e-23)
(0.85671779 0.043699275 -2.6090093e-21)
(0.85671779 0.043699275 2.6882263e-21)
(0.85671779 0.043699275 -2.7885381e-21)
(0.85671779 0.043699275 2.614707e-21)
(0.85671779 0.043699275 -2.7782764e-21)
(0.85671779 0.043699275 -8.4035576e-23)
(0.85671779 0.043699275 -8.3881514e-23)
(0.85671779 0.043699275 -8.3728022e-23)
(0.85671779 0.043699275 -2.6012078e-21)
(0.85671779 0.043699275 -2.6802028e-21)
(0.85671779 0.043699275 -4.3364713e-35)
(0.85671779 0.043699275 2.8373277e-21)
(0.85671779 0.043699275 0)
(0.85671779 0.043699275 -1.6635089e-22)
(0.85671779 0.043699265 -5.0570147e-21)
(0.85671779 0.043699275 3.2848771e-21)
(0.85671779 0.043699275 -3.4557661e-35)
(0.85671779 0.043699275 0)
(0.85671779 0.043699275 -9.8784268e-23)
(0.85671779 0.043699275 1.6750837e-21)
(0.85671779 0.043699275 -3.1451413e-21)
(0.85671779 0.043699275 1.4705738e-21)
(0.85671779 0.043699275 -1.4668811e-21)
(0.85671779 0.043699275 1.5607541e-21)
(0.85671779 0.043699275 0)
(0.85671779 0.043699275 -1.0377343e-22)
(0.85671779 0.043699275 2.069953e-22)
(0.85671779 0.043699275 0)
(0.85671779 0.043699275 1.0295047e-22)
(0.85671779 0.043699275 -1.7455435e-21)
(0.85671779 0.043699275 1.7409537e-21)
(0.85671779 0.043699275 2.042809e-22)
(0.85671779 0.043699275 -1.7318456e-21)
(0.85671779 0.043699275 -5.2022839e-21)
(0.85671779 0.043699275 3.2424037e-21)
(0.85671779 0.043699275 -1.7244964e-21)
(0.85671779 0.043699275 1.8272204e-21)
(0.85671779 0.043699275 -1.0718773e-22)
(0.85671779 0.043699275 -3.420593e-21)
(0.85671779 0.043699275 1.1341653e-22)
(0.85671779 0.043699275 2.2617438e-22)
(0.85671779 0.043699275 -1.8041562e-21)
(0.85671779 0.043699275 1.6865134e-21)
(0.85671779 0.043699275 3.8061719e-21)
(0.85671779 0.043699275 1.0917822e-34)
(0.85671779 0.04369927 1.1758937e-20)
(0.85671779 0.043699275 0)
(0.85671779 0.043699275 0)
(0.85671779 0.043699275 0)
(0.85671779 0.043699275 0)
(0.85671779 0.043699275 0)
(0.85671779 0.043699275 0)
(0.85671779 0.043699273 0)
(0.85671779 0.043699275 0)
(0.85671779 0.043699275 0)
(0.85671779 0.043699275 9.7063462e-21)
(0.85671779 0.043699275 -3.5642601e-23)
(0.85671779 0.043699275 3.3626867e-23)
(0.85671779 0.043699275 8.1475265e-21)
(0.85671779 0.043699274 1.8995613e-22)
(0.85671779 0.043699275 3.2221761e-33)
(0.85671779 0.043699275 -8.1896314e-23)
(0.85671779 0.043699275 -9.8073245e-21)
(0.85671779 0.043699275 0)
(0.85671779 0.043699275 0)
(0.85671779 0.043699275 -8.2185579e-21)
(0.85671779 0.043699275 0)
(0.85671779 0.043699275 0)
(0.85671779 0.043699275 0)
(0.85671779 0.043699275 0)
(0.85671779 0.043699275 -3.6346205e-23)
(0.85671779 0.043699275 3.4252434e-23)
(0.85671779 0.043699275 -8.290839e-21)
(0.85671779 0.043699274 -1.3699676e-20)
(0.85671779 0.043699275 1.267404e-20)
(0.85671779 0.043699275 2.0034468e-34)
(0.85671779 0.043699275 -8.3759113e-23)
(0.85671779 0.043699275 0)
(0.85671779 0.043699275 9.3973832e-21)
(0.85671779 0.043699275 8.8336647e-21)
(0.85671779 0.043699275 1.6745142e-20)
(0.85671779 0.043699275 1.3900117e-20)
(0.85671779 0.043699275 -1.2745268e-20)
(0.85671779 0.043699275 1.1767592e-20)
(0.85671779 0.043699275 0)
(0.85671779 0.043699275 0)
(0.85671779 0.043699275 -9.5290822e-21)
(0.85671779 0.043699275 -8.8999394e-21)
(0.85671779 0.043699275 -1.38878e-20)
(0.85671779 0.043699275 1.2718288e-20)
(0.85671779 0.043699275 -1.1822812e-20)
(0.85671779 0.043699275 1.0970704e-20)
(0.85671779 0.043699275 0)
(0.85671779 0.043699275 9.5885532e-21)
(0.85671779 0.043699275 0)
(0.85671779 0.043699275 1.4208115e-20)
(0.85671779 0.043699275 -1.2995133e-20)
(0.85671779 0.043699275 0)
(0.85671779 0.043699275 -5.5499402e-21)
(0.85671779 0.043699275 0)
(0.85671779 0.043699275 -4.8057023e-21)
(0.85671779 0.043699275 4.5181651e-21)
(0.85671779 0.043699275 -1.1269945e-22)
(0.85671779 0.043699275 0)
(0.85671779 0.043699275 0)
(0.85671779 0.043699275 -5.6160673e-21)
(0.85671779 0.043699275 0)
(0.85671779 0.043699275 -4.8938313e-21)
(0.85671779 0.043699275 -4.5981656e-21)
(0.85671779 0.043699275 -7.2104042e-21)
(0.85671779 0.043699275 6.681786e-21)
(0.85671779 0.043699275 0)
(0.85671779 0.043699275 -5.6837905e-21)
(0.85671779 0.043699275 0)
(0.85671779 0.043699275 -4.9838096e-21)
(0.85671779 0.043699275 7.5567416e-21)
(0.85671779 0.043699275 -6.7778669e-21)
(0.85671779 0.043699275 -6.1263753e-21)
(0.85671779 0.043699275 5.7531645e-21)
(0.85671779 0.043699275 5.2652604e-21)
(0.85671779 0.043699275 4.9976083e-21)
(0.85671779 0.043699275 1.5001514e-20)
(0.85671779 0.043699275 -1.3860956e-20)
(0.85671779 0.043699275 6.4054402e-21)
(0.85671779 0.043699275 5.9152594e-21)
(0.85671779 0.043699275 -5.4947671e-21)
(0.85671779 0.043699275 5.0117027e-21)
(0.85671779 0.043699275 1.6411509e-33)
(0.85671779 0.043699275 1.3957135e-20)
(0.85671779 0.043699275 9.9881731e-23)
(0.85671779 0.043699275 -1.1886388e-20)
(0.85671779 0.043699275 0)
(0.85671779 0.043699275 -1.0211762e-20)
(0.85671779 0.043699275 -1.5620751e-20)
(0.85671779 0.043699275 1.1067902e-22)
(0.85671779 0.043699275 -1.0125512e-22)
(0.85671779 0.043699275 6.065158e-21)
(0.85671779 0.043699275 -8.6521208e-23)
(0.85671779 0.043699275 -1.3627729e-33)
(0.85671779 0.043699275 -5.2994538e-22)
(0.85671779 0.043699275 -5.3189664e-22)
(0.85671779 0.043699275 2.0019836e-21)
(0.85671779 0.043699275 -1.1045095e-21)
(0.85671779 0.043699275 5.543741e-22)
(0.85671779 0.043699275 2.8581737e-34)
(0.85671779 0.043699275 0)
(0.85671779 0.043699275 5.7883513e-22)
(0.85671779 0.043699275 -6.0302662e-22)
(0.85671779 0.043699275 -6.3208202e-22)
(0.85671777 0.043699224 -3.180158e-22)
(0.8567177 0.043699107 -8.0588241e-22)
(0.85671757 0.043698856 -1.6340486e-22)
(0.85671728 0.043698306 -1.6569606e-22)
(0.85671672 0.043697221 8.5264356e-28)
(0.85671592 0.043695775 -6.8190405e-22)
(0.85671404 0.043692628 -3.4593974e-22)
(0.85670379 0.043675571 -1.7553424e-22)
(0.85668176 0.043636516 -3.5636385e-22)
(0.85664858 0.043578197 -3.6181147e-22)
(0.85660632 0.043504888 -3.6742712e-22)
(0.85655769 0.043418434 -4.6657868e-23)
(0.85649515 0.043303459 -3.5549059e-22)
(0.85671779 0.043699274 3.218053e-22)
(0.85671779 0.043699273 -3.2624717e-22)
(0.85671779 0.04369927 0)
(0.85671778 0.043699263 0)
(0.85671777 0.043699249 1.7017009e-22)
(0.85671776 0.043699222 -1.7265619e-22)
(0.85671773 0.043699171 0)
(0.85671766 0.043699066 0)
(0.85671754 0.043698874 -9.0285157e-23)
(0.85671779 0.043699275 6.5137233e-22)
(0.85671779 0.043699275 -3.3023658e-22)
(0.85671779 0.043699275 -1.6745795e-22)
(0.85671779 0.043699275 1.1002595e-33)
(0.69290388 -0.34777466 -2.7487415e-21)
(0.65972358 -0.42545063 -2.0486727e-23)
(0.63512613 -0.48511492 0)
(0.61370279 -0.53728415 1.9652483e-23)
(0.59663233 -0.57930244 0)
(0.5873556 -0.60456886 -1.8971349e-23)
(0.58648873 -0.60869972 2.3907635e-21)
(0.61282441 -0.55747302 -6.2162519e-23)
(0.6934947 -0.3815907 -5.0378668e-21)
(0.7891466 -0.17898325 2.5943531e-21)
(0.77600556 -0.20998669 1.9857806e-23)
(0.73750566 -0.30462391 -1.8492247e-23)
(0.71178608 -0.37622731 -1.864886e-23)
(0.67392187 -0.37778117 2.6205445e-21)
(0.67555975 -0.37870224 2.7730764e-21)
(0.64324506 -0.45280073 -2.5956231e-21)
(0.61883093 -0.51048413 2.6911212e-21)
(0.59866237 -0.55844852 -4.0125846e-23)
(0.58262739 -0.59704274 0)
(0.5746737 -0.61890642 1.9595897e-23)
(0.57772791 -0.61187876 -1.9092922e-23)
(0.6105369 -0.5505002 -2.4750884e-21)
(0.70519693 -0.3437137 2.5490349e-21)
(0.78183017 -0.18247781 2.0670888e-23)
(0.75865415 -0.2363361 -4.0334348e-23)
(0.7240259 -0.31998126 1.8967347e-23)
(0.70416907 -0.37950448 2.4545819e-21)
(0.66585257 -0.37878073 -2.6708068e-21)
(0.65887963 -0.40498436 -2.781341e-21)
(0.62748163 -0.47528566 2.619886e-21)
(0.60312261 -0.53088801 -1.7553037e-22)
(0.58356354 -0.57581838 -2.6349714e-21)
(0.567881 -0.61226413 -2.4561369e-21)
(0.56102518 -0.63102248 2.5678188e-21)
(0.56781233 -0.61587546 1.9552774e-23)
(0.60749736 -0.54161139 -2.5130869e-21)
(0.71566113 -0.31186764 2.6289038e-21)
(0.7742619 -0.19101979 -4.1988483e-23)
(0.74280814 -0.26008296 2.0382717e-23)
(0.71186629 -0.33198457 -2.4338676e-21)
(0.69567786 -0.3825462 2.4940061e-21)
(0.65821327 -0.38015791 0)
(0.64319869 -0.42564902 -5.4215123e-21)
(0.61253393 -0.49240343 1.4910813e-22)
(0.58804143 -0.54617612 2.7152952e-21)
(0.56870432 -0.58895729 2.4901873e-21)
(0.5529184 -0.62414644 -2.6071034e-21)
(0.54664734 -0.64069071 0)
(0.55659455 -0.61997761 0)
(0.60183448 -0.53506655 -1.9951211e-23)
(0.721756 -0.2898492 0)
(0.76619121 -0.20088558 -2.6706573e-21)
(0.72921672 -0.27816259 1.4515501e-23)
(0.70123425 -0.34113663 1.992059e-23)
(0.68718339 -0.38541516 2.4462695e-21)
(0.65130817 -0.38362479 0)
(0.62962642 -0.4405381 -9.1581273e-23)
(0.59925066 -0.50455471 -5.2844529e-21)
(0.57456546 -0.55681549 2.6751424e-21)
(0.5550195 -0.59849434 -3.9652249e-23)
(0.53887535 -0.63309359 0)
(0.53273576 -0.64845419 -3.8391532e-23)
(0.54458226 -0.62477573 -2.447503e-21)
(0.59450062 -0.53323269 5.057584e-23)
(0.72398655 -0.27811196 -1.7825015e-23)
(0.75863186 -0.21170009 5.4179994e-21)
(0.71833861 -0.29260795 -2.5663075e-21)
(0.69193412 -0.3497443 0)
(0.67867911 -0.3905579 3.8368083e-23)
(0.64427911 -0.39057258 0)
(0.61849782 -0.4496403 -2.7574849e-21)
(0.5878421 -0.51192867 0)
(0.56237438 -0.56391064 0)
(0.54220274 -0.60530556 2.4759257e-21)
(0.52532975 -0.64006521 -4.9589289e-21)
(0.51866009 -0.65570686 2.5569913e-21)
(0.53086956 -0.63184358 0)
(0.58427994 -0.5386777 -3.9590129e-23)
(0.72224588 -0.27764167 0)
(0.75276455 -0.2211601 -4.2099844e-23)
(0.70957779 -0.30389965 0)
(0.68292085 -0.35850201 -2.4208905e-21)
(0.66872606 -0.39937487 4.8931647e-21)
(0.63499314 -0.40074176 -2.745955e-21)
(0.60971467 -0.4527631 -5.1417284e-21)
(0.57821445 -0.51439587 2.6239796e-21)
(0.55139376 -0.56699655 -2.4251251e-21)
(0.52995806 -0.60912371 2.5081733e-21)
(0.51171985 -0.64509733 0)
(0.50345053 -0.66292679 2.2978661e-21)
(0.5143164 -0.64242269 -2.4472895e-21)
(0.56769715 -0.55425833 0)
(0.71467569 -0.28971318 0)
(0.75007721 -0.2254652 0)
(0.70373866 -0.30855068 2.4600071e-21)
(0.67347447 -0.36619349 -1.8017711e-23)
(0.65679081 -0.41179491 -1.3053985e-23)
(0.62291488 -0.41207233 -5.4535671e-21)
(0.60232771 -0.44987512 -2.5855159e-21)
(0.56936186 -0.5115098 2.4023451e-21)
(0.54048125 -0.56555378 -4.9122248e-21)
(0.51703182 -0.60934314 1.6306276e-22)
(0.49662801 -0.64744433 2.4792192e-21)
(0.48526696 -0.67070936 9.3809978e-26)
(0.49217545 -0.65611828 -3.6118376e-23)
(0.53963506 -0.58123165 0)
(0.69068277 -0.32157359 -2.467795e-21)
(0.74786943 -0.22404901 2.5342585e-21)
(0.69838096 -0.30371454 2.4998471e-21)
(0.66121197 -0.36995085 -2.3834401e-21)
(0.63988112 -0.4206457 5.2703907e-25)
(0.60791394 -0.42622733 0)
(0.60058622 -0.43803563 -7.6185034e-23)
(0.56589099 -0.50074377 2.2827492e-21)
(0.53473211 -0.55735164 -2.4342522e-21)
(0.50904021 -0.60387569 -2.1988868e-21)
(0.48663198 -0.64447039 2.2916476e-21)
(0.47207022 -0.67311242 2.1790601e-21)
(0.47460686 -0.66844515 -2.300406e-21)
(0.51533582 -0.60334644 2.2566466e-21)
(0.67037047 -0.35999362 -4.8834255e-21)
(0.75186937 -0.2206253 2.4961902e-21)
(0.70882099 -0.29019937 -3.7425017e-23)
(0.65944315 -0.37432536 2.2624421e-21)
(0.63186913 -0.44454579 -2.2997751e-21)
(0.59513822 -0.44049168 2.5592046e-21)
(0.59688237 -0.42392062 -2.3969849e-21)
(0.55902698 -0.48743172 7.2149836e-23)
(0.52316634 -0.54783385 -6.4133903e-25)
(0.4931709 -0.59789037 -3.5229322e-23)
(0.46644621 -0.64220741 -4.8341e-25)
(0.44608035 -0.67526755 -3.6485628e-25)
(0.43844675 -0.68616757 2.1255211e-21)
(0.46160275 -0.64911993 -2.2285407e-21)
(0.58051267 -0.46480794 5.5756791e-25)
(0.7364962 -0.22607248 4.5908756e-25)
(0.69129906 -0.28364373 -2.3667548e-21)
(0.62671152 -0.37389925 2.2938626e-21)
(0.5856611 -0.4525052 -3.2712522e-25)
(0.5445556 -0.44450283 -5.1974333e-25)
(0.61302864 -0.39039327 -2.178774e-21)
(0.57444754 -0.45536714 6.0193003e-23)
(0.53630587 -0.52130149 2.2935279e-21)
(0.50432719 -0.57582539 -2.0366753e-21)
(0.47667107 -0.6222975 2.1604883e-21)
(0.454527 -0.65854523 6.3320169e-23)
(0.44508587 -0.67689598 3.1178909e-23)
(0.46304787 -0.65177745 6.2708736e-23)
(0.5673151 -0.49827021 6.5311727e-23)
(0.74757813 -0.20953013 -2.2056416e-21)
(0.7394088 -0.23537846 2.3200058e-21)
(0.66173653 -0.34192831 -6.4818872e-23)
(0.61885522 -0.42490096 3.2717318e-23)
(0.51423246 -0.41941017 4.865738e-21)
(0.5932559 -0.37743241 -2.1329696e-21)
(0.55040191 -0.44445078 3.2669272e-23)
(0.50285138 -0.51525509 -3.2206501e-23)
(0.46275787 -0.57306143 3.1754244e-23)
(0.4284512 -0.62319665 -1.884374e-21)
(0.3983487 -0.66760921 1.3938064e-22)
(0.37607766 -0.70168583 1.3981988e-22)
(0.38106098 -0.69574733 1.9805145e-21)
(0.44454654 -0.60997174 -1.6602569e-23)
(0.69705528 -0.24128542 -2.2546241e-21)
(0.67172865 -0.18447242 2.2170827e-21)
(0.47680822 -0.26520814 1.3316814e-23)
(0.36423773 -0.26074802 0)
(0.072215067 -0.17329343 -3.8817891e-23)
(0.8523015 0.037487844 0)
(0.84892135 0.032026643 1.7438065e-23)
(0.84375316 0.024889399 -5.6624383e-22)
(0.83579782 0.015397914 6.0997759e-25)
(0.8254149 0.0030323345 5.8323397e-22)
(0.81164864 -0.013815946 0)
(0.79415624 -0.036553503 0)
(0.7729252 -0.066004714 0)
(0.74845276 -0.10213138 0)
(0.72168349 -0.14362518 3.2248129e-22)
(0.69390691 -0.18815097 -3.0718572e-22)
(0.66667157 -0.23320582 0)
(0.64140372 -0.27695963 0)
(0.61977765 -0.31667912 -7.5399802e-23)
(0.84383177 0.025550253 -5.386298e-22)
(0.83450504 0.011949661 -1.7075384e-23)
(0.82339942 -0.0048662362 5.5292879e-22)
(0.80929216 -0.026654905 -1.120776e-21)
(0.79286198 -0.052617862 5.6758117e-22)
(0.7746719 -0.081699627 2.8480305e-22)
(0.75503457 -0.11306428 -2.8839734e-22)
(0.73375967 -0.14651065 -2.8687578e-22)
(0.71053407 -0.18231346 2.9031196e-22)
(0.68550932 -0.22093671 2.678227e-22)
(0.65949312 -0.26245853 -2.9012184e-22)
(0.63383337 -0.30587326 0)
(0.60974711 -0.34900254 0)
(0.58759129 -0.38780757 0)
(0.82972179 0.0083939066 0)
(0.81460332 -0.012467765 -5.9963224e-22)
(0.79874497 -0.035443485 5.4057633e-22)
(0.77990623 -0.063323231 -6.7806203e-23)
(0.75905421 -0.09541007 0)
(0.73660211 -0.13142226 0)
(0.71303058 -0.17062782 0)
(0.68872587 -0.21188898 0)
(0.6639245 -0.25401139 0)
(0.63854875 -0.29649176 0)
(0.61296834 -0.33920716 0)
(0.58833524 -0.38225494 0)
(0.56538401 -0.42469354 0)
(0.54316018 -0.46270881 0)
(0.8081876 -0.015022492 -6.4331203e-23)
(0.78629676 -0.044020538 -5.191308e-22)
(0.76535425 -0.073893737 4.6032483e-22)
(0.7415976 -0.10861011 -5.2343543e-22)
(0.71664187 -0.14672384 5.3637908e-24)
(0.69078286 -0.18801103 7.2490807e-22)
(0.66465975 -0.23187576 -3.2879907e-22)
(0.6387203 -0.27746538 -6.4244073e-23)
(0.61294337 -0.32360584 -6.3799459e-23)
(0.58746494 -0.36888764 0)
(0.56283842 -0.41242703 -1.897838e-22)
(0.53979869 -0.45443934 6.880155e-23)
(0.51921591 -0.49450494 -1.8834859e-22)
(0.50001849 -0.52883492 7.0113792e-23)
(0.78005964 -0.040578781 1.8855464e-22)
(0.75118807 -0.076895435 5.6762046e-22)
(0.7254124 -0.11279834 -6.6828131e-23)
(0.69704113 -0.15366444 -5.7065919e-22)
(0.66837025 -0.19745993 1.2485154e-22)
(0.63967698 -0.24383636 -6.049598e-23)
(0.61165281 -0.29205715 6.3301388e-23)
(0.58476659 -0.3411415 1.8517892e-22)
(0.55955002 -0.38949207 -5.7514046e-23)
(0.53594823 -0.4355612 1.1977311e-22)
(0.51344629 -0.47902796 -5.5519552e-23)
(0.49303527 -0.51975106 1.8188111e-22)
(0.47691381 -0.55636126 6.3929989e-23)
(0.46259756 -0.58612667 -5.4288242e-23)
(0.71129382 -0.10468293 0)
(0.68065686 -0.14558154 6.0775455e-22)
(0.64775499 -0.19174961 -7.2713547e-22)
(0.61570853 -0.24060629 3.6489552e-22)
(0.584481 -0.29181353 2.3930301e-22)
(0.55507759 -0.34431722 -1.2478504e-22)
(0.52868569 -0.39642665 -1.2121243e-22)
(0.50562887 -0.44644038 1.2112865e-22)
(0.48472038 -0.49366917 1.0852652e-22)
(0.46534311 -0.53764873 -3.4735286e-22)
(0.44963986 -0.57696679 1.1157101e-22)
(0.4394789 -0.61052089 0)
(0.42982492 -0.63705085 1.2393393e-22)
(0.66996641 -0.1185568 -4.7115841e-22)
(0.63402738 -0.16256729 3.5659299e-22)
(0.59617543 -0.21254649 -1.1747631e-22)
(0.56043565 -0.26546538 -1.1483674e-22)
(0.52681789 -0.32086373 -1.0922916e-22)
(0.49693379 -0.37699195 3.8164757e-24)
(0.47182687 -0.43220132 -1.1191405e-22)
(0.45095223 -0.48560118 0)
(0.43296113 -0.53648543 1.0961847e-22)
(0.41814501 -0.5826083 -1.1558532e-22)
(0.40843202 -0.62184404 -2.2618316e-22)
(0.40475852 -0.65415276 0)
(0.40178181 -0.67944913 -1.6532698e-22)
(0.63298843 -0.10626145 -1.1500377e-22)
(0.59088989 -0.14862484 4.5156035e-22)
(0.54714739 -0.19796922 -9.0155709e-22)
(0.50677708 -0.25171693 1.2715761e-22)
(0.47013068 -0.3094326 5.5958564e-22)
(0.43911895 -0.36927005 -2.2427938e-22)
(0.41410876 -0.42988337 -2.123068e-22)
(0.39419929 -0.49044664 2.2642314e-22)
(0.37896344 -0.54855066 3.593039e-24)
(0.36933104 -0.60087831 -1.083103e-22)
(0.36704514 -0.64619567 5.6434011e-24)
(0.37405728 -0.6817947 0)
(0.38513441 -0.69678739 7.1042368e-24)
(0.56581568 -0.072916249 -1.1426165e-22)
(0.51525878 -0.10208076 2.2128003e-22)
(0.46784584 -0.13629768 0)
(0.4238767 -0.18028236 1.0912951e-22)
(0.38546967 -0.23883466 1.0886631e-22)
(0.35439411 -0.31369439 3.2966442e-22)
(0.33123801 -0.39096506 0)
(0.31937069 -0.46933282 5.406267e-22)
(0.31788902 -0.54340209 -1.1502849e-22)
(0.32415766 -0.60317954 1.0917235e-22)
(0.34282424 -0.64502261 0)
(0.37594688 -0.65797742 5.7955688e-23)
(0.60308486 0.085245582 -6.5231521e-22)
(0.56443754 0.12832969 2.2299546e-22)
(0.52639899 0.17943762 0)
(0.48201407 0.22229513 2.129142e-22)
(0.42604017 0.23879632 -2.2135238e-22)
(0.36033083 0.21603298 -2.0489168e-22)
(0.29799181 0.13332626 2.2500193e-22)
(0.25464742 -0.0043708735 -4.2768573e-22)
(0.23992189 -0.18796944 4.5980993e-22)
(0.26134097 -0.3645545 -1.0550746e-22)
(0.35145211 -0.4517017 -2.2959879e-22)
(0.50501468 -0.41111259 1.7548072e-22)
(0.69448377 0.2130048 0)
(0.68528619 0.29043548 4.3079649e-22)
(0.67794492 0.35429794 -4.4124555e-22)
(0.65912544 0.38909417 0)
(0.61622898 0.41019196 0)
(0.54208179 0.42536764 -2.1920103e-22)
(0.43961097 0.43458132 0)
(0.33121034 0.43908835 0)
(0.25841008 0.43193315 -1.0675775e-22)
(0.24145267 0.37050525 1.2843823e-22)
(0.38606226 0.17868584 2.2766068e-22)
(0.5641695 -6.3583335e-05 2.6762669e-22)
(0.7902847 0.29391768 -4.3986099e-22)
(0.80652021 0.34625524 0)
(0.81129146 0.3808702 4.4533439e-22)
(0.78973129 0.39348485 -2.2151882e-22)
(0.73058036 0.38645334 4.6077443e-22)
(0.62836152 0.3654341 2.3401407e-22)
(0.49037374 0.34698813 0)
(0.34485175 0.33573772 3.5405289e-22)
(0.23432868 0.31882661 -3.3992492e-22)
(0.19565362 0.25927766 0)
(0.26945335 0.079935426 9.3196565e-23)
(0.86460638 0.25004272 -8.7283812e-22)
(0.88866566 0.29362927 2.2092784e-22)
(0.90364333 0.32470698 8.8335046e-25)
(0.90224405 0.3333096 -4.5214923e-22)
(0.87635839 0.31229881 -2.3479914e-22)
(0.81141787 0.26309905 -4.8029253e-22)
(0.68528919 0.19971293 0)
(0.50177911 0.14987273 -1.1844338e-22)
(0.31712208 0.11131555 -3.5182562e-22)
(0.18278901 0.07239365 0)
(0.12301175 0.060431261 -4.3519667e-22)
(0.91572607 0.19374281 2.1881178e-22)
(0.93548638 0.23425862 -3.2734373e-24)
(0.95132146 0.26843248 0)
(0.95951246 0.28619572 -4.6886962e-22)
(0.95892329 0.28241228 2.417209e-22)
(0.95065323 0.2525479 0)
(0.92453132 0.19380757 0)
(0.84939885 0.13620896 0)
(0.73727339 0.13337793 2.9579544e-22)
(0.68368546 0.09162475 0)
(0.53875919 -0.13266003 2.4052397e-22)
(1.716811 0.13898255 -6.9440699e-21)
(1.2678069 0.34279939 0)
(1.0857403 0.028702998 0)
(1.1274872 0.0030597286 -1.5493165e-23)
(1.0463341 0.15431851 1.1837635e-23)
(0.99285425 0.23742665 1.0336285e-23)
(0.98624312 0.25349232 2.268691e-21)
(0.98136811 0.25123787 1.9828031e-21)
(0.96938601 0.23272474 0)
(0.95228365 0.19885818 1.5781675e-21)
(1.8087479 0.36400642 4.530927e-21)
(1.2513309 0.19151195 -1.3438742e-20)
(1.1706759 -0.14929643 -4.1988569e-23)
(1.2782066 -0.062260941 7.738036e-21)
(1.0711851 0.14790078 -6.1260819e-21)
(0.99327516 0.23399372 1.0268934e-23)
(0.99045779 0.24657619 -4.5649139e-21)
(0.9846963 0.24443694 0)
(0.97218974 0.22606776 3.5166461e-21)
(0.95521288 0.19272244 0)
(1.880247 0.51278759 -3.5012758e-24)
(1.2530799 0.0067605926 1.3775949e-20)
(1.3964145 -0.28938264 2.0791274e-23)
(1.5322331 -0.10985479 -1.5137367e-20)
(1.0896544 0.1446991 6.0394432e-21)
(0.99793993 0.22857957 9.9929298e-24)
(0.99431019 0.24009516 4.527137e-21)
(0.98786746 0.23768184 -3.9832218e-21)
(0.9749627 0.21926011 -3.5237111e-21)
(0.95813458 0.18635054 0)
(1.944904 0.15549426 -1.4667012e-23)
(1.2167313 -0.34831575 4.3185454e-23)
(2.1941312 -0.46810728 -2.0352501e-23)
(1.8796807 -0.16865122 7.3724162e-21)
(1.0915348 0.14202001 1.1486101e-23)
(1.0011394 0.22174779 0)
(0.99796131 0.23296874 0)
(0.99065879 0.2307422 3.986816e-21)
(0.97738226 0.21257274 0)
(0.96073649 0.1801222 0)
(0.94374808 0.1424509 -2.9158167e-21)
(2.1018554 -0.65583837 -1.4310227e-23)
(2.4354723 -0.81094788 1.2281437e-20)
(3.4195992 -0.61980622 0)
(2.1019219 -0.22362465 7.310337e-21)
(1.0667334 0.14199419 0)
(1.004884 0.21424732 5.1416385e-21)
(1.0010576 0.22546082 -1.7586437e-23)
(0.99302699 0.2235944 -3.9865401e-21)
(0.97951213 0.20577346 0)
(0.96309188 0.173835 -3.1946801e-21)
(0.94653486 0.13674216 -3.1550249e-24)
(3.1356927 -1.1351981 -2.4787258e-23)
(4.5418107 -0.65049592 -1.116277e-20)
(4.0234036 -0.69551873 1.7419933e-23)
(2.0007849 -0.26033613 -7.2922666e-21)
(1.0346234 0.14794323 0)
(1.0084112 0.20636684 -5.0944281e-21)
(1.0038189 0.21757624 0)
(0.99505156 0.21617661 3.9813911e-21)
(0.98135222 0.1988158 0)
(0.96517552 0.16748916 3.1993213e-21)
(0.94899502 0.1310555 2.9224809e-21)
(4.5426895 -0.47514535 -6.335896e-24)
(4.6994184 -0.79978559 3.2456634e-23)
(3.8819186 -0.89798915 -3.8449737e-23)
(1.7176837 -0.23817676 -3.7658908e-25)
(1.0226514 0.16072763 -3.6321408e-25)
(1.0115076 0.1982891 9.78232e-24)
(1.0062292 0.20948686 0)
(0.9967568 0.20856986 -7.7919496e-24)
(0.98293775 0.19173547 6.9249203e-24)
(0.96699127 0.16108376 0)
(0.95111725 0.12537015 0)
(5.0201602 -0.48798034 2.1084145e-24)
(4.7464575 -1.1762992 -1.2036746e-23)
(3.6614367 -1.0587032 0)
(1.4373782 -0.12605355 -1.4166087e-23)
(1.0235176 0.16648382 1.1227282e-23)
(1.0144918 0.19037106 0)
(1.0082809 0.20136516 0)
(0.99818201 0.20093976 -3.9758045e-21)
(0.98429284 0.18464069 6.9222506e-24)
(0.96853821 0.15465763 0)
(0.95288355 0.11968136 0)
(5.1293752 -1.1292983 -2.4366309e-20)
(4.8327645 -1.7045459 2.6889693e-23)
(2.9119413 -0.89126279 -1.8593899e-23)
(1.164948 0.042648762 -7.0468344e-21)
(1.0250956 0.1585902 1.1202552e-23)
(1.0172324 0.18197764 0)
(1.0100498 0.19347501 0)
(0.99937872 0.19341389 3.9443445e-21)
(0.9854386 0.17762976 0)
(0.96982766 0.14828648 -3.2180069e-21)
(0.95428854 0.11402063 0)
(4.4250683 -2.0546792 2.1400653e-20)
(4.5161069 -1.738848 -2.4111249e-23)
(1.6953281 -0.24407094 -8.9299421e-21)
(1.0473251 0.11379894 7.0107502e-21)
(1.0284592 0.15103593 -1.151532e-23)
(1.0197336 0.17362654 -2.0648266e-25)
(1.0116095 0.18585494 -1.1286981e-25)
(1.0004109 0.18610994 -5.8491123e-26)
(0.98639783 0.17077179 6.8952016e-24)
(0.97087627 0.14204348 3.2133549e-21)
(0.95533638 0.10844876 -2.943167e-21)
(3.6544285 -1.8019524 -1.3753521e-23)
(1.7740877 -0.30888762 1.2237388e-20)
(1.0705384 0.055621804 1.7934934e-20)
(1.0493412 0.10202413 -1.3949676e-23)
(1.031578 0.14313179 5.8076114e-21)
(1.0217681 0.16635014 -4.9841468e-21)
(1.0130184 0.17860607 4.3938073e-21)
(1.0013104 0.17902465 3.9227056e-21)
(0.98715983 0.16400065 3.533565e-21)
(0.97165988 0.13587015 0)
(0.95600604 0.10295299 2.9418872e-21)
(1.7006372 -0.079683725 -1.2288509e-24)
(1.1124794 0.021777684 -1.2124685e-20)
(1.065651 0.027927573 9.5593131e-24)
(1.0526124 0.096312077 -6.9801321e-21)
(1.033217 0.13709014 -1.1518593e-20)
(1.0234686 0.1586897 4.9471118e-21)
(1.0141736 0.17122986 -4.3723775e-21)
(1.0019552 0.17182626 8.6946217e-24)
(0.98760989 0.15699803 -7.0322615e-21)
(0.97205339 0.12946361 -6.2583854e-24)
(0.95620703 0.097353015 -2.8731412e-24)
(1.054247 0.23681649 -3.7054072e-23)
(1.0437756 -0.058075361 1.2023695e-23)
(1.0661943 0.022922908 -8.8724478e-21)
(1.054282 0.093571896 6.9165397e-21)
(1.0338902 0.12795427 5.7198881e-21)
(1.0245699 0.149716 0)
(1.0146898 0.16307663 0)
(1.0020789 0.16397528 -3.8975989e-21)
(0.987563 0.14944826 3.5191579e-21)
(0.97189663 0.12261737 0)
(0.95584324 0.091593342 0)
(1.0514026 -0.069475994 2.046736e-23)
(1.0254818 -0.083662399 -1.1961328e-23)
(1.065741 0.025474929 0)
(1.0535195 0.083992591 -1.3737466e-23)
(1.0334391 0.11751408 -3.44532e-25)
(1.024778 0.14066361 9.4735818e-24)
(1.0144379 0.15487498 0)
(1.0016326 0.15624771 0)
(0.98703699 0.14231014 0)
(0.97125993 0.11635857 0)
(0.95503772 0.086614611 0)
(0.89319694 -0.16476999 0)
(0.76576191 -0.24101261 0)
(0.85248194 0.028682315 0)
(0.85399519 0.033505944 0)
(0.85661264 0.04341549 0)
(0.85671074 0.043668881 -6.6809707e-23)
(0.85671759 0.043698615 6.4202344e-23)
(0.85671779 0.043699263 3.089532e-23)
(0.85671779 0.043699275 3.3498938e-23)
(0.85671779 0.043699275 -2.8736502e-23)
(0.85671779 0.043699275 -1.4596541e-35)
(0.85671779 0.043699275 2.6859675e-23)
(0.85671779 0.043699275 2.6010292e-23)
(0.85671779 0.043699275 2.5212981e-23)
(0.96313767 -0.10856876 -8.5363113e-23)
(0.78864562 -0.2102968 1.6951789e-22)
(0.85797571 0.034228754 0)
(0.85433441 0.033634735 -7.334149e-23)
(0.85663644 0.043451434 1.4038333e-22)
(0.85670905 0.043657588 -1.3463035e-22)
(0.85671742 0.043698213 1.2933227e-22)
(0.85671778 0.043699235 -6.2220176e-23)
(0.85671779 0.043699274 -3.7470356e-24)
(0.85671779 0.043699275 0)
(0.85671779 0.043699275 0)
(0.85671779 0.043699275 1.351093e-23)
(0.85671779 0.043699275 -7.1946462e-23)
(0.85671779 0.043699275 6.3389594e-24)
(1.0140739 -0.048165982 -1.7843387e-22)
(0.81042884 -0.16780145 -1.624046e-22)
(0.8636233 0.040019623 -1.5390197e-22)
(0.85493794 0.034163752 7.4485399e-23)
(0.85668428 0.043524267 0)
(0.85670884 0.043649109 -2.034671e-22)
(0.85671737 0.04369806 -6.5136619e-23)
(0.85671777 0.043699197 3.1327888e-23)
(0.85671779 0.043699273 -1.5089223e-22)
(0.85671779 0.043699275 -2.911037e-23)
(0.85671779 0.043699275 -8.4345941e-23)
(0.85671779 0.043699275 -1.0874412e-22)
(0.85671779 0.043699275 5.2632425e-23)
(0.85671779 0.043699275 -1.0200132e-22)
(1.0306775 0.0018583629 3.5737541e-22)
(0.82243036 -0.12265661 1.6455145e-22)
(0.86805727 0.044941268 -7.8102177e-23)
(0.85534338 0.035089279 2.2404857e-22)
(0.8567395 0.043616748 -1.4261328e-22)
(0.85671013 0.043644558 6.834044e-23)
(0.85671748 0.043698235 6.5614329e-23)
(0.85671777 0.043699165 0)
(0.85671779 0.043699272 1.5191681e-22)
(0.85671779 0.043699275 -2.9300983e-23)
(0.85671779 0.043699275 8.4879207e-23)
(0.85671779 0.043699275 4.1028299e-23)
(0.85671779 0.043699275 -1.1912351e-22)
(0.85671779 0.043699275 1.0258593e-22)
(1.0252549 0.039206406 -1.7884473e-22)
(0.82713202 -0.08366846 4.1540595e-22)
(0.8699228 0.048454534 -7.8084868e-23)
(0.85559782 0.036462182 -1.5033246e-22)
(0.85678247 0.043703497 4.3127486e-22)
(0.85671172 0.043646813 -6.8866064e-23)
(0.85671767 0.043698628 4.6269212e-22)
(0.85671778 0.04369915 3.1772762e-23)
(0.85671779 0.043699273 -1.0015431e-31)
(0.85671779 0.043699275 -2.9494108e-23)
(0.85671779 0.043699275 0)
(0.85671779 0.043699275 1.1008168e-22)
(0.85671779 0.043699275 3.1955307e-22)
(0.85671779 0.043699275 0)
(1.0144494 0.066699154 -3.5680097e-22)
(0.8286196 -0.053121822 -3.3253234e-22)
(0.86992648 0.050466283 -7.954691e-23)
(0.85576258 0.038034247 -1.5133516e-22)
(0.8568045 0.043767292 -6.5212841e-22)
(0.8567129 0.043655343 -6.9400038e-23)
(0.85671785 0.043699078 -4.6613475e-22)
(0.85671778 0.04369915 -2.5599973e-22)
(0.85671779 0.043699273 -2.4641299e-22)
(0.85671779 0.043699275 -2.6720816e-22)
(0.85671779 0.043699275 -2.0058802e-22)
(0.85671779 0.043699275 -2.0768035e-22)
(0.85671779 0.043699275 -2.2770511e-22)
(0.85671779 0.043699275 0)
(1.0017038 0.085313731 3.6414124e-22)
(0.82923558 -0.030131304 0)
(0.86902971 0.051220156 -3.2154659e-22)
(0.85587831 0.039539272 -1.2997676e-26)
(0.85680927 0.043803072 7.3054322e-23)
(0.85671364 0.043664621 -1.3988657e-22)
(0.85671797 0.04369944 6.7089831e-23)
(0.85671778 0.043699167 5.1568734e-22)
(0.85671779 0.043699274 4.9624184e-22)
(0.85671779 0.043699275 -2.9888098e-23)
(0.85671779 0.043699275 1.4446954e-35)
(0.85671779 0.043699275 2.7863133e-23)
(0.85671779 0.043699275 2.1560143e-22)
(0.85671779 0.043699275 -2.0876121e-22)
(0.98719757 0.093248643 0)
(0.83009704 -0.012889351 4.2409184e-22)
(0.86754929 0.051119338 5.6830349e-22)
(0.85597582 0.040709481 3.0835252e-22)
(0.85680396 0.043814829 5.8921106e-22)
(0.85671413 0.043673102 2.1147962e-22)
(0.85671801 0.043699654 3.379829e-22)
(0.85671778 0.043699191 -3.246428e-23)
(0.85671779 0.043699275 -4.6847363e-22)
(0.97139099 0.089573757 -7.3842356e-22)
(0.83164899 0.0002991343 -3.412797e-22)
(0.86575811 0.050476305 -3.2731342e-22)
(0.85607371 0.04154943 0)
(0.85679286 0.043810055 -8.9114126e-22)
(0.95495011 0.076968068 7.5391444e-22)
(0.83400528 0.011015946 0)
(0.71235526 -0.29713448 2.6715964e-21)
(0.69605008 -0.32691261 -5.5946551e-21)
(0.6803343 -0.35263647 2.8443462e-21)
(0.66615593 -0.37228061 2.9498427e-21)
(0.65440568 -0.38563005 3.0694334e-21)
(0.64497321 -0.39337441 3.2064787e-21)
(0.63803048 -0.39482242 6.8459617e-21)
(0.63322731 -0.3893705 3.5464574e-21)
(0.63345153 -0.37531501 0)
(0.63397231 -0.35720077 4.0111777e-21)
(0.64826482 -0.32577445 -4.4204489e-21)
(0.64914325 -0.30873095 4.6416975e-21)
(0.73498897 -0.24092103 0)
(0.71991975 -0.26916446 2.8104274e-21)
(0.70519388 -0.29376592 0)
(0.69171416 -0.3134636 0)
(0.68013176 -0.32818507 0)
(0.67051051 -0.33793913 0)
(0.66297467 -0.34208995 -3.4295452e-21)
(0.65757405 -0.3397885 0)
(0.65674948 -0.32970589 -3.9350226e-21)
(0.65709666 -0.31491624 -4.1848516e-21)
(0.66941956 -0.28777564 4.392641e-21)
(0.67266581 -0.27598254 -4.7997458e-21)
(0.7576108 -0.18583746 -2.8356416e-21)
(0.74297039 -0.21414062 0)
(0.72881895 -0.23849288 -3.0279181e-21)
(0.7159716 -0.25826948 -3.1420018e-21)
(0.70489485 -0.27351501 0)
(0.69560288 -0.28412099 -3.4172009e-21)
(0.68823245 -0.28941788 -3.5835971e-21)
(0.68298736 -0.28861799 -3.7741261e-21)
(0.6818152 -0.28091867 3.9093465e-21)
(0.68211321 -0.26871228 -8.3807793e-23)
(0.69241284 -0.24619487 -4.5492365e-21)
(0.69593657 -0.23924072 4.7922907e-21)
(0.79303784 -0.10514917 -5.542506e-21)
(0.77958375 -0.13326536 -3.7063868e-23)
(0.76551421 -0.16093881 -2.9714116e-21)
(0.7519517 -0.18513276 -5.1855714e-23)
(0.73967401 -0.20521633 -5.8117839e-23)
(0.72902525 -0.22109955 -3.3235802e-21)
(0.71999595 -0.23256365 3.4036435e-21)
(0.71278883 -0.23889777 -7.0373644e-23)
(0.70775872 -0.23938897 -7.163017e-23)
(0.70654073 -0.23344626 -4.0550498e-21)
(0.7069998 -0.22317994 4.2413331e-21)
(0.71592892 -0.20404231 -6.1653664e-23)
(0.71925658 -0.20014379 -4.9350065e-21)
(0.81201671 -0.058584079 -1.9749996e-23)
(0.79999726 -0.085209599 -2.5990943e-23)
(0.78722764 -0.1105491 2.9769814e-21)
(0.77474736 -0.133559 -3.8310388e-23)
(0.76324176 -0.15341019 -4.3932638e-23)
(0.75303414 -0.16974419 -4.8873005e-23)
(0.74420789 -0.18210087 -3.5251896e-21)
(0.73712418 -0.18956987 -5.576392e-23)
(0.73227176 -0.19141612 -5.6928421e-23)
(0.73096091 -0.18723638 4.0575635e-21)
(0.73136282 -0.17902297 0)
(0.73886253 -0.16333251 4.6189456e-21)
(0.74160093 -0.16155205 4.9451483e-21)
(0.83454182 -0.013232053 -2.7138069e-21)
(0.82794865 -0.020895139 5.6324684e-21)
(0.8178607 -0.043739705 2.9088342e-21)
(0.80701533 -0.065405823 0)
(0.7960874 -0.086129524 3.1259438e-21)
(0.78569467 -0.10482865 6.5279821e-21)
(0.77616983 -0.12092441 3.3829082e-21)
(0.76771951 -0.133709 3.5332363e-21)
(0.76083248 -0.14211788 3.703519e-21)
(0.75607277 -0.14538824 7.8405916e-21)
(0.75446289 -0.14322844 -4.1663324e-21)
(0.75449136 -0.13739131 0)
(0.7604591 -0.12528538 -4.7164772e-21)
(0.7622817 -0.12516338 5.0419233e-21)
(0.84426986 0.013141837 0)
(0.84004018 0.0068161572 6.6620427e-24)
(0.83237544 -0.01045994 0)
(0.82383716 -0.027646348 0)
(0.81481961 -0.045134534 0)
(0.80587265 -0.06174737 -3.2841342e-21)
(0.7973331 -0.07677745 0)
(0.78952099 -0.08931877 0)
(0.78299909 -0.098222342 0)
(0.77835913 -0.102701 -3.9510058e-21)
(0.77638479 -0.10250585 8.3833146e-21)
(0.77589468 -0.09906932 0)
(0.78034391 -0.090409692 4.7236322e-21)
(0.78102165 -0.091698051 -5.0482842e-21)
(0.85076901 0.029823748 0)
(0.84823046 0.025165398 -5.6526073e-21)
(0.84309602 0.01380779 -2.9377988e-21)
(0.83698687 0.0014173838 0)
(0.83010453 -0.012144418 -3.1825905e-21)
(0.82288101 -0.025862696 -3.3193977e-21)
(0.81564011 -0.038987954 0)
(0.80876358 -0.050530304 -3.6307768e-21)
(0.80283745 -0.059322057 0)
(0.79844313 -0.064561636 -4.0111945e-21)
(0.79617644 -0.065989823 -4.2127938e-21)
(0.79519006 -0.064684887 0)
(0.79820715 -0.059133293 -4.7787668e-21)
(0.79773168 -0.061527288 0)
(0.85440203 0.038624082 -2.7251921e-21)
(0.85307215 0.035849296 -1.2962778e-24)
(0.85010626 0.029438924 -2.3922907e-24)
(0.84624083 0.021562314 0)
(0.84150856 0.012150509 -5.6179566e-24)
(0.83616697 0.0018546824 -7.6831845e-24)
(0.83047415 -0.0086778064 -3.4762821e-21)
(0.82480707 -0.018507722 -1.2097641e-23)
(0.81972112 -0.026530481 -3.8242217e-21)
(0.81575459 -0.031955185 -1.5331485e-23)
(0.81336145 -0.034485575 4.25246e-21)
(0.8120209 -0.034826109 0)
(0.81374427 -0.031927711 -1.5544512e-23)
(0.81235656 -0.034962738 0)
(0.85609494 0.042519232 -2.3214044e-25)
(0.85550268 0.041149604 -4.1603279e-25)
(0.85405883 0.038100378 -8.9318363e-25)
(0.85195773 0.033814753 3.0556086e-21)
(0.84910763 0.028124909 -2.6073269e-24)
(0.84558867 0.021287803 -3.8513594e-24)
(0.84154314 0.013707461 -5.3022251e-24)
(0.8372652 0.0061115048 -6.8363794e-24)
(0.83321834 -0.00056449829 -8.2579223e-24)
(0.82986967 -0.0055811285 -9.3736462e-24)
(0.82756636 -0.0086089903 -4.2495264e-21)
(0.82607583 -0.010000413 0)
(0.82671914 -0.0091791717 4.7893269e-21)
(0.8248306 -0.012329558 0)
(0.85663323 0.043526404 2.7245541e-21)
(0.85648869 0.043241272 2.8262431e-21)
(0.85594817 0.042175391 2.9358365e-21)
(0.85497896 0.040185434 -6.1090861e-21)
(0.8535137 0.037255974 3.1826402e-21)
(0.8515024 0.033337513 3.3222355e-21)
(0.8489715 0.028564189 3.4745694e-21)
(0.84608718 0.023364551 3.6414289e-21)
(0.8431703 0.01839837 3.8251225e-21)
(0.84058024 0.014273567 4.0284989e-21)
(0.83858011 0.011325728 4.2606931e-21)
(0.8371493 0.0094771683 0)
(0.83700423 0.0088908151 -4.8007216e-21)
(0.83505554 0.0060504693 0)
(0.85670028 0.043664298 0)
(0.85667043 0.043602224 0)
(0.85659662 0.043457 0)
(0.85632805 0.042963312 3.0542771e-21)
(0.85569155 0.041708967 0)
(0.85470509 0.039777176 0)
(0.85334256 0.037199091 0)
(0.85164614 0.034113445 0)
(0.84978774 0.030881457 0)
(0.84799476 0.027908769 0)
(0.84645164 0.025477419 -4.2564463e-21)
(0.84524083 0.023659646 0)
(0.84466314 0.022386152 4.7959006e-21)
(0.84294045 0.019996232 0)
(0.85671404 0.043691776 0)
(0.85670623 0.043675999 2.826319e-21)
(0.85668915 0.043642758 2.9358869e-21)
(0.85664941 0.043566798 0)
(0.85654351 0.043379102 0)
(0.85619163 0.042727878 0)
(0.85554624 0.041500151 0)
(0.85468379 0.039915877 0)
(0.85364922 0.038089048 0)
(0.85255194 0.036220749 4.0310442e-21)
(0.85149918 0.034491323 4.2579347e-21)
(0.850584 0.03300065 0)
(0.84988796 0.031610989 0)
(0.84850066 0.029680846 0)
(0.85671697 0.043697636 2.724681e-21)
(0.85671502 0.04369368 1.2852394e-27)
(0.85671089 0.043685604 3.1156618e-27)
(0.85670153 0.043667587 0)
(0.85667983 0.043626916 3.1826981e-21)
(0.856625 0.043524869 3.3223508e-21)
(0.85646229 0.043243908 3.474865e-21)
(0.85613543 0.042642381 3.6420968e-21)
(0.85568566 0.041839459 3.8262651e-21)
(0.85514896 0.040907856 3.3897772e-25)
(0.85457069 0.039930627 4.4745172e-25)
(0.85400466 0.038962555 0)
(0.8534409 0.037881058 4.7962255e-21)
(0.85248498 0.036533488 0)
(0.85671779 0.043699275 -2.5612213e-21)
(0.85671779 0.043699275 0)
(0.85671779 0.043699275 -2.6448741e-21)
(0.85671779 0.043699275 0)
(0.85671779 0.043699275 2.5612186e-21)
(0.85671779 0.043699275 0)
(0.85671779 0.043699275 1.7632481e-21)
(0.85671779 0.043699275 0)
(0.85671779 0.043699275 0)
(0.85671779 0.043699275 0)
(0.85671779 0.043699275 2.561211e-21)
(0.85671779 0.043699275 5.9449787e-24)
(0.85671779 0.043699275 -1.4012968e-35)
(0.85671779 0.043699275 5.94104e-24)
(0.85671779 0.043699275 5.9390719e-24)
(0.85671779 0.043699275 1.2153257e-20)
(0.85671779 0.043699275 -1.215517e-20)
(0.85671779 0.043699275 -1.2157083e-20)
(0.85671779 0.043699275 1.2147132e-20)
(0.85671779 0.043699275 -1.185851e-23)
(0.85671779 0.043699275 0)
(0.85671779 0.043699275 5.925338e-24)
(0.85671779 0.043699275 -1.2137008e-20)
(0.85671779 0.043699275 1.2121157e-20)
(0.85671779 0.043699275 1.2417659e-20)
(0.85671779 0.043699275 -9.2283048e-25)
(0.85671779 0.043699275 2.5106419e-22)
(0.85671779 0.043699275 -2.5089598e-22)
(0.85671779 0.043699275 -2.1087896e-24)
(0.85671779 0.043699275 2.9075538e-22)
(0.85671779 0.043699275 0)
(0.85671779 0.043699275 3.4382123e-22)
(0.85671779 0.043699275 2.4594194e-24)
(0.85671779 0.043699275 -3.4350707e-22)
(0.85671779 0.043699275 3.8387273e-22)
(0.85671779 0.043699275 8.3365922e-22)
(0.85671779 0.043699275 0)
(0.85671779 0.043699275 -1.6785711e-21)
(0.85671779 0.043699275 9.4448122e-22)
(0.85671779 0.043699275 8.4361415e-24)
(0.85671779 0.043699275 0)
(0.85671779 0.043699275 0)
(0.85671779 0.043699275 1.25834e-21)
(0.85671779 0.043699275 8.4119795e-24)
(0.85671779 0.043699275 -1.266052e-21)
(0.85671779 0.043699275 2.1708349e-34)
(0.85671779 0.043699275 1.2639402e-21)
(0.85671779 0.043699275 1.5045502e-21)
(0.85671779 0.043699275 2.9972255e-21)
(0.85671779 0.043699275 3.7577476e-21)
(0.85671779 0.043699275 -2.9971056e-21)
(0.85671779 0.043699275 -7.3068209e-24)
(0.85671779 0.043699275 0)
(0.85671779 0.043699275 3.72257e-21)
(0.85671779 0.043699275 -3.7133774e-21)
(0.85671779 0.043699275 0)
(0.82427541 -0.23151168 1.1290835e-21)
(0.74838546 -0.26685405 0)
(0.84909686 0.025064005 1.020595e-21)
(0.85422434 0.035210456 -5.2026025e-22)
(0.85661947 0.043426919 -2.1543564e-25)
(0.85671402 0.043684839 -5.0550465e-22)
(0.85671774 0.043699082 0)
(0.85671779 0.043699273 2.4716816e-22)
(0.85671779 0.043699275 -2.5418317e-22)
(0.85671779 0.043699275 -6.2364794e-23)
(0.85671779 0.043699275 -6.2160623e-23)
(0.85671779 0.043699275 1.2390064e-22)
(0.85671779 0.043699275 4.9003032e-22)
(0.85671779 0.043699275 -5.11413e-22)
(0.73802708 -0.17707196 -1.5718242e-23)
(0.77060212 -0.19084656 1.4735965e-23)
(0.85045405 0.02988368 -1.4499512e-23)
(0.85529174 0.038531293 -4.6085376e-22)
(0.85667934 0.043552506 1.1289716e-25)
(0.85671659 0.043693175 4.7307733e-22)
(0.85671778 0.043699213 0)
(0.85671779 0.043699274 1.4272957e-23)
(0.85671779 0.043699275 -1.4241887e-23)
(0.85671779 0.043699275 4.2632855e-23)
(0.85671779 0.043699275 0)
(0.85671779 0.043699275 1.4146725e-23)
(0.85671779 0.043699275 0)
(0.85671779 0.043699275 -4.2239675e-22)
(0.76502633 -0.13474149 1.4889287e-23)
(0.79623985 -0.14375621 -1.3481903e-23)
(0.8527881 0.033898007 1.3282731e-23)
(0.85588712 0.04027331 -4.2159142e-22)
(0.85669906 0.043615225 4.211673e-22)
(0.8567173 0.043696337 -2.6291913e-23)
(0.85671779 0.043699246 0)
(0.85671779 0.043699275 7.871351e-23)
(0.85671779 0.043699275 -1.0156717e-22)
(0.85671779 0.043699275 -1.636499e-23)
(0.85671779 0.043699275 0)
(0.85671779 0.043699275 -2.2206102e-22)
(0.85671779 0.043699275 2.217935e-22)
(0.85671779 0.043699275 -4.3002226e-22)
(0.78672124 -0.10136828 -7.505291e-22)
(0.81417641 -0.10747343 9.0950001e-22)
(0.85416097 0.036467629 3.9059446e-22)
(0.8562239 0.041357014 -4.1635288e-22)
(0.85670817 0.043648106 0)
(0.85671757 0.04369771 2.0740007e-22)
(0.85671779 0.04369926 -2.9276415e-22)
(0.85671779 0.043699275 1.341671e-22)
(0.85671779 0.043699275 -1.2195512e-23)
(0.85671779 0.043699275 0)
(0.85671779 0.043699275 2.4383242e-23)
(0.85671779 0.043699275 2.4376524e-23)
(0.85671779 0.043699275 -1.2184837e-23)
(0.85671779 0.043699275 0)
(0.85671779 0.043699275 0)
(0.85671779 0.043699275 -5.7020028e-22)
(0.85671779 0.043699275 1.1319585e-24)
(0.85671779 0.043699275 1.1126897e-24)
(0.85671779 0.043699275 5.579736e-22)
(0.85671779 0.043699275 0)
(0.85671779 0.043699275 0)
(0.85671779 0.043699275 -5.7904291e-22)
(0.85671779 0.043699275 5.6919481e-22)
(0.85671779 0.043699275 -5.5967609e-22)
(0.85671779 0.043699275 0)
(0.85671779 0.043699275 0)
(0.85671779 0.043699275 -8.327122e-24)
(0.85671779 0.043699275 -5.1638445e-22)
(0.85671779 0.043699275 5.1648415e-22)
(0.85671779 0.043699275 1.157048e-21)
(0.85671779 0.043699275 -5.6869339e-22)
(0.85671779 0.043699275 1.1183826e-21)
(0.85671779 0.043699275 -5.5000094e-22)
(0.85671779 0.043699275 0)
(0.85671779 0.043699275 -5.324962e-22)
(0.85671779 0.043699275 5.241551e-22)
(0.85671779 0.043699275 -5.1607129e-22)
(0.85671779 0.043699275 -1.0164661e-21)
(0.85671779 0.043699275 -5.1627396e-22)
(0.85671779 0.043699275 -9.7108539e-22)
(0.85671779 0.043699275 -5.7800605e-22)
(0.85671779 0.043699275 5.6819288e-22)
(0.85671779 0.043699275 -1.7013928e-33)
(0.85671779 0.043699275 5.4523953e-22)
(0.85671779 0.043699275 -6.0521723e-36)
(0.85671779 0.043699275 1.0682714e-21)
(0.85671779 0.043699275 0)
(0.85671779 0.043699275 0)
(0.85671779 0.043699275 4.9989832e-22)
(0.85671779 0.043699275 -7.8162714e-24)
(0.85671779 0.043699275 5.2367773e-22)
(0.85671779 0.043699275 -5.0089756e-22)
(0.85671779 0.043699275 -4.7876927e-22)
(0.85671779 0.043699275 -4.7201574e-22)
(0.85671779 0.043699275 0)
(0.85671779 0.043699275 -5.654757e-22)
(0.85671779 0.043699275 -2.8129269e-22)
(0.85671779 0.043699275 2.7453268e-22)
(0.85671779 0.043699275 -2.6588044e-22)
(0.85671779 0.043699275 -5.2746594e-22)
(0.85671779 0.043699275 -2.6982932e-22)
(0.85671779 0.043699275 -2.5762376e-22)
(0.85671779 0.043699275 -7.9286573e-24)
(0.85671779 0.043699275 -2.421168e-22)
(0.85671779 0.043699275 0)
(0.85671779 0.043699275 -2.4267684e-22)
(0.85671779 0.043699275 0)
(0.85671779 0.043699275 4.864106e-22)
(0.85671779 0.043699275 -2.742994e-22)
(0.85671779 0.043699275 5.3974988e-22)
(0.85671779 0.043699275 0)
(0.85671779 0.043699275 5.2288151e-22)
(0.85671779 0.043699275 5.1483661e-22)
(0.85671779 0.043699275 -7.9224299e-24)
(0.85671779 0.043699275 7.8041767e-24)
(0.85671779 0.043699275 0)
(0.85671779 0.043699275 2.4249453e-22)
(0.85671779 0.043699275 2.2409072e-22)
(0.85671779 0.043699275 -4.4186863e-22)
(0.85671779 0.043699275 -2.5721319e-22)
(0.85671779 0.043699275 0)
(0.85671779 0.043699275 2.495406e-22)
(0.85671779 0.043699275 0)
(0.85671779 0.043699275 2.4231249e-22)
(0.85671779 0.043699275 -2.3885322e-22)
(0.85671779 0.043699275 0)
)
;

boundaryField
{
    Side
    {
        type            empty;
    }
    Inlet
    {
        type            inletOutlet;
        inletValue      uniform (0.85671779 0.043699275 0);
        value           nonuniform List<vector> 7((0.85671779 0.043699275 -9.2283048e-25) (0.85671779 0.043699275 0) (0.85671779 0.043699275 0) (0.85671779 0.043699275 0) (0.85671779 0.043699275 0) (0.85671779 0.043699275 0) (0.85671779 0.043699275 0));
    }
    Airfoil
    {
        type            noSlip;
    }
    Outlet
    {
        type            zeroGradient;
    }
    Flap
    {
        type            noSlip;
    }
    procBoundary4to3
    {
        type            processor;
        value           nonuniform List<vector> 
142
(
(0.85671779 0.043699274 0)
(0.85671779 0.043699275 1.7161336e-21)
(0.85671779 0.043699275 1.7161336e-21)
(0.85671779 0.043699275 -1.1834213e-32)
(0.85671779 0.043699275 -8.5913011e-22)
(0.85671779 0.043699273 -8.5966378e-22)
(0.85671778 0.043699262 1.7203962e-21)
(0.85671775 0.043699198 -8.6073309e-22)
(0.85671759 0.043698823 0)
(0.85671671 0.043696747 0)
(0.85671223 0.043685238 4.3117003e-22)
(0.85668743 0.043630516 -4.3143952e-22)
(0.85657813 0.043298315 0)
(0.85570571 0.041523384 2.1594379e-22)
(0.85364546 0.035269495 -2.1606978e-22)
(0.848258 0.024261414 0)
(0.848258 0.024261414 0)
(0.85671779 0.043699275 8.6951792e-23)
(0.85671779 0.043699275 8.6951792e-23)
(0.85671779 0.043699275 -2.6811613e-21)
(0.85671779 0.043699275 2.7624288e-21)
(0.85671779 0.043699275 2.7624288e-21)
(0.85671779 0.043699275 0)
(0.85671779 0.043699275 0)
(0.85671779 0.043699275 -2.5625552e-21)
(0.85671779 0.043699275 2.5577803e-21)
(0.85671779 0.043699275 2.5577803e-21)
(0.85671779 0.043699275 2.5444328e-21)
(0.85671779 0.043699275 -2.7090399e-21)
(0.85671779 0.043699275 -2.7090399e-21)
(0.85671779 0.043699275 2.6950022e-21)
(0.85671779 0.043699275 -2.7741151e-21)
(0.85671779 0.043699275 -2.7741151e-21)
(0.85671779 0.043699274 0)
(0.85671779 0.043699275 -8.3478944e-23)
(0.85671779 0.043699275 -8.3478944e-23)
(0.85671778 0.043699253 -2.6576757e-21)
(0.85671778 0.043699253 -2.6576757e-21)
(0.85671716 0.043697198 -2.6441632e-21)
(0.85671779 0.043699275 -4.0141232e-34)
(0.85671779 0.043699275 9.7060908e-23)
(0.85671779 0.043699275 -3.1416356e-21)
(0.85671779 0.043699275 9.7060908e-23)
(0.85671779 0.043699275 0)
(0.85671779 0.043699275 -1.4486926e-21)
(0.85671779 0.043699275 1.5414496e-21)
(0.85671779 0.043699275 -1.7056151e-21)
(0.85671779 0.043699275 -4.0141232e-34)
(0.85671779 0.043699275 -1.7009592e-21)
(0.85671779 0.043699275 3.6942023e-35)
(0.85671779 0.043699275 -1.7056151e-21)
(0.85671779 0.043699275 0)
(0.85671779 0.043699275 1.1822075e-22)
(0.85671779 0.043699275 3.6942023e-35)
(0.85671779 0.043699275 1.8858077e-21)
(0.85671779 0.043699275 -1.8755307e-21)
(0.85671779 0.043699275 1.1822075e-22)
(0.85671779 0.043699275 2.1187988e-21)
(0.85671752 0.043698212 -1.0040775e-22)
(0.85671767 0.04369868 0)
(0.85671775 0.043699047 2.296487e-31)
(0.85671779 0.043699237 0)
(0.85671779 0.043699237 0)
(0.71317149 -0.31311046 -2.7115919e-21)
(0.6794968 -0.3947326 -2.5419141e-21)
(0.65405424 -0.45752724 2.629265e-21)
(0.63092978 -0.51486106 2.4360865e-21)
(0.61234389 -0.561545 -4.9259253e-21)
(0.60143881 -0.59067527 2.4953893e-21)
(0.59709383 -0.60504151 0)
(0.61919879 -0.56117225 0)
(0.68790184 -0.41414323 2.4458588e-21)
(0.79503958 -0.18360638 7.4377779e-24)
(0.79122235 -0.18985134 -2.1681208e-23)
(0.75031129 -0.28882624 -1.6878706e-23)
(0.71784172 -0.37445444 -2.3651031e-21)
(0.68275834 -0.37567269 0)
(0.73062117 -0.26760281 5.2724211e-21)
(0.75110622 -0.21348399 -2.6584488e-21)
(0.77230133 -0.15794578 -2.7528705e-21)
(0.77230133 -0.15794578 -2.7528705e-21)
(0.80799633 -0.090621611 -2.6975036e-21)
(0.82209363 -0.048722962 -1.7164422e-23)
(0.82209363 -0.048722962 -1.7164422e-23)
(0.85671779 0.043699275 -7.6817504e-22)
(0.85671779 0.043699275 0)
(0.85671779 0.043699275 0)
(0.85671779 0.043699275 -2.7222932e-22)
(0.85671779 0.043699275 -2.7222932e-22)
(0.85671779 0.043699275 1.477635e-22)
(0.85671779 0.043699275 -1.6013044e-22)
(0.85671779 0.043699275 -1.7206798e-22)
(0.85671779 0.043699275 7.5669477e-22)
(0.85671779 0.043699275 7.5669477e-22)
(0.85671779 0.043699275 -6.5715896e-24)
(0.85671779 0.043699275 9.4566914e-22)
(0.85671779 0.043699275 9.4566914e-22)
(0.85671779 0.043699275 8.4482747e-24)
(0.85671779 0.043699275 2.520899e-21)
(0.85671779 0.043699275 2.520899e-21)
(0.85671779 0.043699275 3.0211914e-21)
(0.85671779 0.043699275 3.0211914e-21)
(0.85671779 0.043699275 1.8846119e-21)
(0.85671779 0.043699275 3.7597998e-21)
(0.85671779 0.043699275 3.7597998e-21)
(0.85671779 0.043699275 0)
(0.85671779 0.043699275 -4.9861319e-21)
(0.85671779 0.043699275 -1.7489291e-33)
(0.85671779 0.043699275 4.9436919e-21)
(0.85671779 0.043699275 4.9436919e-21)
(0.80306469 -0.075362644 3.5241537e-22)
(0.8264812 -0.079755173 -7.8286306e-22)
(0.85501826 0.038194571 3.6805093e-22)
(0.8564171 0.042040923 -4.1126718e-22)
(0.85671262 0.043666378 3.6578148e-22)
(0.85671769 0.043698357 -2.0585599e-22)
(0.85671779 0.043699266 2.0597293e-22)
(0.85671779 0.043699275 6.8696663e-23)
(0.85671779 0.043699275 -2.9369941e-35)
(0.85671779 0.043699275 2.2924592e-23)
(0.85671779 0.043699275 2.2935696e-23)
(0.85671779 0.043699275 2.2945576e-23)
(0.85671779 0.043699275 2.2955466e-23)
(0.85671779 0.043699275 2.2965364e-23)
(0.85671779 0.043699275 5.8173918e-22)
(0.85671779 0.043699275 -5.7181899e-22)
(0.85671779 0.043699275 5.6064817e-22)
(0.85671779 0.043699275 5.6064817e-22)
(0.85671779 0.043699275 0)
(0.85671779 0.043699275 4.2380559e-24)
(0.85671779 0.043699275 0)
(0.85671779 0.043699275 0)
(0.85671779 0.043699275 -5.2500763e-22)
(0.85671779 0.043699275 8.0765266e-24)
(0.85671779 0.043699275 -7.9473974e-24)
(0.85671779 0.043699275 -7.9473974e-24)
(0.85671779 0.043699275 -4.9318942e-22)
(0.85671779 0.043699275 -4.9362689e-22)
(0.85671779 0.043699275 -4.1780654e-34)
(0.85671779 0.043699275 -4.1780654e-34)
(0.85671779 0.043699275 -9.7322185e-22)
(0.85671779 0.043699275 -9.2996097e-22)
)
;
    }
    procBoundary4to5
    {
        type            processor;
        value           nonuniform List<vector> 
189
(
(0.85671779 0.043699275 0)
(0.85671779 0.043699275 0)
(0.85671779 0.043699275 0)
(0.85671779 0.043699275 0)
(0.85671779 0.043699275 0)
(0.85671779 0.043699275 0)
(0.85671779 0.043699275 0)
(0.85671779 0.043699275 0)
(0.85671779 0.043699275 5.45363e-22)
(0.85671779 0.043699275 -5.4537835e-22)
(0.85671779 0.043699275 0)
(0.85671779 0.043699275 5.4540905e-22)
(0.85671779 0.043699275 -1.0908488e-21)
(0.85671779 0.043699275 5.4543993e-22)
(0.85671779 0.043699275 -1.0259784e-20)
(0.85671779 0.043699275 -8.3008788e-33)
(0.85671779 0.043699275 2.0510843e-20)
(0.85671779 0.043699275 -1.0253242e-20)
(0.85671779 0.043699275 -2.8918106e-21)
(0.85671779 0.043699275 0)
(0.85671779 0.043699275 -2.8918106e-21)
(0.85671779 0.043699275 -2.7988198e-21)
(0.85671779 0.043699275 0)
(0.85671779 0.043699275 0)
(0.85671779 0.043699275 0)
(0.85671779 0.043699275 0)
(0.85671779 0.043699275 0)
(0.85671779 0.043699275 0)
(0.85671779 0.043699275 8.5750907e-23)
(0.85671779 0.043699275 8.5750907e-23)
(0.85671779 0.043699275 0)
(0.85671779 0.043699275 0)
(0.85671779 0.043699275 1.5785966e-35)
(0.85671779 0.043699275 -9.3627668e-25)
(0.85671779 0.043699275 0)
(0.85671779 0.043699275 -9.3627668e-25)
(0.85671779 0.043699275 -7.731946e-21)
(0.85671779 0.043699275 7.7968497e-21)
(0.85671779 0.043699275 0)
(0.85671779 0.043699275 -9.6777245e-25)
(0.85671779 0.043699275 8.4392849e-21)
(0.85671779 0.043699275 8.4392849e-21)
(0.85671779 0.043699275 -8.5155169e-21)
(0.85671779 0.043699275 8.5931403e-21)
(0.85671779 0.043699275 4.3360967e-21)
(0.85671779 0.043699275 4.6071856e-21)
(0.85671779 0.043699275 4.6071856e-21)
(0.85671779 0.043699275 -4.6896637e-21)
(0.85671779 0.043699275 -3.7006191e-23)
(0.85671779 0.043699275 -3.738186e-23)
(0.85671779 0.043699275 0)
(0.85671779 0.043699275 -1.3281582e-21)
(0.85671779 0.043699275 4.0188189e-22)
(0.85671779 0.043699275 -1.5363202e-21)
(0.85671779 0.043699275 1.1623275e-21)
(0.85671779 0.043699275 1.1623275e-21)
(0.85671779 0.043699275 -1.2111088e-21)
(0.85671779 0.043699275 -1.2111088e-21)
(0.85671779 0.043699275 -1.2697197e-21)
(0.85671779 0.043699275 -1.3281582e-21)
(0.85671735 0.043698546 -2.0154425e-30)
(0.85671704 0.043698038 -1.3969665e-22)
(0.85671662 0.043697326 4.7311217e-23)
(0.85639579 0.043165815 -2.4089972e-23)
(0.85671598 0.043696313 -2.4040575e-23)
(0.85639579 0.043165815 -2.4089972e-23)
(0.85671779 0.043699275 -2.1769295e-33)
(0.85671779 0.043699274 -1.7489243e-22)
(0.85671779 0.043699274 -1.7751949e-22)
(0.85671779 0.043699273 2.7034001e-22)
(0.85671735 0.043698546 -2.0154425e-30)
(0.85671779 0.043699271 -9.9669501e-33)
(0.85671779 0.043699275 1.6483089e-22)
(0.85671779 0.043699275 -3.3432475e-22)
(0.85671779 0.043699275 -1.6956075e-22)
(0.85671779 0.043699275 -2.1769295e-33)
(0.85671779 0.043699275 1.7202895e-22)
(0.8563457 0.043237137 0)
(0.85559498 0.042209465 8.1573599e-23)
(0.85392316 0.040284541 -1.0071114e-26)
(0.85086633 0.037162287 -2.4548493e-22)
(0.74737084 -0.062505994 5.0328014e-25)
(0.8461924 0.03313342 -4.0932218e-23)
(0.74737084 -0.062505994 5.0328014e-25)
(0.71366418 -0.073226937 4.2197327e-25)
(0.68486002 -0.063421138 1.1615418e-22)
(0.61431285 -0.048410087 -5.5778565e-22)
(0.61431285 -0.048410087 -5.5778565e-22)
(0.64192663 0.056865091 -4.4385778e-22)
(0.70985313 0.14724013 0)
(0.77774722 0.23197808 2.2339722e-22)
(0.77774722 0.23197808 2.2339722e-22)
(0.84149771 0.2018852 -4.3102711e-22)
(0.89365468 0.15588703 -4.3426292e-22)
(0.93352032 0.15958077 1.4527833e-21)
(0.93352032 0.15958077 1.4527833e-21)
(0.93716919 0.15401715 0)
(0.94065209 0.14816558 -2.8461489e-24)
(0.94065209 0.14816558 -2.8461489e-24)
(0.92765146 0.10926711 -2.699491e-21)
(0.93100342 0.10404887 2.7043585e-21)
(0.93386255 0.098941945 -2.7029912e-21)
(0.93623869 0.093938181 0)
(0.93811567 0.089010432 -2.643268e-24)
(0.93947418 0.084134619 0)
(0.94031523 0.079320173 2.6464213e-24)
(0.940653 0.074576998 2.7106919e-21)
(0.9404975 0.069891755 -2.7136465e-21)
(0.93990071 0.065433343 0)
(0.93902573 0.061962112 0)
(0.93831825 0.061343979 9.3452369e-23)
(0.85671779 0.043699275 2.5612089e-21)
(0.85671779 0.043699275 -2.7080155e-22)
(0.85671779 0.043699275 2.9027192e-23)
(0.85671779 0.043699275 -4.3458461e-22)
(0.85671779 0.043699275 -1.3556736e-23)
(0.85671779 0.043699275 -9.4557938e-35)
(0.85671779 0.043699275 -2.5612065e-21)
(0.85671456 0.043680319 2.1315849e-22)
(0.85671801 0.043699728 -4.7677712e-22)
(0.85671778 0.043699213 7.8483656e-22)
(0.85671779 0.043699275 -2.7080155e-22)
(0.85671779 0.043699276 -7.5482613e-22)
(0.86388586 0.049496419 -8.2435302e-23)
(0.8561776 0.042177415 7.0606608e-22)
(0.85671456 0.043680319 2.1315849e-22)
(0.85677888 0.043795212 -4.427488e-27)
(0.93831825 0.061343979 9.3452369e-23)
(0.86388586 0.049496419 -8.2435302e-23)
(0.83705503 0.020281928 -6.0978223e-25)
(0.85671779 0.043699275 0)
(0.85671779 0.043699275 -1.5255922e-21)
(0.85671779 0.043699275 0)
(0.85671779 0.043699275 0)
(0.85671779 0.043699275 1.0863344e-21)
(0.85671779 0.043699275 -1.5255922e-21)
(0.85671779 0.043699275 0)
(0.85671779 0.043699275 0)
(0.85671779 0.043699275 0)
(0.85671779 0.043699275 0)
(0.85671779 0.043699275 0)
(0.85671779 0.043699275 2.5612089e-21)
(0.85671779 0.043699275 -6.0642204e-24)
(0.85671779 0.043699275 -3.0232786e-36)
(0.85671779 0.043699275 0)
(0.85671779 0.043699275 -1.2412997e-20)
(0.85671779 0.043699275 2.4805501e-20)
(0.85671779 0.043699275 -1.2107972e-23)
(0.85671779 0.043699275 -2.4788761e-20)
(0.85671779 0.043699275 1.238415e-20)
(0.85671779 0.043699275 0)
(0.85671779 0.043699275 6.0458237e-24)
(0.85671779 0.043699275 -6.0437861e-24)
(0.85671779 0.043699275 0)
(0.85671779 0.043699275 0)
(0.85671779 0.043699275 -6.0642204e-24)
(0.85671779 0.043699275 1.2688675e-20)
(0.85671779 0.043699275 -9.2225093e-25)
(0.85671779 0.043699275 -9.2225093e-25)
(0.85671779 0.043699275 -5.0440572e-22)
(0.85671779 0.043699275 2.697314e-22)
(0.85671779 0.043699275 8.7386181e-22)
(0.85671779 0.043699275 8.7386181e-22)
(0.85671779 0.043699275 -2.4573616e-24)
(0.85671779 0.043699275 -6.8638697e-22)
(0.85671779 0.043699275 -6.8638697e-22)
(0.85671779 0.043699275 5.8938829e-24)
(0.85671779 0.043699275 -8.4489937e-22)
(0.85671779 0.043699275 -8.4489937e-22)
(0.85671779 0.043699275 9.4211433e-22)
(0.85671779 0.043699275 9.4211433e-22)
(0.85671779 0.043699275 2.1587872e-21)
(0.85671779 0.043699275 2.1587872e-21)
(0.85671779 0.043699275 0)
(0.85671779 0.043699275 0)
(0.85671779 0.043699275 2.4901791e-21)
(0.85671779 0.043699275 2.991144e-21)
(0.85671779 0.043699275 2.991144e-21)
(0.85671779 0.043699275 -5.970412e-21)
(0.85671779 0.043699275 -8.2956568e-34)
(0.85671779 0.043699275 0)
(0.85671779 0.043699275 -2.8138162e-22)
(0.85671779 0.043699275 2.7669231e-22)
(0.85671779 0.043699275 2.7669231e-22)
(0.85671779 0.043699275 0)
(0.85671779 0.043699275 7.3950642e-34)
(0.85671779 0.043699275 8.2928922e-24)
(0.85671779 0.043699275 2.5306575e-22)
(0.85671779 0.043699275 2.5306575e-22)
)
;
    }
}


// ************************************************************************* //
