/*--------------------------------*- C++ -*----------------------------------*\
| =========                 |                                                 |
| \\      /  F ield         | OpenFOAM: The Open Source CFD Toolbox           |
|  \\    /   O peration     | Version:  2206                                  |
|   \\  /    A nd           | Website:  www.openfoam.com                      |
|    \\/     M anipulation  |                                                 |
\*---------------------------------------------------------------------------*/
FoamFile
{
    version     2.0;
    format      ascii;
    arch        "LSB;label=32;scalar=64";
    class       volVectorField;
    location    "0.01";
    object      U;
}
// * * * * * * * * * * * * * * * * * * * * * * * * * * * * * * * * * * * * * //

dimensions      [0 1 -1 0 0 0 0];

internalField   nonuniform List<vector> 
1396
(
(0.85671779 0.043699275 0)
(0.85671779 0.043699275 0)
(0.85671779 0.043699275 1.795297e-21)
(0.85671779 0.043699275 -1.7953801e-21)
(0.85671779 0.043699275 0)
(0.85671779 0.043699275 0)
(0.85671779 0.043699275 -8.9781484e-22)
(0.85671779 0.043699275 8.9785643e-22)
(0.85671779 0.043699275 -8.9789803e-22)
(0.85671779 0.043699275 8.9793964e-22)
(0.85671779 0.043699275 0)
(0.85671779 0.043699275 -8.9802287e-22)
(0.85671779 0.043699275 8.9806448e-22)
(0.85671779 0.043699275 0)
(0.85671779 0.043699275 0)
(0.85671779 0.043699275 1.8394299e-21)
(0.85671779 0.043699275 -3.6790345e-21)
(0.85671779 0.043699275 1.8396046e-21)
(0.85671779 0.043699275 -9.1984594e-22)
(0.85671779 0.043699275 1.8397792e-21)
(0.85671779 0.043699275 -9.1993328e-22)
(0.85671779 0.043699275 -9.1997695e-22)
(0.85671779 0.043699275 9.2002063e-22)
(0.85671779 0.043699275 9.2006431e-22)
(0.85671779 0.043699275 -9.20108e-22)
(0.85671779 0.043699275 0)
(0.85671779 0.043699275 0)
(0.85671779 0.043699275 0)
(0.85671779 0.043699275 1.8857906e-21)
(0.85671779 0.043699275 1.885879e-21)
(0.85671779 0.043699275 3.9196838e-34)
(0.85671779 0.043699275 -1.8860625e-21)
(0.85671779 0.043699275 0)
(0.85671779 0.043699275 9.4312307e-22)
(0.85671779 0.043699275 -9.4316897e-22)
(0.85671779 0.043699275 0)
(0.85671779 0.043699275 0)
(0.85671779 0.043699275 0)
(0.85671779 0.043699275 0)
(0.85671779 0.043699275 0)
(0.85671779 0.043699275 -9.4344449e-22)
(0.85671779 0.043699275 9.4349094e-22)
(0.85671779 0.043699275 -1.4153642e-21)
(0.85671779 0.043699275 1.416808e-21)
(0.85671779 0.043699275 0)
(0.85671779 0.043699275 0)
(0.85671779 0.043699275 1.4211728e-21)
(0.85671779 0.043699275 -2.8452673e-21)
(0.85671779 0.043699275 7.1204875e-22)
(0.85671779 0.043699274 7.1278217e-22)
(0.85671779 0.043699271 0)
(0.85671778 0.043699252 7.1425349e-22)
(0.85671773 0.043699147 -7.1499144e-22)
(0.8567175 0.043698588 3.5786498e-22)
(0.85671626 0.04369562 -3.5800148e-22)
(0.85671015 0.043687282 0)
(0.85671779 0.043699275 0)
(0.85671779 0.043699275 0)
(0.85671779 0.043699275 0)
(0.85671779 0.043699275 0)
(0.85671779 0.043699275 1.3405831e-21)
(0.85671779 0.043699275 -1.3418829e-21)
(0.85671779 0.043699275 0)
(0.85671779 0.043699275 0)
(0.85671779 0.043699274 0)
(0.85671779 0.043699271 0)
(0.85671778 0.043699253 0)
(0.85671773 0.043699138 0)
(0.85671745 0.043698483 0)
(0.85671594 0.04369639 0)
(0.85671779 0.043699275 1.2640115e-21)
(0.85671779 0.043699275 -1.2651635e-21)
(0.85671779 0.043699275 2.5326423e-21)
(0.85671779 0.043699275 -1.2674809e-21)
(0.85671779 0.043699275 0)
(0.85671779 0.043699275 0)
(0.85671779 0.043699275 0)
(0.85671779 0.043699275 -6.360705e-22)
(0.85671779 0.043699275 1.2733114e-21)
(0.85671779 0.043699274 -6.3724192e-22)
(0.85671779 0.043699271 0)
(0.85671778 0.043699249 3.192088e-22)
(0.85671772 0.043699111 -3.1931714e-22)
(0.85671736 0.043698603 0)
(0.85671779 0.043699275 -1.1998578e-21)
(0.85671779 0.043699275 0)
(0.85671779 0.043699275 0)
(0.85671779 0.043699275 0)
(0.85671779 0.043699275 0)
(0.85671779 0.043699275 0)
(0.85671779 0.043699275 6.030644e-22)
(0.85671779 0.043699275 -6.035904e-22)
(0.85671779 0.043699275 6.0411731e-22)
(0.85671779 0.043699275 -6.0464513e-22)
(0.85671779 0.043699274 0)
(0.85671779 0.04369927 3.0285176e-22)
(0.85671778 0.043699243 -4.5442391e-22)
(0.8567177 0.043699124 1.51391e-22)
(0.85671779 0.043699275 -5.9965327e-35)
(0.85671779 0.043699275 -1.1428425e-21)
(0.85671779 0.043699275 0)
(0.85671779 0.043699275 0)
(0.85671779 0.043699275 0)
(0.85671779 0.043699275 0)
(0.85671779 0.043699275 -5.7379027e-22)
(0.85671779 0.043699275 1.1485328e-21)
(0.85671779 0.043699275 -2.3737709e-33)
(0.85671779 0.043699275 -1.1504422e-21)
(0.85671779 0.043699275 5.756996e-22)
(0.85671779 0.043699274 0)
(0.85671779 0.043699269 -1.4408884e-22)
(0.85671777 0.043699243 1.4401314e-22)
(0.85671779 0.043699275 1.0892863e-21)
(0.85671779 0.043699275 0)
(0.85671779 0.043699275 -1.0910016e-21)
(0.85671779 0.043699275 1.0918623e-21)
(0.85671779 0.043699275 0)
(0.85671779 0.043699275 0)
(0.85671779 0.043699275 0)
(0.85671779 0.043699275 -5.4765934e-22)
(0.85671779 0.043699275 1.0961862e-21)
(0.85671779 0.043699275 -2.873083e-33)
(0.85671779 0.043699275 -2.7448131e-22)
(0.85671779 0.043699275 -9.5314431e-32)
(0.85671779 0.043699274 -2.7477943e-22)
(0.85671779 0.043699269 0)
(0.85671779 0.043699275 0)
(0.85671779 0.043699275 0)
(0.85671779 0.043699275 0)
(0.85671779 0.043699275 0)
(0.85671779 0.043699275 0)
(0.85671779 0.043699275 0)
(0.85671779 0.043699275 0)
(0.85671779 0.043699275 0)
(0.85671779 0.043699275 5.2380493e-22)
(0.85671779 0.043699275 -5.2420169e-22)
(0.85671779 0.043699275 0)
(0.85671779 0.043699275 2.6249851e-22)
(0.85671779 0.043699275 -2.6257176e-22)
(0.85671779 0.043699274 0)
(0.85671779 0.043699275 0)
(0.85671779 0.043699275 0)
(0.85671779 0.043699275 0)
(0.85671779 0.043699275 0)
(0.85671779 0.043699275 1.0002571e-21)
(0.85671779 0.043699275 -1.0009805e-21)
(0.85671779 0.043699275 0)
(0.85671779 0.043699275 0)
(0.85671779 0.043699275 5.0157849e-22)
(0.85671779 0.043699275 -3.2031758e-34)
(0.85671779 0.043699275 -5.023066e-22)
(0.85671779 0.043699275 2.5133572e-22)
(0.85671779 0.043699275 -2.5140287e-22)
(0.85671779 0.043699275 0)
(0.85671779 0.043699275 -1.5688603e-22)
(0.85671779 0.043699275 -5.0106622e-21)
(0.85671779 0.043699275 -1.5628151e-22)
(0.85671779 0.043699275 1.55981e-22)
(0.85671779 0.043699275 -5.1374936e-21)
(0.85671779 0.043699275 5.328594e-35)
(0.85671779 0.043699275 0)
(0.85671779 0.043699275 5.1393375e-21)
(0.85671779 0.043699275 -5.2849283e-21)
(0.85671779 0.043699275 0)
(0.85671779 0.043699275 -1.5484562e-22)
(0.85671779 0.043699275 1.545506e-22)
(0.85671779 0.043699275 1.0126572e-20)
(0.85671779 0.043699275 -4.9758328e-21)
(0.85671779 0.043699275 0)
(0.85671779 0.043699275 1.5490091e-22)
(0.85671779 0.043699275 -1.5460567e-22)
(0.85671779 0.043699275 -4.9379697e-21)
(0.85671779 0.043699275 4.9285941e-21)
(0.85671779 0.043699275 0)
(0.85671779 0.043699275 -1.5343589e-22)
(0.85671779 0.043699275 -4.9680897e-21)
(0.85671779 0.043699275 1.5495623e-22)
(0.85671779 0.043699275 4.7944844e-21)
(0.85671779 0.043699275 1.5436645e-22)
(0.85671779 0.043699275 1.5407326e-22)
(0.85671779 0.043699275 0)
(0.85671779 0.043699275 -1.5349017e-22)
(0.85671779 0.043699275 1.5320028e-22)
(0.85671779 0.043699275 5.046079e-21)
(0.85671779 0.043699275 -4.883961e-21)
(0.85671779 0.043699275 1.5233714e-22)
(0.85671779 0.043699275 -4.9509098e-21)
(0.85671779 0.043699275 8.2223673e-35)
(0.85671779 0.043699275 5.0862237e-21)
(0.85671779 0.043699275 -5.0765775e-21)
(0.85671779 0.043699275 1.5354449e-22)
(0.85671779 0.043699275 5.0573949e-21)
(0.85671779 0.043699275 1.5296539e-22)
(0.85671779 0.043699275 -5.0383571e-21)
(0.85671779 0.043699275 0)
(0.85671779 0.043699275 1.521049e-22)
(0.85671779 0.043699275 2.7676615e-35)
(0.85671779 0.043699275 0)
(0.85671779 0.043699275 -5.0783781e-21)
(0.85671779 0.043699275 8.7856526e-34)
(0.85671779 0.043699275 4.9058734e-21)
(0.85671779 0.043699275 -3.0603868e-22)
(0.85671779 0.043699275 -5.0401307e-21)
(0.85671779 0.043699275 9.6039841e-21)
(0.85671779 0.043699275 -4.8690638e-21)
(0.85671779 0.043699275 1.5187335e-22)
(0.85671779 0.043699275 -3.0317907e-22)
(0.85671779 0.043699275 3.2857722e-35)
(0.85671779 0.043699275 1.5102507e-22)
(0.85671779 0.043699275 0)
(0.85671779 0.043699275 1.5046477e-22)
(0.85671779 0.043699275 0)
(0.85671779 0.043699275 3.0499554e-22)
(0.85671779 0.043699275 -1.5221163e-22)
(0.85671779 0.043699275 0)
(0.85671779 0.043699275 1.5164251e-22)
(0.85671779 0.043699275 -3.0271912e-22)
(0.85671779 0.043699275 3.021553e-22)
(0.85671779 0.043699275 4.6747009e-21)
(0.85671779 0.043699275 -9.6330868e-21)
(0.85671779 0.043699275 4.6573846e-21)
(0.85671779 0.043699275 0)
(0.85671779 0.043699275 2.5208474e-35)
(0.85671779 0.043699275 4.8542571e-21)
(0.85671779 0.043699275 -4.8451961e-21)
(0.85671779 0.043699275 -3.0226055e-22)
(0.85671779 0.043699275 3.0169847e-22)
(0.85671779 0.043699275 -1.5056921e-22)
(0.85671779 0.043699275 -4.8092881e-21)
(0.85671779 0.043699275 4.6503815e-21)
(0.85671779 0.043699275 -4.6417972e-21)
(0.85671779 0.043699275 4.7827036e-21)
(0.85671779 0.043699275 4.8288543e-21)
(0.85671779 0.043699275 3.0124297e-22)
(0.85671779 0.043699275 4.6606122e-21)
(0.85671779 0.043699275 -9.6041082e-21)
(0.85671779 0.043699275 4.7931868e-21)
(0.85671779 0.043699275 1.49511e-22)
(0.85671779 0.043699275 -4.6263141e-21)
(0.85671779 0.043699275 4.76678e-21)
(0.85671779 0.043699275 -4.9446809e-21)
(0.85671779 0.043699275 4.6364388e-21)
(0.85671779 0.043699275 -4.9264804e-21)
(0.85671779 0.043699275 -1.4901305e-22)
(0.85671779 0.043699275 -1.487398e-22)
(0.85671779 0.043699275 -1.4846755e-22)
(0.85671779 0.043699275 -4.612515e-21)
(0.85671779 0.043699275 -4.7525885e-21)
(0.85671779 0.043699275 2.4753912e-34)
(0.85671779 0.043699275 5.031201e-21)
(0.85671779 0.043699275 0)
(0.85671779 0.043699275 -2.9497738e-22)
(0.85671779 0.043699275 -8.9672489e-21)
(0.85671779 0.043699275 5.8222385e-21)
(0.85671779 0.043699275 -3.2100294e-35)
(0.85671779 0.043699275 0)
(0.85671779 0.043699275 -1.7508145e-22)
(0.85671779 0.043699275 2.9688124e-21)
(0.85671779 0.043699275 -5.5741714e-21)
(0.85671779 0.043699275 2.6062792e-21)
(0.85671779 0.043699275 -2.5996986e-21)
(0.85671779 0.043699275 2.766028e-21)
(0.85671779 0.043699275 0)
(0.85671779 0.043699275 -1.8391303e-22)
(0.85671779 0.043699275 3.6684319e-22)
(0.85671779 0.043699275 0)
(0.85671779 0.043699275 1.8244658e-22)
(0.85671779 0.043699275 -3.0933695e-21)
(0.85671779 0.043699275 3.0851915e-21)
(0.85671779 0.043699275 3.620066e-22)
(0.85671779 0.043699275 -3.0689636e-21)
(0.85671779 0.043699275 -9.2187465e-21)
(0.85671779 0.043699275 5.7456399e-21)
(0.85671779 0.043699275 -3.0558157e-21)
(0.85671779 0.043699275 3.2377952e-21)
(0.85671779 0.043699275 -1.8993156e-22)
(0.85671779 0.043699275 -6.0610393e-21)
(0.85671779 0.043699275 2.0095609e-22)
(0.85671779 0.043699275 4.0073899e-22)
(0.85671779 0.043699275 -3.1965811e-21)
(0.85671779 0.043699275 2.9880979e-21)
(0.85671779 0.043699275 6.7430299e-21)
(0.85671779 0.043699275 1.3888841e-34)
(0.85671779 0.043699275 2.068939e-20)
(0.85671779 0.043699275 0)
(0.85671779 0.043699275 0)
(0.85671779 0.043699275 0)
(0.85671779 0.043699275 0)
(0.85671779 0.043699275 0)
(0.85671779 0.043699275 0)
(0.85671779 0.043699275 0)
(0.85671779 0.043699275 0)
(0.85671779 0.043699275 0)
(0.85671779 0.043699275 1.7114298e-20)
(0.85671779 0.043699275 -6.2879978e-23)
(0.85671779 0.043699275 5.9352917e-23)
(0.85671779 0.043699275 1.4386818e-20)
(0.85671779 0.043699275 3.341882e-22)
(0.85671779 0.043699275 1.0935141e-35)
(0.85671779 0.043699275 -1.4430617e-22)
(0.85671779 0.043699275 -1.7292061e-20)
(0.85671779 0.043699275 0)
(0.85671779 0.043699275 0)
(0.85671779 0.043699275 -1.451223e-20)
(0.85671779 0.043699275 0)
(0.85671779 0.043699275 0)
(0.85671779 0.043699275 0)
(0.85671779 0.043699275 0)
(0.85671779 0.043699275 -6.411997e-23)
(0.85671779 0.043699275 6.0456471e-23)
(0.85671779 0.043699275 -1.4639849e-20)
(0.85671779 0.043699275 -2.4074569e-20)
(0.85671779 0.043699275 2.2295093e-20)
(0.85671779 0.043699275 6.4675164e-35)
(0.85671779 0.043699275 -1.4758107e-22)
(0.85671779 0.043699275 0)
(0.85671779 0.043699275 1.6578173e-20)
(0.85671779 0.043699275 1.5591578e-20)
(0.85671779 0.043699275 2.9568311e-20)
(0.85671779 0.043699275 2.442505e-20)
(0.85671779 0.043699275 -2.2419221e-20)
(0.85671779 0.043699275 2.0717831e-20)
(0.85671779 0.043699275 0)
(0.85671779 0.043699275 0)
(0.85671779 0.043699275 -1.6810328e-20)
(0.85671779 0.043699275 -1.5708472e-20)
(0.85671779 0.043699275 -2.4401601e-20)
(0.85671779 0.043699275 2.2370564e-20)
(0.85671779 0.043699275 -2.0814253e-20)
(0.85671779 0.043699275 1.9329032e-20)
(0.85671779 0.043699275 0)
(0.85671779 0.043699275 1.6915059e-20)
(0.85671779 0.043699275 0)
(0.85671779 0.043699275 2.4962508e-20)
(0.85671779 0.043699275 -2.2856254e-20)
(0.85671779 0.043699275 0)
(0.85671779 0.043699275 -9.7780445e-21)
(0.85671779 0.043699275 0)
(0.85671779 0.043699275 -8.4775917e-21)
(0.85671779 0.043699275 7.9745165e-21)
(0.85671779 0.043699275 -1.9798826e-22)
(0.85671779 0.043699275 0)
(0.85671779 0.043699275 0)
(0.85671779 0.043699275 -9.8942717e-21)
(0.85671779 0.043699275 0)
(0.85671779 0.043699275 -8.6329602e-21)
(0.85671779 0.043699275 -8.1156719e-21)
(0.85671779 0.043699275 -1.2666075e-20)
(0.85671779 0.043699275 1.1750789e-20)
(0.85671779 0.043699275 0)
(0.85671779 0.043699275 -1.0013297e-20)
(0.85671779 0.043699275 0)
(0.85671779 0.043699275 -8.7915853e-21)
(0.85671779 0.043699275 1.3273355e-20)
(0.85671779 0.043699275 -1.1919046e-20)
(0.85671779 0.043699275 -1.0783819e-20)
(0.85671779 0.043699275 1.0135217e-20)
(0.85671779 0.043699275 9.2822533e-21)
(0.85671779 0.043699275 8.8158231e-21)
(0.85671779 0.043699275 2.6347764e-20)
(0.85671779 0.043699275 -2.4373328e-20)
(0.85671779 0.043699275 1.1274545e-20)
(0.85671779 0.043699275 1.0420462e-20)
(0.85671779 0.043699275 -9.6866635e-21)
(0.85671779 0.043699275 8.8405797e-21)
(0.85671779 0.043699275 -1.2822928e-33)
(0.85671779 0.043699275 2.4540893e-20)
(0.85671779 0.043699275 1.757991e-22)
(0.85671779 0.043699275 -2.0938698e-20)
(0.85671779 0.043699275 0)
(0.85671779 0.043699275 -1.8013197e-20)
(0.85671779 0.043699275 -2.7430447e-20)
(0.85671779 0.043699275 1.9459503e-22)
(0.85671779 0.043699275 -1.782084e-22)
(0.85671779 0.043699275 1.0683871e-20)
(0.85671779 0.043699275 -1.5252113e-22)
(0.85671779 0.043699275 2.7192488e-34)
(0.85671779 0.043699275 -9.4120528e-22)
(0.85671779 0.043699275 -9.446649e-22)
(0.85671779 0.043699275 3.5555625e-21)
(0.85671779 0.043699275 -1.9615852e-21)
(0.85671779 0.043699275 9.8454994e-22)
(0.85671779 0.043699275 2.1298079e-34)
(0.85671779 0.043699275 0)
(0.85671779 0.043699275 1.0279514e-21)
(0.85671779 0.043699275 -1.0708751e-21)
(0.85671779 0.043699275 -1.1224203e-21)
(0.85671779 0.043699275 -5.6450822e-22)
(0.85671779 0.043699275 -1.4305155e-21)
(0.85671779 0.043699275 -2.9005847e-22)
(0.85671779 0.043699274 -2.9412475e-22)
(0.85671779 0.043699273 2.2470142e-29)
(0.85671779 0.043699271 -1.2104367e-21)
(0.85671779 0.043699267 -6.1407521e-22)
(0.85671778 0.043699261 -3.1159749e-22)
(0.85671778 0.043699251 -6.3259001e-22)
(0.85671777 0.043699237 -6.4227244e-22)
(0.85671776 0.043699218 -6.5225584e-22)
(0.85671774 0.043699187 -8.2819416e-23)
(0.8567177 0.043699125 -6.3110907e-22)
(0.85671779 0.043699275 5.7123538e-22)
(0.85671779 0.043699275 -5.7911923e-22)
(0.85671779 0.043699275 0)
(0.85671779 0.043699275 0)
(0.85671779 0.043699275 3.0206627e-22)
(0.85671779 0.043699275 -3.0647873e-22)
(0.85671779 0.043699275 0)
(0.85671779 0.043699275 0)
(0.85671779 0.043699275 -1.6026253e-22)
(0.85671779 0.043699275 1.1562496e-21)
(0.85671779 0.043699275 -5.8620131e-22)
(0.85671779 0.043699275 -2.9725328e-22)
(0.85671779 0.043699275 1.4039846e-34)
(0.82722653 -0.024972222 -5.1173542e-21)
(0.81105905 -0.062591338 -3.81572e-23)
(0.79344179 -0.10391614 0)
(0.77431026 -0.14878862 3.6487469e-23)
(0.75436197 -0.19564307 0)
(0.73418876 -0.24313285 -3.4949686e-23)
(0.71471714 -0.28914241 4.3120237e-21)
(0.69975727 -0.32558267 -2.3755233e-22)
(0.68797258 -0.35448539 -8.7082024e-21)
(0.69930126 -0.33176206 4.3132019e-21)
(0.71898825 -0.29098294 3.4279833e-23)
(0.72958448 -0.26897542 -3.4736108e-23)
(0.71858225 -0.2983087 -3.4414593e-23)
(0.69542168 -0.3038553 4.5309791e-21)
(0.82100133 -0.037381244 5.1757059e-21)
(0.80356042 -0.076935075 -4.8308205e-21)
(0.78499778 -0.11930843 5.0224392e-21)
(0.76512889 -0.16464698 -7.456512e-23)
(0.74457798 -0.21156334 0)
(0.72398002 -0.25863996 3.6162194e-23)
(0.70425361 -0.30382219 -3.4726471e-23)
(0.6898385 -0.33793916 -4.3212976e-21)
(0.68028316 -0.36109336 4.4073674e-21)
(0.69428737 -0.33250557 3.4352365e-23)
(0.71525599 -0.28969274 -6.9976749e-23)
(0.72273835 -0.27506301 3.5783804e-23)
(0.70735902 -0.31153204 4.3543412e-21)
(0.68350667 -0.31567931 -4.7960937e-21)
(0.81497762 -0.048323734 -5.2047008e-21)
(0.79646418 -0.089041544 4.8832973e-21)
(0.7769445 -0.13213509 -3.4698103e-22)
(0.75625596 -0.17775729 -4.9088748e-21)
(0.73497963 -0.22464891 -4.5349046e-21)
(0.71380528 -0.27132601 4.754578e-21)
(0.69359553 -0.3159201 3.5635319e-23)
(0.67950563 -0.34805642 -4.3581354e-21)
(0.67214088 -0.36569317 4.4994791e-21)
(0.68848706 -0.3326538 -6.963291e-23)
(0.71020179 -0.28953896 3.5533995e-23)
(0.71520447 -0.28082304 -4.539844e-21)
(0.69675532 -0.32173042 4.6985225e-21)
(0.67295633 -0.32533442 0)
(0.80972952 -0.056917974 -1.0152471e-20)
(0.79038016 -0.098203691 2.9788869e-22)
(0.76996606 -0.14182245 5.0787661e-21)
(0.7484782 -0.18765643 4.6244109e-21)
(0.72646103 -0.2345586 -4.8473228e-21)
(0.70465457 -0.2809939 0)
(0.683827 -0.32535905 0)
(0.66986455 -0.35604836 -3.5025615e-23)
(0.66426367 -0.36944316 0)
(0.68249106 -0.33366329 -4.5830473e-21)
(0.70478189 -0.29099136 -2.371105e-22)
(0.70796126 -0.28664516 -5.0043473e-24)
(0.68755707 -0.33008117 4.6186957e-21)
(0.66393609 -0.33368313 0)
(0.80557596 -0.062886115 -1.89353e-22)
(0.78554483 -0.10440907 -9.9005083e-21)
(0.76425572 -0.14851669 5.0110264e-21)
(0.74194275 -0.19463477 -7.3923134e-23)
(0.71911444 -0.24172506 0)
(0.69655603 -0.28821669 -7.1002784e-23)
(0.6749594 -0.33274351 -4.3671947e-21)
(0.66078793 -0.36283644 2.3665716e-22)
(0.65634236 -0.3737497 -3.8131551e-23)
(0.67606251 -0.33673464 9.09459e-21)
(0.69911286 -0.29473851 -4.4073183e-21)
(0.70090788 -0.2936193 0)
(0.67899007 -0.33838353 7.1220747e-23)
(0.65498017 -0.3423357 0)
(0.8025229 -0.066178196 -5.1919539e-21)
(0.78184156 -0.10773555 0)
(0.75957137 -0.15238587 0)
(0.73626692 -0.19894085 4.6083913e-21)
(0.7123954 -0.24648117 -9.2138929e-21)
(0.68876835 -0.29344592 4.7516385e-21)
(0.66601256 -0.33869782 0)
(0.65098174 -0.36937253 -6.8892193e-23)
(0.64682585 -0.3797103 0)
(0.66753763 -0.34277234 -6.9919675e-23)
(0.69193359 -0.30057433 0)
(0.69269763 -0.30133058 -4.5301054e-21)
(0.669692 -0.3459965 8.9828385e-21)
(0.64456485 -0.35106807 -4.8921833e-21)
(0.80082616 -0.066259986 -9.6811361e-21)
(0.77951638 -0.10761018 4.9409996e-21)
(0.75614509 -0.15281012 -4.5380292e-21)
(0.73166297 -0.19990933 4.6961826e-21)
(0.70648487 -0.24812529 0)
(0.68141314 -0.29597502 4.2186079e-21)
(0.65698966 -0.34258419 -4.5139897e-21)
(0.64014678 -0.37528449 0)
(0.63497302 -0.38728335 0)
(0.65593494 -0.35174826 0)
(0.68246562 -0.30765333 4.4760184e-21)
(0.68330734 -0.3080135 -4.8112991e-24)
(0.66024984 -0.35075242 -3.0879916e-22)
(0.63355675 -0.35805297 -9.5152982e-21)
(0.80065836 -0.062784292 -4.8864512e-21)
(0.77873029 -0.10362081 4.5152915e-21)
(0.75413179 -0.14928683 -9.2254924e-21)
(0.72828801 -0.19695071 3.2417813e-22)
(0.70155819 -0.24597156 4.6343665e-21)
(0.67469111 -0.29501463 2.034814e-26)
(0.64813842 -0.3434367 -6.6369695e-23)
(0.62838414 -0.37951922 0)
(0.62035976 -0.39589206 -4.1686255e-21)
(0.64044321 -0.36343016 4.1242315e-21)
(0.66957738 -0.31629438 4.5237305e-21)
(0.67281275 -0.31323107 -4.4212442e-21)
(0.6515341 -0.35223253 7.6228974e-25)
(0.62323021 -0.3627852 0)
(0.80341549 -0.054674463 -1.4408418e-22)
(0.78124914 -0.094737206 4.3015338e-21)
(0.755777 -0.14069275 -4.5912676e-21)
(0.72883427 -0.18894543 -4.1180153e-21)
(0.70076567 -0.23889184 4.2938049e-21)
(0.67226972 -0.2893235 4.0301389e-21)
(0.64394955 -0.33937435 -4.2742119e-21)
(0.62120913 -0.37958032 3.913096e-21)
(0.60915358 -0.40299915 -8.2991201e-21)
(0.62764939 -0.37588486 4.0621768e-21)
(0.65984206 -0.32731594 -6.4299131e-23)
(0.66658075 -0.31992246 4.2424481e-21)
(0.64854053 -0.35292101 -4.377574e-21)
(0.61505327 -0.36750291 4.3983355e-21)
(0.80639681 -0.045522159 -4.543275e-21)
(0.78326691 -0.084941276 1.3638861e-22)
(0.75589771 -0.13138066 -1.3074951e-24)
(0.72660348 -0.18048274 -6.6255873e-23)
(0.69574438 -0.23167859 -1.020907e-24)
(0.66391924 -0.28397468 -8.0879195e-25)
(0.63157586 -0.33674368 3.872653e-21)
(0.60286321 -0.38275452 -4.0660932e-21)
(0.58244854 -0.41562982 4.4402672e-25)
(0.59502157 -0.39700926 1.4394588e-24)
(0.62732845 -0.34807278 -4.2084941e-21)
(0.63912443 -0.33263511 4.1629233e-21)
(0.6272503 -0.35062463 -5.1430918e-25)
(0.58708844 -0.36998021 -1.3318189e-24)
(0.81525464 -0.028836864 -4.1218248e-21)
(0.79359808 -0.06571549 1.300816e-22)
(0.76710946 -0.11097963 4.3505344e-21)
(0.73822372 -0.15986833 -3.8392614e-21)
(0.70744692 -0.21143016 4.0709993e-21)
(0.67546878 -0.26449081 1.1865196e-22)
(0.6433176 -0.31753042 5.8211201e-23)
(0.61408064 -0.36579914 1.1392933e-22)
(0.5917952 -0.40566213 1.1228873e-22)
(0.59862725 -0.39775325 -3.6971682e-21)
(0.63464235 -0.34974478 3.790071e-21)
(0.64690634 -0.32643097 -1.2154091e-22)
(0.65381171 -0.32026214 6.071997e-23)
(0.57145389 -0.33843462 8.4982423e-21)
(0.81522007 -0.021362941 -4.0386128e-21)
(0.79081153 -0.057867349 6.1830548e-23)
(0.75912964 -0.10433913 -6.0750126e-23)
(0.72442932 -0.15449109 5.9664372e-23)
(0.68738586 -0.20761426 -3.5249208e-21)
(0.64834995 -0.26321026 2.7455505e-22)
(0.60718261 -0.32156025 3.1734703e-22)
(0.56463859 -0.3813891 3.6745162e-21)
(0.53000762 -0.42820693 -2.7764097e-23)
(0.51801338 -0.43246059 -3.7152347e-21)
(0.56053199 -0.35996188 3.5197228e-21)
(0.5404823 -0.33390057 2.7414224e-23)
(0.53927704 -0.24020494 0)
(0.27804901 -0.21716468 -6.721739e-23)
(0.85671476 0.043695729 0)
(0.85670855 0.043688054 3.0530358e-23)
(0.85669542 0.043669852 -9.9125637e-22)
(0.85666561 0.043626631 6.7419406e-26)
(0.85660152 0.043530652 1.0211374e-21)
(0.8564687 0.043328131 0)
(0.85620466 0.042922588 0)
(0.85570499 0.04215463 0)
(0.85479793 0.040786334 0)
(0.85315911 0.038511332 5.8346119e-22)
(0.85034211 0.034980303 -5.5967698e-22)
(0.8461619 0.02956469 0)
(0.84076575 0.021098248 0)
(0.83400129 0.008775511 -1.4311498e-22)
(0.8567059 0.043684986 -9.4245794e-22)
(0.85668193 0.043655281 -2.9867229e-23)
(0.85663058 0.043583713 9.6929711e-22)
(0.85651745 0.043416072 -1.9666299e-21)
(0.85627964 0.043049874 9.978364e-22)
(0.85580276 0.042302773 5.0571459e-22)
(0.85490296 0.0408814 -5.1375426e-22)
(0.85330695 0.038359358 -5.1934689e-22)
(0.850653 0.034172503 5.2875167e-22)
(0.84653509 0.02763517 4.9733498e-22)
(0.84067464 0.018007934 -5.4285123e-22)
(0.83330026 0.0047492793 0)
(0.82518622 -0.01181895 0)
(0.8160891 -0.0293775 0)
(0.85667784 0.043654179 0)
(0.85659599 0.043559311 -1.0521382e-21)
(0.85642277 0.043333548 9.4842688e-22)
(0.85605054 0.042822462 -1.2008144e-22)
(0.85531108 0.041766506 0)
(0.85394699 0.039767633 0)
(0.8516104 0.036292178 0)
(0.84788883 0.030717187 0)
(0.84236553 0.022407717 0)
(0.83473055 0.01078101 0)
(0.82502517 -0.0046456334 0)
(0.81398331 -0.024104987 0)
(0.80259524 -0.04702705 0)
(0.79041298 -0.069995568 0)
(0.85659296 0.043567586 -1.1293894e-22)
(0.85633676 0.043293647 -9.1530399e-22)
(0.85581366 0.042665232 8.1230988e-22)
(0.85475278 0.041317741 -9.3818587e-22)
(0.85280332 0.038723813 4.0145641e-24)
(0.84952898 0.034205434 1.3248545e-21)
(0.84447862 0.027041735 -6.0860158e-22)
(0.83728597 0.016626754 -1.2068135e-22)
(0.8277749 0.0025946158 -1.2085889e-22)
(0.81603744 -0.015215297 0)
(0.80246779 -0.037012446 -3.649426e-22)
(0.78782174 -0.063037105 1.3314011e-22)
(0.77358596 -0.091598404 -3.6080376e-22)
(0.75944382 -0.11789646 1.3387869e-22)
(0.85636432 0.043359276 3.3192409e-22)
(0.85566388 0.04267671 1.0078477e-21)
(0.85431146 0.041194677 -1.1542035e-22)
(0.85175398 0.038214924 -1.0334051e-21)
(0.84743779 0.032893646 2.3026138e-22)
(0.84085657 0.024363368 -1.1352745e-22)
(0.83172055 0.011980379 1.1894539e-22)
(0.82006975 -0.0044772957 3.5143131e-22)
(0.8062373 -0.024842491 -1.0981357e-22)
(0.79054103 -0.049019881 2.3007156e-22)
(0.77308195 -0.077493236 -1.062038e-22)
(0.75541164 -0.10953778 3.4839583e-22)
(0.74004908 -0.14181447 1.2184425e-22)
(0.72504569 -0.16981548 -1.0139031e-22)
(0.85422086 0.041529959 0)
(0.85127081 0.038623594 1.1059705e-21)
(0.84607899 0.033149542 -1.3409143e-21)
(0.83801334 0.024048431 6.8029867e-22)
(0.82678349 0.010504293 4.5241893e-22)
(0.81261658 -0.0077695382 -2.3737649e-22)
(0.79616521 -0.030505942 -2.3193725e-22)
(0.77802699 -0.05729677 2.3302657e-22)
(0.75813619 -0.088307387 2.0737875e-22)
(0.7373633 -0.12335626 -6.6241815e-22)
(0.71869932 -0.15991723 2.1039802e-22)
(0.70363706 -0.19471923 0)
(0.68804612 -0.22426347 2.3126051e-22)
(0.85173232 0.039911603 -8.5569786e-22)
(0.84630835 0.035223975 6.5369473e-22)
(0.83736328 0.026903628 -2.1912761e-22)
(0.82442215 0.013875264 -2.1613055e-22)
(0.8076789 -0.0044598681 -2.0720731e-22)
(0.78799088 -0.028090125 8.0052945e-24)
(0.76641009 -0.056654122 -2.123456e-22)
(0.74343257 -0.089968754 0)
(0.71954569 -0.12797074 2.0903647e-22)
(0.69704401 -0.16893433 -2.1738882e-22)
(0.67862781 -0.21007252 -4.2347867e-22)
(0.66424663 -0.24844776 0)
(0.64841976 -0.28055826 -3.0377678e-22)
(0.84838843 0.038369702 -2.0968394e-22)
(0.83993165 0.03224093 8.3880071e-22)
(0.82666073 0.021867731 -1.6908934e-21)
(0.80839255 0.0062963526 2.417589e-22)
(0.7857965 -0.014965115 1.0624568e-21)
(0.76013464 -0.042022443 -4.2183333e-22)
(0.73265638 -0.074937026 -3.9606408e-22)
(0.7042702 -0.11381767 4.2586689e-22)
(0.67664728 -0.15793991 1.1012965e-23)
(0.65250958 -0.20562497 -1.9809174e-22)
(0.63405456 -0.2541847 1.4097005e-23)
(0.62071815 -0.29949164 0)
(0.60539792 -0.33698375 1.7993692e-23)
(0.83389912 0.031589623 -2.1233174e-22)
(0.81675164 0.021370771 4.1165455e-22)
(0.79369645 0.0064354934 0)
(0.76557489 -0.013802193 2.0605209e-22)
(0.73372178 -0.039984706 2.0473359e-22)
(0.69958993 -0.073077597 6.0384421e-22)
(0.66495231 -0.11408729 0)
(0.63195327 -0.16314529 9.7464589e-22)
(0.60350767 -0.21956428 -2.0489898e-22)
(0.58303461 -0.28039959 1.9854027e-22)
(0.5710047 -0.33802135 0)
(0.55917677 -0.3838782 1.0555813e-22)
(0.83081919 0.034588778 -1.2029712e-21)
(0.81163587 0.027634494 4.1269675e-22)
(0.78588072 0.017920908 0)
(0.75413894 0.0049640931 3.8762679e-22)
(0.71725575 -0.012402489 -4.0293991e-22)
(0.67620716 -0.036521307 -3.6913128e-22)
(0.63288442 -0.070805817 3.9810738e-22)
(0.59028847 -0.1188078 -7.512761e-22)
(0.55221745 -0.18200096 7.9314123e-22)
(0.52543885 -0.25879183 -1.7911834e-22)
(0.51594409 -0.34042799 -3.7145341e-22)
(0.5185726 -0.39982135 2.8823635e-22)
(0.83271126 0.040352092 0)
(0.81466228 0.039005406 7.820661e-22)
(0.79024422 0.038333177 -8.0157387e-22)
(0.75956621 0.038809556 0)
(0.72232079 0.039726366 0)
(0.67739695 0.037773739 -3.7804857e-22)
(0.62419832 0.026187944 0)
(0.5654696 -0.0038102129 0)
(0.50868818 -0.058701559 -1.8131138e-22)
(0.46584752 -0.13830224 2.203022e-22)
(0.46040824 -0.23304818 3.6241848e-22)
(0.49102134 -0.31561244 4.3314639e-22)
(0.8253324 0.049474655 -7.9164596e-22)
(0.80666114 0.057254734 0)
(0.783084 0.071151993 7.8429222e-22)
(0.75329858 0.09239027 -3.8305787e-22)
(0.71338447 0.11895599 7.9461909e-22)
(0.65808973 0.14322697 4.014734e-22)
(0.58544762 0.15235313 0)
(0.50135715 0.12864682 6.0050017e-22)
(0.42905677 0.056391222 -5.5818597e-22)
(0.40715254 -0.064827125 0)
(0.43926537 -0.19826842 1.8447489e-22)
(0.83843999 0.053740032 -1.5551265e-21)
(0.82700336 0.064861587 3.9230577e-22)
(0.81277849 0.084597223 3.2292143e-24)
(0.79500757 0.11645766 -7.8072345e-22)
(0.77066583 0.1607545 -3.9390893e-22)
(0.73441766 0.207689 -7.8627747e-22)
(0.67767725 0.23234 0)
(0.58576894 0.23578114 -1.8515159e-22)
(0.45389379 0.197305 -6.0328042e-22)
(0.35483553 0.093076418 0)
(0.39142616 -0.027497669 -7.7455577e-22)
(0.8489133 0.052786946 3.8665119e-22)
(0.84330049 0.06315754 -6.0183951e-24)
(0.83634954 0.081696578 0)
(0.82916778 0.11143325 -7.8980747e-22)
(0.82377794 0.15210492 3.8973326e-22)
(0.8221874 0.19641226 0)
(0.82332375 0.23021396 0)
(0.81284032 0.24086282 0)
(0.7322771 0.2159597 5.0324972e-22)
(0.4991304 0.07806095 0)
(0.21919768 -0.11862642 4.3302033e-22)
(0.64397387 -0.013573277 -1.8855671e-20)
(0.91026929 0.1615866 0)
(0.94576626 0.22335368 0)
(0.9296184 0.22516107 -2.3474399e-23)
(0.89530907 0.20058975 1.8963103e-23)
(0.86555123 0.16722227 1.6532996e-23)
(0.84947495 0.13428731 3.6368088e-21)
(0.84523853 0.10302148 3.264472e-21)
(0.84719942 0.078230658 0)
(0.85058554 0.061481082 2.7391494e-21)
(0.70727261 -0.0087155027 1.7764869e-20)
(0.91634472 0.15915827 -2.0576765e-20)
(0.94817849 0.21729902 -5.7688059e-23)
(0.93113059 0.21934377 1.1753331e-20)
(0.90008516 0.19545673 -9.8953938e-21)
(0.87150808 0.16227312 1.6598973e-23)
(0.85415777 0.13109955 -7.3547869e-21)
(0.84849487 0.10170402 0)
(0.84925913 0.077585423 5.9524558e-21)
(0.8519019 0.061021794 0)
(0.7495192 -0.008059907 -3.3657794e-23)
(0.92358648 0.15842451 2.018631e-20)
(0.95142188 0.21369782 2.8437127e-23)
(0.9348078 0.2156262 -2.330506e-20)
(0.90608289 0.19149119 9.8399433e-21)
(0.87827603 0.15765754 1.636777e-23)
(0.85952365 0.12765353 7.3276987e-21)
(0.85207922 0.1002782 -6.5300175e-21)
(0.85153805 0.076980143 -5.929905e-21)
(0.85335804 0.060788306 0)
(0.78369058 -0.0039166521 -3.3795986e-23)
(0.92917715 0.15680808 5.7429499e-23)
(0.95387195 0.20981338 -2.8148393e-23)
(0.93755668 0.21172426 1.1543039e-20)
(0.91147289 0.18737125 1.8908774e-23)
(0.88508087 0.15285862 0)
(0.86527451 0.12380755 0)
(0.85591578 0.098329054 6.5291538e-21)
(0.85388152 0.076161085 0)
(0.85477809 0.060446098 0)
(0.85584577 0.05105391 -5.0430261e-21)
(0.81126244 0.0017174147 -3.2951079e-23)
(0.93382649 0.15492587 1.9651921e-20)
(0.95613033 0.20602734 0)
(0.94029676 0.20814369 1.1542264e-20)
(0.91674865 0.18344198 0)
(0.89195627 0.14805847 8.5325531e-21)
(0.8713812 0.11962671 -2.8850988e-23)
(0.86006207 0.095873074 -6.5411111e-21)
(0.85636352 0.075169058 0)
(0.85620413 0.06005545 -5.440063e-21)
(0.85665386 0.050854461 -4.7726908e-24)
(0.83423326 0.008460796 -6.3147976e-23)
(0.93782368 0.15298235 -1.9318119e-20)
(0.95826138 0.20226679 2.7685949e-23)
(0.94310761 0.20462713 -1.1445157e-20)
(0.92191597 0.17952151 0)
(0.89878449 0.14324777 -8.4953785e-21)
(0.87772013 0.11515349 0)
(0.86453177 0.093007425 6.5472432e-21)
(0.85903576 0.07396799 0)
(0.85764858 0.059535612 5.4211822e-21)
(0.85743284 0.050626438 5.0140295e-21)
(0.85381707 0.016412444 -3.1533179e-23)
(0.94152908 0.15090299 5.4889283e-23)
(0.96038074 0.1984188 -5.5225521e-23)
(0.94618239 0.20110917 -7.2958228e-25)
(0.92703034 0.17563991 -5.2187945e-25)
(0.90548649 0.13848634 1.6426168e-23)
(0.88415911 0.11043037 0)
(0.86928638 0.089735496 -1.2853703e-23)
(0.86191547 0.072377881 1.1529414e-23)
(0.8591737 0.05888593 0)
(0.85819828 0.050370336 0)
(0.87082039 0.024904661 1.3465589e-24)
(0.9452494 0.14845432 -1.7551083e-23)
(0.96250771 0.19447749 0)
(0.94955997 0.1975335 -2.2515275e-23)
(0.93202573 0.17178854 1.8634473e-23)
(0.91189916 0.13384173 0)
(0.89055347 0.10552935 0)
(0.87427006 0.086061666 -6.5991775e-21)
(0.86502491 0.070337414 1.1534461e-23)
(0.86082097 0.058052029 0)
(0.85897934 0.050065097 0)
(0.88577085 0.033305543 -2.9624555e-20)
(0.94919206 0.14560866 3.6198496e-23)
(0.9646389 0.19047124 -2.708715e-23)
(0.95318534 0.19391553 -1.1309037e-20)
(0.93682216 0.16798273 1.853239e-23)
(0.91779026 0.12941856 0)
(0.89673435 0.10059916 0)
(0.87941195 0.082089157 6.5806432e-21)
(0.86841304 0.067956858 0)
(0.86264045 0.056966251 -5.4051589e-21)
(0.85981298 0.049672969 0)
(0.89924063 0.042209089 2.9114371e-20)
(0.95351099 0.14264658 -3.577625e-23)
(0.96681731 0.18666196 -1.367664e-20)
(0.95696589 0.19036334 1.1179807e-20)
(0.9414238 0.16431827 -1.891788e-23)
(0.9229657 0.12537642 -2.6465364e-25)
(0.902503 0.095859086 -1.4782377e-25)
(0.88462859 0.077969312 -7.1964774e-26)
(0.87208176 0.065280728 1.1549425e-23)
(0.86468636 0.055633703 5.3926703e-21)
(0.86074845 0.049169948 -4.9740605e-21)
(0.91222745 0.053222559 -2.9361847e-23)
(0.95830835 0.13997542 1.8216647e-20)
(0.96911646 0.18334868 2.7190961e-20)
(0.96084677 0.18706059 -2.206818e-23)
(0.94591466 0.16093435 9.5608778e-21)
(0.9273701 0.12182608 -8.3947334e-21)
(0.90761737 0.091477647 7.4355334e-21)
(0.88976641 0.073743138 6.6083747e-21)
(0.87597135 0.062282741 5.9317601e-21)
(0.86697201 0.054018736 0)
(0.861825 0.048511419 4.9611129e-21)
(0.92571913 0.066639123 -1.4892483e-24)
(0.96344849 0.13738619 -1.7936626e-20)
(0.97145156 0.18028221 3.0016328e-23)
(0.96480188 0.18402892 -1.1054509e-20)
(0.95026083 0.15762442 -1.8941397e-20)
(0.93100786 0.11848156 8.3375647e-21)
(0.91177902 0.087324001 -7.4219047e-21)
(0.89454859 0.069207137 1.5828105e-23)
(0.87988426 0.05873275 -1.1832718e-20)
(0.86939763 0.051936608 -1.0527514e-23)
(0.86302388 0.047576401 -4.8330556e-24)
(0.93913306 0.078721122 -5.5285046e-23)
(0.96828962 0.13340466 1.6317522e-23)
(0.97333987 0.17573471 -1.3396364e-20)
(0.96853665 0.18042204 1.0943784e-20)
(0.95403716 0.15355654 9.3958755e-21)
(0.933727 0.11458854 0)
(0.91469961 0.082959265 0)
(0.89857397 0.064295426 -6.6051249e-21)
(0.88351627 0.054629112 5.9328603e-21)
(0.87175588 0.049349845 0)
(0.86425132 0.04631016 0)
(0.94905494 0.081268221 2.8041383e-23)
(0.97176251 0.12719983 -1.6112765e-23)
(0.97424831 0.16874544 0)
(0.97134862 0.17510658 -2.1593511e-23)
(0.95641215 0.1486473 -4.6466281e-25)
(0.93518451 0.11019505 1.5990203e-23)
(0.91624663 0.078704572 0)
(0.90122955 0.060054878 0)
(0.8863729 0.051147127 0)
(0.87368881 0.047103339 0)
(0.86531214 0.045162932 0)
(0.91125097 0.016546924 0)
(0.82715696 -0.055375317 0)
(0.85671063 0.041641177 0)
(0.85624203 0.04174246 0)
(0.8567048 0.043665358 0)
(0.85671699 0.043695601 -1.1775214e-22)
(0.85671777 0.043699219 1.1319865e-22)
(0.85671779 0.043699274 5.4492046e-23)
(0.85671779 0.043699275 5.9103074e-23)
(0.85671779 0.043699275 -5.071564e-23)
(0.85671779 0.043699275 -2.7558271e-35)
(0.85671779 0.043699275 4.7428735e-23)
(0.85671779 0.043699275 4.5940044e-23)
(0.85671779 0.043699275 4.4541961e-23)
(0.97124186 0.061015126 -1.4774618e-22)
(0.84158066 -0.031990704 2.9648446e-22)
(0.85903275 0.044130428 0)
(0.85639095 0.041890589 -1.2911268e-22)
(0.85671034 0.043675705 2.4730107e-22)
(0.8567168 0.043694176 -2.3727391e-22)
(0.85671776 0.043699191 2.2802821e-22)
(0.85671779 0.043699272 -1.0973977e-22)
(0.85671779 0.043699275 -6.6108985e-24)
(0.85671779 0.043699275 0)
(0.85671779 0.043699275 0)
(0.85671779 0.043699275 2.3857366e-23)
(0.85671779 0.043699275 -1.2707286e-22)
(0.85671779 0.043699275 1.1198528e-23)
(0.97453313 0.1004388 -3.1061673e-22)
(0.84707182 -0.0081185847 -2.8487987e-22)
(0.86049847 0.045884431 -2.7048325e-22)
(0.85650207 0.042252945 1.3086799e-22)
(0.85672026 0.043694319 0)
(0.85671697 0.043693757 -3.5859305e-22)
(0.85671777 0.043699201 -1.1484149e-22)
(0.85671779 0.04369927 5.5253071e-23)
(0.85671779 0.043699275 -2.6621543e-22)
(0.85671779 0.043699275 -5.1374214e-23)
(0.85671779 0.043699275 -1.4889627e-22)
(0.85671779 0.043699275 -1.9201695e-22)
(0.85671779 0.043699275 9.2959546e-23)
(0.85671779 0.043699275 -1.8019663e-22)
(0.95867159 0.1136092 6.2581979e-22)
(0.84616895 0.0097115283 2.8843131e-22)
(0.86057119 0.046564305 -1.3719824e-22)
(0.85655419 0.042638511 3.9424808e-22)
(0.85672805 0.043710483 -2.5121978e-22)
(0.85671722 0.0436945 1.2044089e-22)
(0.85671778 0.043699243 1.156811e-22)
(0.85671779 0.043699269 0)
(0.85671779 0.043699275 2.6801912e-22)
(0.85671779 0.043699275 -5.1709977e-23)
(0.85671779 0.043699275 1.4983615e-22)
(0.85671779 0.043699275 7.2445891e-23)
(0.85671779 0.043699275 -2.1039496e-22)
(0.85671779 0.043699275 1.8122853e-22)
(0.9368106 0.10091945 -3.1457703e-22)
(0.84497989 0.021033623 7.2854244e-22)
(0.86002475 0.046459083 -1.3731684e-22)
(0.85657322 0.042972658 -2.6468346e-22)
(0.85673095 0.043718636 7.5969162e-22)
(0.85671737 0.043695677 -1.2136454e-22)
(0.8567178 0.043699287 8.1573092e-22)
(0.85671779 0.043699269 5.6035714e-23)
(0.85671779 0.043699275 -1.9903734e-32)
(0.85671779 0.043699275 -5.2050157e-23)
(0.85671779 0.043699275 0)
(0.85671779 0.043699275 1.943756e-22)
(0.85671779 0.043699275 5.6438835e-22)
(0.85671779 0.043699275 0)
(0.91800336 0.078070408 -6.2846216e-22)
(0.84546217 0.027421125 -5.8444646e-22)
(0.85923894 0.04597283 -1.3976398e-22)
(0.85658664 0.043224235 -2.6662984e-22)
(0.85672999 0.043719333 -1.148713e-21)
(0.85671744 0.043696831 -1.2230253e-22)
(0.85671781 0.043699312 -8.2178267e-22)
(0.85671779 0.04369927 -4.514832e-22)
(0.85671779 0.043699275 -4.347209e-22)
(0.85671779 0.043699275 -4.7155358e-22)
(0.85671779 0.043699275 -3.5408816e-22)
(0.85671779 0.043699275 -3.6670642e-22)
(0.85671779 0.043699275 -4.0216567e-22)
(0.85671779 0.043699275 0)
(0.90391311 0.059179846 6.4224419e-22)
(0.84733068 0.03244998 0)
(0.85850499 0.045387923 -5.6465505e-22)
(0.85660828 0.043402508 -2.3156309e-26)
(0.85672727 0.043715842 1.2867684e-22)
(0.85671749 0.043697734 -2.4651135e-22)
(0.85671781 0.043699316 1.1827499e-22)
(0.85671779 0.043699272 9.0945371e-22)
(0.85671779 0.043699275 8.754546e-22)
(0.85671779 0.043699275 -5.2744122e-23)
(0.85671779 0.043699275 -1.2796332e-34)
(0.85671779 0.043699275 4.9198221e-23)
(0.85671779 0.043699275 3.80786e-22)
(0.85671779 0.043699275 -3.6879253e-22)
(0.89177056 0.048878721 0)
(0.84972639 0.036683198 7.4706281e-22)
(0.85790817 0.044859783 9.9789385e-22)
(0.85663589 0.043524262 5.4294024e-22)
(0.85672432 0.043711013 1.0378288e-21)
(0.85671755 0.043698364 3.7266815e-22)
(0.8567178 0.043699308 5.9582849e-22)
(0.85671779 0.043699273 -5.7252153e-23)
(0.85671779 0.043699275 -8.2645392e-22)
(0.88024239 0.045017448 -1.2856942e-21)
(0.85196221 0.03971296 -6.0190797e-22)
(0.85745602 0.044438025 -5.7500013e-22)
(0.85666256 0.043602541 0)
(0.85672185 0.043706592 -1.5696072e-21)
(0.87064566 0.044023344 1.3075504e-21)
(0.85373886 0.041655613 0)
(0.8375365 -0.00036354031 4.9849596e-21)
(0.83267541 -0.010256481 -1.0466561e-20)
(0.82797388 -0.019120989 5.3324437e-21)
(0.82391041 -0.026136188 5.5392225e-21)
(0.82074248 -0.03100676 5.7738126e-21)
(0.81855551 -0.033529545 6.0400417e-21)
(0.81763819 -0.033134766 1.2923189e-20)
(0.8181936 -0.029535258 6.692258e-21)
(0.82097879 -0.022336888 0)
(0.82421748 -0.014219944 7.5548557e-21)
(0.83101745 -0.0012825507 -8.2786823e-21)
(0.83324984 0.0029417454 8.6762356e-21)
(0.84563299 0.018544046 0)
(0.84214335 0.011362327 5.230127e-21)
(0.83861356 0.0045211766 0)
(0.83540972 -0.0013013297 0)
(0.83275323 -0.0057552744 0)
(0.83078073 -0.008519625 0)
(0.82978199 -0.0090310021 -6.4438672e-21)
(0.82998998 -0.0069865413 0)
(0.83184617 -0.0022060795 -7.3759659e-21)
(0.83418231 0.0034416431 -7.8180222e-21)
(0.8389164 0.012412883 8.1786828e-21)
(0.84116219 0.014937885 -8.8849011e-21)
(0.85102548 0.030941831 -5.1598845e-21)
(0.84880893 0.026366129 0)
(0.84643624 0.021695217 -5.5785186e-21)
(0.84414982 0.017405993 -5.814599e-21)
(0.84212246 0.013825157 0)
(0.84050815 0.01130881 -6.3559098e-21)
(0.83956954 0.010360991 -6.6696735e-21)
(0.839529 0.011273755 -7.019386e-21)
(0.8406225 0.014108064 7.2799975e-21)
(0.84215418 0.017722197 -1.2218276e-22)
(0.84521524 0.023415195 -8.3522225e-21)
(0.84678759 0.024949049 8.8216939e-21)
(0.85508445 0.040071053 -9.9342507e-21)
(0.85412277 0.037965036 -2.7988717e-23)
(0.85289037 0.035425881 -5.3698349e-21)
(0.85148455 0.032634644 -5.1853673e-23)
(0.85003832 0.029869175 -6.3999181e-23)
(0.84866665 0.027370217 -6.0904336e-21)
(0.84750315 0.025442344 6.2925271e-21)
(0.84675875 0.024488761 -8.9750261e-23)
(0.84661322 0.024758481 -9.0904845e-23)
(0.84718611 0.026266573 -7.4351382e-21)
(0.84809636 0.02837789 7.7949692e-21)
(0.84991377 0.031682818 -6.4477794e-23)
(0.85075083 0.03248136 -8.9308551e-21)
(0.85611098 0.042373693 -7.5932598e-24)
(0.85567615 0.041433799 -1.2493574e-23)
(0.85508138 0.040213993 5.3552215e-21)
(0.85435274 0.038762288 -2.6220606e-23)
(0.85354677 0.037204589 -3.4041858e-23)
(0.85272607 0.035681303 -4.1691331e-23)
(0.85198293 0.034401058 -6.388545e-21)
(0.85146323 0.033643535 -5.295604e-23)
(0.85129412 0.033596871 -5.4400227e-23)
(0.85153869 0.03427526 7.3971758e-21)
(0.85200954 0.035360546 0)
(0.85298011 0.03708698 8.3439291e-21)
(0.85332743 0.037393449 8.9054923e-21)
(0.85659687 0.043427273 -4.7995173e-21)
(0.85652042 0.043274943 9.9547621e-21)
(0.85635153 0.042916224 5.1649237e-21)
(0.85610342 0.042410796 0)
(0.8557745 0.041756012 5.5874583e-21)
(0.85538073 0.040991609 1.1666811e-20)
(0.85494834 0.040180819 6.085089e-21)
(0.8545285 0.039439221 6.3700827e-21)
(0.85420684 0.038931932 6.6852345e-21)
(0.8540621 0.038782571 1.4101428e-20)
(0.85413027 0.039012416 -7.4571923e-21)
(0.85433247 0.039484227 0)
(0.8547894 0.040276919 -8.389132e-21)
(0.85488646 0.040317227 8.9473643e-21)
(0.85668407 0.043625181 0)
(0.85666042 0.043577381 8.4412161e-25)
(0.85660462 0.043461567 0)
(0.85651527 0.043281366 0)
(0.85638623 0.043025556 0)
(0.856218 0.042699033 -5.8365368e-21)
(0.85601798 0.042322335 0)
(0.85580892 0.041947305 0)
(0.85563329 0.041656447 0)
(0.85553341 0.041519346 -7.0551923e-21)
(0.85552991 0.041556615 1.4908499e-20)
(0.85559636 0.041720432 0)
(0.85578174 0.042030575 8.3815277e-21)
(0.85577687 0.041967216 -8.9398069e-21)
(0.85670893 0.043680423 0)
(0.85670195 0.043666022 -9.9581675e-21)
(0.85668571 0.043632678 -5.1704645e-21)
(0.8566583 0.04357816 0)
(0.85661467 0.043492736 -5.6006865e-21)
(0.85655189 0.043371472 -5.8437657e-21)
(0.85647059 0.04321828 0)
(0.85637858 0.04305169 -6.3991534e-21)
(0.85629368 0.042906654 0)
(0.85623558 0.042816759 -7.0712725e-21)
(0.85621526 0.042796412 -7.4569929e-21)
(0.85622697 0.042833939 0)
(0.85628878 0.042930454 -8.3945417e-21)
(0.85625625 0.042852046 0)
(0.85671558 0.043694648 -4.8017054e-21)
(0.85671364 0.043690663 -6.4626301e-26)
(0.85670912 0.043681512 -1.3409693e-25)
(0.85670122 0.043665927 0)
(0.85668823 0.043640662 -4.5137173e-25)
(0.85666826 0.043602576 -7.4834319e-25)
(0.85663946 0.043548745 -6.1093492e-21)
(0.85660354 0.043483417 -1.6388356e-24)
(0.85656687 0.043419484 -6.7192065e-21)
(0.8565374 0.043370986 -2.4647649e-24)
(0.85652044 0.043346077 7.4643844e-21)
(0.85651625 0.043344075 0)
(0.85653059 0.043361942 -2.4324411e-24)
(0.85650027 0.043301908 0)
(0.85671727 0.043698191 -8.6406302e-27)
(0.85671675 0.043697157 -1.6528088e-26)
(0.85671556 0.043694762 -3.5391752e-26)
(0.85671338 0.04369052 5.3773654e-21)
(0.85670967 0.043683356 -1.2685414e-25)
(0.85670371 0.043672068 -2.1861453e-25)
(0.85669482 0.043655541 -3.547364e-25)
(0.85668275 0.043633804 -5.3395403e-25)
(0.85666866 0.043609033 -7.3042233e-25)
(0.85665539 0.043586389 -9.0345784e-25)
(0.85664531 0.043570056 -7.4639462e-21)
(0.85663956 0.043561354 0)
(0.85663943 0.043557312 8.3952498e-21)
(0.85661886 0.043519958 0)
(0.85671767 0.043699033 4.8019521e-21)
(0.85671754 0.04369878 4.9796109e-21)
(0.85671724 0.043698184 5.1709172e-21)
(0.85671667 0.043697081 -1.0755028e-20)
(0.85671565 0.043695136 5.6012806e-21)
(0.85671395 0.043691935 5.8444813e-21)
(0.85671129 0.043687046 6.1097467e-21)
(0.85670755 0.043680318 6.4002256e-21)
(0.85670292 0.043672193 6.7197025e-21)
(0.85669774 0.043663284 7.0727589e-21)
(0.85669279 0.0436549 7.465366e-21)
(0.85668895 0.043648375 0)
(0.8566862 0.043641766 -8.3968103e-21)
(0.85667431 0.043621354 0)
(0.85671776 0.043699224 0)
(0.85671773 0.043699165 0)
(0.85671766 0.043699024 0)
(0.85671752 0.043698751 5.3776732e-21)
(0.85671725 0.043698246 0)
(0.85671678 0.043697376 0)
(0.85671602 0.043695987 0)
(0.8567149 0.043693983 0)
(0.85671343 0.043691415 0)
(0.85671169 0.04368841 0)
(0.85670969 0.043684981 -7.4655728e-21)
(0.85670768 0.043681395 0)
(0.8567055 0.04367683 8.3970637e-21)
(0.85669935 0.043666725 0)
(0.85671778 0.043699265 0)
(0.85671778 0.043699252 4.9798786e-21)
(0.85671776 0.04369922 5.1712098e-21)
(0.85671773 0.043699155 0)
(0.85671766 0.04369903 0)
(0.85671754 0.043698803 0)
(0.85671733 0.043698423 0)
(0.856717 0.043697845 0)
(0.85671655 0.04369706 0)
(0.85671598 0.043696073 7.0736323e-21)
(0.85671527 0.043694858 7.4660082e-21)
(0.85671441 0.043693287 0)
(0.85671317 0.04369083 0)
(0.85671026 0.043686239 0)
(0.85671779 0.043699273 4.8023366e-21)
(0.85671779 0.043699271 3.682921e-29)
(0.85671778 0.043699264 9.0485719e-29)
(0.85671778 0.043699251 0)
(0.85671776 0.043699224 5.6018433e-21)
(0.85671774 0.043699173 5.8451213e-21)
(0.85671769 0.043699084 6.1104887e-21)
(0.85671761 0.043698944 6.4010954e-21)
(0.8567175 0.043698746 6.7207253e-21)
(0.85671735 0.043698484 6.9183642e-27)
(0.85671715 0.043698144 9.9006616e-27)
(0.85671687 0.043697618 0)
(0.85671637 0.043696638 8.3981079e-21)
(0.85671531 0.043695053 0)
(0.85671779 0.043699275 -4.5287593e-21)
(0.85671779 0.043699275 0)
(0.85671779 0.043699275 -4.6844499e-21)
(0.85671779 0.043699275 0)
(0.85671779 0.043699275 4.5287505e-21)
(0.85671779 0.043699275 0)
(0.85671779 0.043699275 3.1229625e-21)
(0.85671779 0.043699275 0)
(0.85671779 0.043699275 0)
(0.85671779 0.043699275 0)
(0.85671779 0.043699275 4.5287272e-21)
(0.85671779 0.043699275 1.0535197e-23)
(0.85671779 0.043699275 -2.3484455e-35)
(0.85671779 0.043699275 1.0528207e-23)
(0.85671779 0.043699275 1.0524715e-23)
(0.85671779 0.043699275 2.1536952e-20)
(0.85671779 0.043699275 -2.1540333e-20)
(0.85671779 0.043699275 -2.1543713e-20)
(0.85671779 0.043699275 2.152607e-20)
(0.85671779 0.043699275 -2.1014591e-23)
(0.85671779 0.043699275 0)
(0.85671779 0.043699275 1.0500345e-23)
(0.85671779 0.043699275 -2.1508092e-20)
(0.85671779 0.043699275 2.1479993e-20)
(0.85671779 0.043699275 2.2004171e-20)
(0.85671779 0.043699275 -1.6400932e-24)
(0.85671779 0.043699275 4.4619456e-22)
(0.85671779 0.043699275 -4.4589571e-22)
(0.85671779 0.043699275 -3.7476992e-24)
(0.85671779 0.043699275 5.1671356e-22)
(0.85671779 0.043699275 0)
(0.85671779 0.043699275 6.1098551e-22)
(0.85671779 0.043699275 4.3706286e-24)
(0.85671779 0.043699275 -6.104275e-22)
(0.85671779 0.043699275 6.8213472e-22)
(0.85671779 0.043699275 1.4813323e-21)
(0.85671779 0.043699275 0)
(0.85671779 0.043699275 -2.9826614e-21)
(0.85671779 0.043699275 1.678162e-21)
(0.85671779 0.043699275 1.4988355e-23)
(0.85671779 0.043699275 0)
(0.85671779 0.043699275 0)
(0.85671779 0.043699275 2.2354659e-21)
(0.85671779 0.043699275 1.4945455e-23)
(0.85671779 0.043699275 -2.2491691e-21)
(0.85671779 0.043699275 5.0066014e-34)
(0.85671779 0.043699275 2.2454203e-21)
(0.85671779 0.043699275 2.6725236e-21)
(0.85671779 0.043699275 5.3239632e-21)
(0.85671779 0.043699275 6.6735871e-21)
(0.85671779 0.043699275 -5.3237595e-21)
(0.85671779 0.043699275 -1.2976613e-23)
(0.85671779 0.043699275 0)
(0.85671779 0.043699275 6.6111655e-21)
(0.85671779 0.043699275 -6.5948571e-21)
(0.85671779 0.043699275 0)
(0.85000793 -0.063558439 1.9909845e-21)
(0.8137319 -0.075996981 0)
(0.85486212 0.039063487 1.8056205e-21)
(0.85621154 0.042023429 -9.1775396e-22)
(0.85670665 0.043668359 -1.8257805e-25)
(0.85671763 0.043698723 -8.9725054e-22)
(0.85671779 0.043699266 0)
(0.85671779 0.043699275 4.3881149e-22)
(0.85671779 0.043699275 -4.5131021e-22)
(0.85671779 0.043699275 -1.1074152e-22)
(0.85671779 0.043699275 -1.1038682e-22)
(0.85671779 0.043699275 2.2002168e-22)
(0.85671779 0.043699275 8.7011362e-22)
(0.85671779 0.043699275 -9.0800063e-22)
(0.8108067 -0.040133687 -2.7535166e-23)
(0.82335627 -0.047773119 2.5956078e-23)
(0.85518415 0.040131541 -2.5644683e-23)
(0.85643618 0.04270569 -8.1778935e-22)
(0.85671404 0.043683778 9.1523313e-26)
(0.85671774 0.043699001 8.3977628e-22)
(0.85671779 0.043699273 0)
(0.85671779 0.043699275 2.5341024e-23)
(0.85671779 0.043699275 -2.5288016e-23)
(0.85671779 0.043699275 7.5705688e-23)
(0.85671779 0.043699275 0)
(0.85671779 0.043699275 2.5121616e-23)
(0.85671779 0.043699275 0)
(0.85671779 0.043699275 -7.4996942e-22)
(0.82140816 -0.02302063 2.6095804e-23)
(0.83334119 -0.02851833 -2.3764564e-23)
(0.85576853 0.041186259 2.3494465e-23)
(0.85656222 0.043070335 -7.4826176e-22)
(0.85671603 0.04369092 7.475835e-22)
(0.85671777 0.043699139 -4.6676176e-23)
(0.85671779 0.043699274 0)
(0.85671779 0.043699275 1.3976079e-22)
(0.85671779 0.043699275 -1.8035193e-22)
(0.85671779 0.043699275 -2.9061264e-23)
(0.85671779 0.043699275 0)
(0.85671779 0.043699275 -3.9433219e-22)
(0.85671779 0.043699275 3.9382978e-22)
(0.85671779 0.043699275 -7.6352037e-22)
(0.83000363 -0.0099608538 -1.3203971e-21)
(0.84038318 -0.013960166 1.6014448e-21)
(0.85611192 0.041861246 6.9254679e-22)
(0.85662953 0.043285279 -7.3833481e-22)
(0.85671691 0.043694401 0)
(0.85671778 0.0436992 3.6822457e-22)
(0.85671779 0.043699274 -5.1981472e-22)
(0.85671779 0.043699275 2.3823387e-22)
(0.85671779 0.043699275 -2.1656303e-23)
(0.85671779 0.043699275 0)
(0.85671779 0.043699275 4.3301651e-23)
(0.85671779 0.043699275 4.3287256e-23)
(0.85671779 0.043699275 -2.1636222e-23)
(0.85671779 0.043699275 0)
(0.85671779 0.043699275 0)
(0.85671779 0.043699275 -1.0124321e-21)
(0.85671779 0.043699275 2.0098315e-24)
(0.85671779 0.043699275 1.9756616e-24)
(0.85671779 0.043699275 9.9074343e-22)
(0.85671779 0.043699275 0)
(0.85671779 0.043699275 0)
(0.85671779 0.043699275 -1.0281108e-21)
(0.85671779 0.043699275 1.0106469e-21)
(0.85671779 0.043699275 -9.9376641e-22)
(0.85671779 0.043699275 0)
(0.85671779 0.043699275 0)
(0.85671779 0.043699275 -1.4786518e-23)
(0.85671779 0.043699275 -9.1696193e-22)
(0.85671779 0.043699275 9.1715361e-22)
(0.85671779 0.043699275 2.054379e-21)
(0.85671779 0.043699275 -1.0097566e-21)
(0.85671779 0.043699275 1.9858113e-21)
(0.85671779 0.043699275 -9.7660594e-22)
(0.85671779 0.043699275 0)
(0.85671779 0.043699275 -9.4555652e-22)
(0.85671779 0.043699275 9.3076051e-22)
(0.85671779 0.043699275 -9.1642041e-22)
(0.85671779 0.043699275 -1.805031e-21)
(0.85671779 0.043699275 -9.1680824e-22)
(0.85671779 0.043699275 -1.7244954e-21)
(0.85671779 0.043699275 -1.0262699e-21)
(0.85671779 0.043699275 1.008868e-21)
(0.85671779 0.043699275 -2.6857461e-33)
(0.85671779 0.043699275 9.6815136e-22)
(0.85671779 0.043699275 -8.7349154e-36)
(0.85671779 0.043699275 1.8969356e-21)
(0.85671779 0.043699275 0)
(0.85671779 0.043699275 0)
(0.85671779 0.043699275 8.8771472e-22)
(0.85671779 0.043699275 -1.3880269e-23)
(0.85671779 0.043699275 9.2996943e-22)
(0.85671779 0.043699275 -8.89528e-22)
(0.85671779 0.043699275 -8.5024273e-22)
(0.85671779 0.043699275 -8.3826037e-22)
(0.85671779 0.043699275 0)
(0.85671779 0.043699275 -1.0040434e-21)
(0.85671779 0.043699275 -4.994661e-22)
(0.85671779 0.043699275 4.8747233e-22)
(0.85671779 0.043699275 -4.7211736e-22)
(0.85671779 0.043699275 -9.3662419e-22)
(0.85671779 0.043699275 -4.7914529e-22)
(0.85671779 0.043699275 -4.5747874e-22)
(0.85671779 0.043699275 -1.4079634e-23)
(0.85671779 0.043699275 -4.2995514e-22)
(0.85671779 0.043699275 0)
(0.85671779 0.043699275 -4.3096201e-22)
(0.85671779 0.043699275 0)
(0.85671779 0.043699275 8.6382434e-22)
(0.85671779 0.043699275 -4.8705811e-22)
(0.85671779 0.043699275 9.5842059e-22)
(0.85671779 0.043699275 0)
(0.85671779 0.043699275 9.2849881e-22)
(0.85671779 0.043699275 9.1422774e-22)
(0.85671779 0.043699275 -1.4068574e-23)
(0.85671779 0.043699275 1.3858789e-23)
(0.85671779 0.043699275 0)
(0.85671779 0.043699275 4.3063821e-22)
(0.85671779 0.043699275 3.9796094e-22)
(0.85671779 0.043699275 -7.8472145e-22)
(0.85671779 0.043699275 -4.567496e-22)
(0.85671779 0.043699275 0)
(0.85671779 0.043699275 4.4313837e-22)
(0.85671779 0.043699275 0)
(0.85671779 0.043699275 4.3031489e-22)
(0.85671779 0.043699275 -4.241775e-22)
(0.85671779 0.043699275 0)
)
;

boundaryField
{
    Side
    {
        type            empty;
    }
    Inlet
    {
        type            inletOutlet;
        inletValue      uniform (0.85671779 0.043699275 0);
        value           nonuniform List<vector> 7((0.85671779 0.043699275 -1.6400932e-24) (0.85671779 0.043699275 0) (0.85671779 0.043699275 0) (0.85671779 0.043699275 0) (0.85671779 0.043699275 0) (0.85671779 0.043699275 0) (0.85671779 0.043699275 0));
    }
    Airfoil
    {
        type            noSlip;
    }
    Outlet
    {
        type            zeroGradient;
    }
    Flap
    {
        type            noSlip;
    }
    procBoundary4to3
    {
        type            processor;
        value           nonuniform List<vector> 
142
(
(0.85671779 0.043699275 0)
(0.85671779 0.043699275 3.0109966e-21)
(0.85671779 0.043699275 3.0109966e-21)
(0.85671779 0.043699275 -1.0608418e-34)
(0.85671779 0.043699275 -1.5087745e-21)
(0.85671779 0.043699275 -1.5104212e-21)
(0.85671779 0.043699275 3.024143e-21)
(0.85671779 0.043699275 -1.5137253e-21)
(0.85671779 0.043699274 0)
(0.85671779 0.04369927 0)
(0.85671778 0.043699248 7.5935419e-22)
(0.85671773 0.043699135 -7.6018836e-22)
(0.85671749 0.04369857 0)
(0.85671636 0.043695945 3.8092876e-22)
(0.85671126 0.043683222 -3.8108473e-22)
(0.8566879 0.043652394 0)
(0.8566879 0.043652394 0)
(0.85671779 0.043699275 1.5418276e-22)
(0.85671779 0.043699275 1.5418276e-22)
(0.85671779 0.043699275 -4.7542448e-21)
(0.85671779 0.043699275 4.8983464e-21)
(0.85671779 0.043699275 4.8983464e-21)
(0.85671779 0.043699275 0)
(0.85671779 0.043699275 0)
(0.85671779 0.043699275 -4.5439571e-21)
(0.85671779 0.043699275 4.5354881e-21)
(0.85671779 0.043699275 4.5354881e-21)
(0.85671779 0.043699275 4.5118333e-21)
(0.85671779 0.043699275 -4.8037156e-21)
(0.85671779 0.043699275 -4.8037156e-21)
(0.85671779 0.043699275 4.7788374e-21)
(0.85671779 0.043699275 -4.91912e-21)
(0.85671779 0.043699275 -4.91912e-21)
(0.85671779 0.043699275 0)
(0.85671779 0.043699275 -1.48027e-22)
(0.85671779 0.043699275 -1.48027e-22)
(0.85671779 0.043699275 -4.712672e-21)
(0.85671779 0.043699275 -4.712672e-21)
(0.85671779 0.043699274 -4.6887247e-21)
(0.85671779 0.043699275 -2.9041444e-34)
(0.85671779 0.043699275 1.7201034e-22)
(0.85671779 0.043699275 -5.5670634e-21)
(0.85671779 0.043699275 1.7201034e-22)
(0.85671779 0.043699275 0)
(0.85671779 0.043699275 -2.5672886e-21)
(0.85671779 0.043699275 2.7316304e-21)
(0.85671779 0.043699275 -3.0221806e-21)
(0.85671779 0.043699275 -2.9041444e-34)
(0.85671779 0.043699275 -3.0138872e-21)
(0.85671779 0.043699275 2.8954762e-35)
(0.85671779 0.043699275 -3.0221806e-21)
(0.85671779 0.043699275 0)
(0.85671779 0.043699275 2.0943384e-22)
(0.85671779 0.043699275 2.8954762e-35)
(0.85671779 0.043699275 3.3407489e-21)
(0.85671779 0.043699275 -3.3222074e-21)
(0.85671779 0.043699275 2.0943384e-22)
(0.85671779 0.043699275 3.7530587e-21)
(0.85671779 0.043699275 -1.7649498e-22)
(0.85671779 0.043699275 0)
(0.85671779 0.043699275 1.0257006e-32)
(0.85671779 0.043699275 0)
(0.85671779 0.043699275 0)
(0.83324404 -0.012070592 -5.0293824e-21)
(0.81845703 -0.047069897 -4.7146167e-21)
(0.80172383 -0.086975184 4.8978917e-21)
(0.78318611 -0.13121873 4.5106368e-21)
(0.76366798 -0.17797002 -9.117033e-21)
(0.74374145 -0.2259132 4.6118171e-21)
(0.72431115 -0.27293067 0)
(0.70864897 -0.31182888 0)
(0.69504229 -0.34581102 4.1927995e-21)
(0.70428158 -0.32879609 7.1024916e-23)
(0.72232939 -0.29257419 2.42804e-22)
(0.73628617 -0.26384805 9.9054971e-23)
(0.72941991 -0.28468872 -4.4025229e-21)
(0.70754034 -0.29198548 0)
(0.84213407 0.0095700057 9.7828982e-21)
(0.84874678 0.025359407 -4.8943254e-21)
(0.85287539 0.035012427 -4.9725678e-21)
(0.85287539 0.035012427 -4.9725678e-21)
(0.85567863 0.041172354 -4.7997546e-21)
(0.85633721 0.042814427 -4.9334995e-24)
(0.85633721 0.042814427 -4.9334995e-24)
(0.85671779 0.043699275 -1.3633112e-21)
(0.85671779 0.043699275 0)
(0.85671779 0.043699275 0)
(0.85671779 0.043699275 -4.8380044e-22)
(0.85671779 0.043699275 -4.8380044e-22)
(0.85671779 0.043699275 2.6259662e-22)
(0.85671779 0.043699275 -2.8456724e-22)
(0.85671779 0.043699275 -3.0577228e-22)
(0.85671779 0.043699275 1.3446319e-21)
(0.85671779 0.043699275 1.3446319e-21)
(0.85671779 0.043699275 -1.1677076e-23)
(0.85671779 0.043699275 1.6802714e-21)
(0.85671779 0.043699275 1.6802714e-21)
(0.85671779 0.043699275 1.5009898e-23)
(0.85671779 0.043699275 4.4784213e-21)
(0.85671779 0.043699275 4.4784213e-21)
(0.85671779 0.043699275 5.3665057e-21)
(0.85671779 0.043699275 5.3665057e-21)
(0.85671779 0.043699275 3.3469663e-21)
(0.85671779 0.043699275 6.6772139e-21)
(0.85671779 0.043699275 6.6772139e-21)
(0.85671779 0.043699275 0)
(0.85671779 0.043699275 -8.8523385e-21)
(0.85671779 0.043699275 9.5810702e-35)
(0.85671779 0.043699275 8.7770705e-21)
(0.85671779 0.043699275 8.7770705e-21)
(0.83634896 3.4560374e-05 6.2059587e-22)
(0.84520582 -0.0029114512 -1.3825871e-21)
(0.85632233 0.042312873 6.5208752e-22)
(0.8566662 0.043416135 -7.3010655e-22)
(0.85671733 0.043696232 6.4939942e-22)
(0.85671778 0.043699229 -3.6550419e-22)
(0.85671779 0.043699275 3.6573123e-22)
(0.85671779 0.043699275 1.2198618e-22)
(0.85671779 0.043699275 1.5737935e-35)
(0.85671779 0.043699275 4.0711544e-23)
(0.85671779 0.043699275 4.0730752e-23)
(0.85671779 0.043699275 4.0746085e-23)
(0.85671779 0.043699275 4.0761431e-23)
(0.85671779 0.043699275 4.0776789e-23)
(0.85671779 0.043699275 1.032898e-21)
(0.85671779 0.043699275 -1.0153062e-21)
(0.85671779 0.043699275 9.9549241e-22)
(0.85671779 0.043699275 9.9549241e-22)
(0.85671779 0.043699275 0)
(0.85671779 0.043699275 7.5254125e-24)
(0.85671779 0.043699275 0)
(0.85671779 0.043699275 0)
(0.85671779 0.043699275 -9.3227445e-22)
(0.85671779 0.043699275 1.4342e-23)
(0.85671779 0.043699275 -1.4112915e-23)
(0.85671779 0.043699275 -1.4112915e-23)
(0.85671779 0.043699275 -8.7581438e-22)
(0.85671779 0.043699275 -8.7660401e-22)
(0.85671779 0.043699275 -5.3036147e-34)
(0.85671779 0.043699275 -5.3036147e-34)
(0.85671779 0.043699275 -1.7283375e-21)
(0.85671779 0.043699275 -1.6515329e-21)
)
;
    }
    procBoundary4to5
    {
        type            processor;
        value           nonuniform List<vector> 
189
(
(0.85671779 0.043699275 0)
(0.85671779 0.043699275 0)
(0.85671779 0.043699275 0)
(0.85671779 0.043699275 0)
(0.85671779 0.043699275 0)
(0.85671779 0.043699275 0)
(0.85671779 0.043699275 0)
(0.85671779 0.043699275 0)
(0.85671779 0.043699275 9.6770553e-22)
(0.85671779 0.043699275 -9.6775386e-22)
(0.85671779 0.043699275 0)
(0.85671779 0.043699275 9.6785053e-22)
(0.85671779 0.043699275 -1.9357977e-21)
(0.85671779 0.043699275 9.6794779e-22)
(0.85671779 0.043699275 -1.8190265e-20)
(0.85671779 0.043699275 -1.5036202e-32)
(0.85671779 0.043699275 3.636504e-20)
(0.85671779 0.043699275 -1.8178651e-20)
(0.85671779 0.043699275 -5.1276523e-21)
(0.85671779 0.043699275 0)
(0.85671779 0.043699275 -5.1276523e-21)
(0.85671779 0.043699275 -4.9627625e-21)
(0.85671779 0.043699275 0)
(0.85671779 0.043699275 0)
(0.85671779 0.043699275 0)
(0.85671779 0.043699275 0)
(0.85671779 0.043699275 0)
(0.85671779 0.043699275 0)
(0.85671779 0.043699275 1.520516e-22)
(0.85671779 0.043699275 1.520516e-22)
(0.85671779 0.043699275 0)
(0.85671779 0.043699275 0)
(0.85671779 0.043699275 4.6730546e-35)
(0.85671779 0.043699275 -1.6538039e-24)
(0.85671779 0.043699275 0)
(0.85671779 0.043699275 -1.6538039e-24)
(0.85671779 0.043699275 -1.3657438e-20)
(0.85671779 0.043699275 1.3772107e-20)
(0.85671779 0.043699275 0)
(0.85671779 0.043699275 -1.7094486e-24)
(0.85671779 0.043699275 1.4901943e-20)
(0.85671779 0.043699275 1.4901943e-20)
(0.85671779 0.043699275 -1.5036537e-20)
(0.85671779 0.043699275 1.5173587e-20)
(0.85671779 0.043699275 7.6565803e-21)
(0.85671779 0.043699275 8.1315466e-21)
(0.85671779 0.043699275 8.1315466e-21)
(0.85671779 0.043699275 -8.2770707e-21)
(0.85671779 0.043699275 -6.531408e-23)
(0.85671779 0.043699275 -6.5976725e-23)
(0.85671779 0.043699275 0)
(0.85671779 0.043699275 -2.3583571e-21)
(0.85671779 0.043699275 7.1374567e-22)
(0.85671779 0.043699275 -2.7284168e-21)
(0.85671779 0.043699275 2.0641589e-21)
(0.85671779 0.043699275 2.0641589e-21)
(0.85671779 0.043699275 -2.1507117e-21)
(0.85671779 0.043699275 -2.1507117e-21)
(0.85671779 0.043699275 -2.2546876e-21)
(0.85671779 0.043699275 -2.3583571e-21)
(0.85671779 0.043699274 -2.4477235e-32)
(0.85671779 0.043699274 -2.4797034e-22)
(0.85671779 0.043699274 8.3980191e-23)
(0.85671763 0.043699018 -4.2760027e-23)
(0.85671779 0.043699272 -4.2673334e-23)
(0.85671763 0.043699018 -4.2760027e-23)
(0.85671779 0.043699275 5.0946217e-37)
(0.85671779 0.043699275 -3.104485e-22)
(0.85671779 0.043699275 -3.1511115e-22)
(0.85671779 0.043699275 4.7987399e-22)
(0.85671779 0.043699274 -2.4477235e-32)
(0.85671779 0.043699275 -3.6132697e-34)
(0.85671779 0.043699275 2.9259119e-22)
(0.85671779 0.043699275 -5.9345872e-22)
(0.85671779 0.043699275 -3.0098619e-22)
(0.85671779 0.043699275 5.0946217e-37)
(0.85671779 0.043699275 3.0536694e-22)
(0.85671764 0.043699135 0)
(0.85671717 0.043698702 1.4473699e-22)
(0.85671571 0.043697481 -3.5766988e-28)
(0.85671134 0.043694007 -4.3575878e-22)
(0.85585186 0.042954036 1.9116791e-25)
(0.85669933 0.043685281 -7.2752007e-23)
(0.85585186 0.042954036 1.9116791e-25)
(0.85492778 0.042354086 2.8867353e-25)
(0.85363981 0.041750536 2.083975e-22)
(0.8451464 0.037855988 -1.0223774e-21)
(0.8451464 0.037855988 -1.0223774e-21)
(0.84350169 0.039088593 -8.0981928e-22)
(0.84458839 0.041694121 0)
(0.83910863 0.045709404 4.0411428e-22)
(0.83910863 0.045709404 4.0411428e-22)
(0.84682922 0.047943952 -7.6751078e-22)
(0.85279355 0.047442048 -7.6720118e-22)
(0.85333951 0.051764609 2.5375826e-21)
(0.85333951 0.051764609 2.5375826e-21)
(0.85413639 0.051395746 0)
(0.85501608 0.051261963 -4.9389974e-24)
(0.85501608 0.051261963 -4.9389974e-24)
(0.85642371 0.046392958 -4.6815539e-21)
(0.85683981 0.046284304 4.6765214e-21)
(0.85723415 0.046173507 -4.6624647e-21)
(0.85760566 0.046065985 0)
(0.85795737 0.045957048 -4.5299118e-24)
(0.85830216 0.045837406 0)
(0.85866451 0.045693147 4.5063127e-24)
(0.85907509 0.04549653 4.6020429e-21)
(0.85954863 0.045183991 -4.5988212e-21)
(0.86006074 0.044709006 0)
(0.8605267 0.044249863 0)
(0.86397586 0.04383824 1.6255654e-22)
(0.85671779 0.043699275 4.5287202e-21)
(0.85671779 0.043699275 -4.7788275e-22)
(0.85671779 0.043699275 5.1239198e-23)
(0.85671779 0.043699275 -7.67344e-22)
(0.85671779 0.043699275 -2.3943166e-23)
(0.85671779 0.043699275 -1.6251267e-34)
(0.85671779 0.043699275 -4.5287126e-21)
(0.85671762 0.043698771 3.756167e-22)
(0.8567178 0.043699297 -8.4048922e-22)
(0.85671779 0.043699274 1.3840669e-21)
(0.85671779 0.043699275 -4.7788275e-22)
(0.85671779 0.043699275 -1.3315993e-21)
(0.8571404 0.044126873 -1.4495327e-22)
(0.8566841 0.043649237 1.2430435e-21)
(0.85671762 0.043698771 3.756167e-22)
(0.85672009 0.043703289 -2.3409507e-27)
(0.86397586 0.04383824 1.6255654e-22)
(0.8571404 0.044126873 -1.4495327e-22)
(0.85501409 0.042768725 -6.4826771e-25)
(0.85671779 0.043699275 0)
(0.85671779 0.043699275 -2.7033791e-21)
(0.85671779 0.043699275 0)
(0.85671779 0.043699275 0)
(0.85671779 0.043699275 1.9267708e-21)
(0.85671779 0.043699275 -2.7033791e-21)
(0.85671779 0.043699275 0)
(0.85671779 0.043699275 0)
(0.85671779 0.043699275 0)
(0.85671779 0.043699275 0)
(0.85671779 0.043699275 0)
(0.85671779 0.043699275 4.5287202e-21)
(0.85671779 0.043699275 -1.0745832e-23)
(0.85671779 0.043699275 -5.0901165e-36)
(0.85671779 0.043699275 0)
(0.85671779 0.043699275 -2.1995871e-20)
(0.85671779 0.043699275 4.395541e-20)
(0.85671779 0.043699275 -2.1455347e-23)
(0.85671779 0.043699275 -4.392571e-20)
(0.85671779 0.043699275 2.1944717e-20)
(0.85671779 0.043699275 0)
(0.85671779 0.043699275 1.0713192e-23)
(0.85671779 0.043699275 -1.0709577e-23)
(0.85671779 0.043699275 0)
(0.85671779 0.043699275 0)
(0.85671779 0.043699275 -1.0745832e-23)
(0.85671779 0.043699275 2.2482953e-20)
(0.85671779 0.043699275 -1.6390636e-24)
(0.85671779 0.043699275 -1.6390636e-24)
(0.85671779 0.043699275 -8.9643685e-22)
(0.85671779 0.043699275 4.7936145e-22)
(0.85671779 0.043699275 1.5529769e-21)
(0.85671779 0.043699275 1.5529769e-21)
(0.85671779 0.043699275 -4.3669734e-24)
(0.85671779 0.043699275 -1.219741e-21)
(0.85671779 0.043699275 -1.219741e-21)
(0.85671779 0.043699275 1.0473331e-23)
(0.85671779 0.043699275 -1.5013068e-21)
(0.85671779 0.043699275 -1.5013068e-21)
(0.85671779 0.043699275 1.6739589e-21)
(0.85671779 0.043699275 1.6739589e-21)
(0.85671779 0.043699275 3.8354927e-21)
(0.85671779 0.043699275 3.8354927e-21)
(0.85671779 0.043699275 0)
(0.85671779 0.043699275 0)
(0.85671779 0.043699275 4.4238743e-21)
(0.85671779 0.043699275 5.3131792e-21)
(0.85671779 0.043699275 5.3131792e-21)
(0.85671779 0.043699275 -1.0605281e-20)
(0.85671779 0.043699275 -1.3854335e-33)
(0.85671779 0.043699275 0)
(0.85671779 0.043699275 -4.9961365e-22)
(0.85671779 0.043699275 4.9129763e-22)
(0.85671779 0.043699275 4.9129763e-22)
(0.85671779 0.043699275 0)
(0.85671779 0.043699275 1.3990276e-33)
(0.85671779 0.043699275 1.4725734e-23)
(0.85671779 0.043699275 4.493776e-22)
(0.85671779 0.043699275 4.493776e-22)
)
;
    }
}


// ************************************************************************* //
