/*--------------------------------*- C++ -*----------------------------------*\
| =========                 |                                                 |
| \\      /  F ield         | OpenFOAM: The Open Source CFD Toolbox           |
|  \\    /   O peration     | Version:  2206                                  |
|   \\  /    A nd           | Website:  www.openfoam.com                      |
|    \\/     M anipulation  |                                                 |
\*---------------------------------------------------------------------------*/
FoamFile
{
    version     2.0;
    format      ascii;
    arch        "LSB;label=32;scalar=64";
    class       volScalarField;
    location    "0.01";
    object      p;
}
// * * * * * * * * * * * * * * * * * * * * * * * * * * * * * * * * * * * * * //

dimensions      [1 -1 -2 0 0 0 0];

internalField   nonuniform List<scalar> 
1396
(
1
1
1
1
1
1
1
1
1
1
1
1
1
1
1
1
1
1
1
1
1
1
1
1
1
1
1
1
1
1
1
1
1
1
1
1
1
1
1
1
1
1
1
1
1
1
1
1
1
1
1
1
1
1
1
1
1
1
1
1
1
1
1
1
1
1
1
1
1
1
1
1
1
1
1
1
1
1
1
1
1
1
1
1
1
1
1
1
1
1
1
1
1
1
1
1
1
1
1
1
1
1
1
1
1
1
1
1
1
1
1
1
1
1
1
1
1
1
1
1
1
1
1
1
1
1
1
1
1
1
1
1
1
1
1
1
1
1
1
1
1
1
1
1
1
1
1
1
1
1
1
1
1
1
1
1
1
1
1
1
1
1
1
1
1
1
1
1
1
1
1
1
1
1
1
1
1
1
1
1
1
1
1
1
1
1
1
1
1
1
1
1
1
1
1
1
1
1
1
1
1
1
1
1
1
1
1
1
1
1
1
1
1
1
1
1
1
1
1
1
1
1
1
1
1
1
1
1
1
1
1
1
1
1
1
1
1
1
1
1
1
1
1
1
1
1
1
1
1
1
1
1
1
1
1
1
1
1
1
1
1
1
1
1
1
1
1
1
1
1
1
1
1
1
1
1
1
1
1
1
1
1
1
1
1
1
1
1
1
1
1
1
1
1
1
1
1
1
1
1
1
1
1
1
1
1
1
1
1
1
1
1
1
1
1
1
1
1
1
1
1
1
1
1
1
1
1
1
1
1
1
1
1
1
1
1
1
1
1
1
1
1
1
1
1
1
1
1
1
1
1
1
1
1
1
1
1
1
1
1
0.99999985
1
1
1
1
1
1
1
1
1
1
1
1
1
1
1
1
1
1
1
1
1
1
1
1
1
1
1
1
1
1
1
1
1
1
1
1
1
1
1
1
1
1
1
1
1
1
1
1
1
1
1
1
1
1
1
1
1
1
1
1
1
1
1
1
1
1
1
1
1
1
1
1
1
1
1
1
1
1
1
1
1
1
1
1
1
1
1
1
1
1
1
1
1
1
1
1
1
1
1
1
1
1
1
1
1
1
1
1
1
1
1
1
1
1
1
1
1
1
1
1
1
1
1
0.99893356
0.99779862
0.99622117
0.99467138
0.98680362
0.99394748
0.98522611
0.99459395
0.98673514
0.99633868
0.99069017
0.98036259
0.99822036
0.99505822
0.98883249
0.99943724
0.99817869
0.99531753
0.99478419
0.99765581
0.99914784
0.99974681
0.99581685
0.99818649
0.9993659
0.99981582
0.99683689
0.99870847
0.99957794
0.99988095
0.9992102
0.99977714
0.99994099
0.99969522
0.99996613
0.99999728
1.0001603
1.0001446
1.0000504
1.0006048
1.0003129
1.0000999
1.0010278
1.0004723
1.0001453
1.001427
1.0006235
1.0001867
1.0018002
1.0007667
1.0002242
1.0021459
1.0009002
1.0002587
1.0024796
1.0010253
1.0002916
1.0028202
1.0011468
1.0003245
1.0030929
1.001241
1.0003508
0.99999987
0.99999945
0.9999982
0.99999452
0.99998458
0.99996134
0.99991699
0.99985094
0.99978068
0.99974239
0.99976628
0.99984409
0.99992911
0.99997968
1
0.99999999
0.99999997
0.99999991
0.99999973
0.99999933
0.99999856
0.99999737
0.99999607
0.99999532
0.99999571
0.99999706
0.99999874
0.99999975
1
1
1
1
1
0.99999999
0.99999998
0.99999996
0.99999994
0.99999992
0.99999993
0.99999995
0.99999997
1
1
1
1
1
1
1
1
1
1
1
1
1
1
1
1
1
1
1
1
1
1
1
1
1
1
1
1
1
1
1
1
1
1
1
1
1
1
1
1
1
1
1
1
1
1
1
1
1
1
1
1
1
1
1
1
1
1
1
1
1
1
1
1
1
1
1
1
1
1
1
1
1
1
1
1
1
1
1
1
1
1
1
1
1
1
1
1
1
1
1
1
1
1
1
1
1
1
1
1
1
1
1
1
1
1
1
1.0000001
1.0000085
1
1
1
1
1
1
1
1
1.0000001
1.0000079
1
1
1
1
1
1
1
1
1.0000001
1.0000071
1
1
1
1
1
1
1
1
1
1.0000062
1
1
1
1
1
1
1
1
1
1.0000051
1
1
1
1
1
1
1
1
1
1.0000039
1
1
1
1
1
1
1
1
0.99999998
1.0000025
1
1
1
1
1
1
1
1
0.99999995
1.000001
1
1
1
1
1
1
1
1
0.99999991
0.99999934
1
1
1
1
1
1
1
1
0.99999988
0.99999762
1
1
1
1
1
1
1
1
0.99999988
0.99999583
1
1
1
1
1
1
1
1
0.99999987
0.99999408
1
1
1
1
1
1
1
1
0.99999986
0.99999246
1
1
1
1
1
1
1
1
0.99999986
0.99999114
1
1
1
1
1
0.99999971
1
1
1
1
1
1
1
1
1.0004906
0.99995615
1.0000032
0.99999984
1
1
1
1
1
1
1
1
1.0085447
0.99806147
1.0002478
0.9999782
1.0000015
0.99999992
1
1
1
1
1
1
1
1
1.0036393
0.99907935
1.0001138
0.99999052
1.0000007
0.99999997
1
1
1
1
1
1
1
1
1.0012752
0.99966905
1.0000448
0.99999639
1.0000002
0.99999999
1
1
1
1
1
1
1
1
1.0003369
0.99991306
1.000012
0.99999893
1.0000001
1
1
1
1
1
1
1
1
1
1.0000075
0.99999835
1.0000002
0.99999998
1
1
1
1
1
1
1
1
1
1
1.0000001
1.0000001
0.99999999
1
1
1
1
1
1
1
1
1
1
1
1
1
1
1
1
1
1
1
1
1
1
1
1
1
1
1
1
1
1
1
1
1
1
1
1
1
1
1
1
1
1
1
1
1
1
1
1
1
1
1
1
1
1
1
1
1
1
1
1
1
1
1
1
1
1
1
1
1
1
1
1
1
1
1
1
1
1
1
1
1
1
1
1
1
1
1
1
1
1
1
1
1
1
1
1
1
1
1
1
1
1
1
1
1
1
1
1
1
1
1
1
1
1
1
1
1
1
1
1
1
1
1
1
1
1
1
1
1
1
1
1
1
1
1
1
1
1
1
1
1
1
1
1
1
1
1
1
1
1
1
1
1
1
1
1
1
1
1
1
1
1
1
1
1
1
1
1
1
1
1
1
1
1
1
1
1
1
1
1
1
1
1
1
1
1
1
1
1
1
1
1
1
1
1
1
1
1
1
1
1
1
1
1
1
1
1
1
1
1
1
1
1
1
1
1
1
1
1
1
1
1
1
1
1
1
1
1
1
1
1
1
1
1
1
1
1
1
1
1
1
1
1
1
1
1
1
1
1
1
1
1
1
1
1
1
1
1
1
1
1
1
1
1
1
1
1
1
1
1
1
1
1
1
1
1
1
1
1
1
1
1
1
1
1
1
1
1
1
1
1
1
1
1
1
1
1
1
1
1
1
1
1
1
1
1
1
1
1
1
1
1
1
1
1
1
1
1
1
1
1
1
1
1
1
1
1
1
1
1
1
1
1
1
1
1
1
1
1
1
1
1
1
1
1
1
1
1
1
1
1
1
1
1
1
1
1
1
1
1
1
1
1
1
1
1
1
1
1
1
1
1
1
1
1
1
1
1
1
1
1
1
1
1
1
1
1
1
1
1
1
1
1
1
1
1
1
1
1
1
1
1
1
1
1
1
1
1
1
1
1
1
1
1
1
1
1
1
1
1
1
1
1
1
1
1
1
1
1
1
1
1
1
1
1
1
1
1
1
1
1
1
1
1
1
1
1
1
1
1
1
1
1
1
1
1
1
1
1
1
1
1
1
1
1
1
1
1
1
1
)
;

boundaryField
{
    Side
    {
        type            empty;
    }
    Inlet
    {
        type            inletOutlet;
        inletValue      uniform 1;
        value           nonuniform List<scalar> 
15
(
1
1
1
1
1
1
1
1
1
1
1
1
1
1
1
)
;
    }
    Airfoil
    {
        type            zeroGradient;
    }
    Outlet
    {
        type            zeroGradient;
    }
    Flap
    {
        type            zeroGradient;
    }
    procBoundary5to4
    {
        type            processor;
        value           nonuniform List<scalar> 
189
(
1
1
1
1
1
1
1
1
1
1
1
1
1
1
1
1
1
1
1
1
1
1
1
1
1
1
1
1
1
1
1
1
1
1
1
1
1
1
1
1
1
1
1
1
1
1
1
1
1
1
1
1
1
1
1
1
1
1
1
1
0.99999998
0.99999997
0.99999995
0.99999991
0.99999991
0.99999564
1
1
1
1
1
1
1
1
1
1
1
0.99999615
0.99998471
0.99994904
0.99984291
0.99956145
0.99956145
0.9970653
0.9941678
0.99035034
0.99035034
0.97239406
0.96963922
0.97272348
0.97272348
0.9645149
0.97879898
0.99015524
0.99015524
0.99019857
0.99186101
0.99349661
0.99782753
0.99782753
0.99879022
0.9997235
1.0006256
1.0014996
1.0023393
1.0031349
1.0038836
1.0046251
1.005401
1.0060329
1.0060329
1
1
1
1
1
1
1
0.99999956
1
1
1
1
1.000902
0.99992325
1.000006
1.000006
1.0170525
0.99662366
0.99662366
1
1
1
1
1
1
1
1
1
1
1
1
1
1
1
1
1
1
1
1
1
1
1
1
1
1
1
1
1
1
1
1
1
1
1
1
1
1
1
1
1
1
1
1
1
1
1
1
1
1
1
1
1
1
1
1
1
1
1
)
;
    }
    procBoundary5to6
    {
        type            processor;
        value           nonuniform List<scalar> 
188
(
1
1
1
1
1
1
1
1
1
1
1
1
1
1
1
1
1
1
1
1
1
1
1
1
1
1
1
1
1
1
1
1
1
1
1
1
1
1
1
1
1
1
1
1
1
1
1
1
1
1
1
1
1
1
1
1
1
1
1
1
1
1
1
1
1
1
1
1
1
1
1
1
1
1
1
1
1
1
1
1
1
1
1
1
1
1
1
1
1
1
1
1
1
1
1
1
1
1
1
1
1
1
1
1
1
1
1
1
1
1
1
1
1
1
1
1
1
1
1
1
1
1
1
1
1
1
1
1
1
1
1
1
1
1
1
1
1
1
1
1
1
1
1
1
1
1
1
1
1
1
1
1
1
1
1
1
1
1
1
1
1
1
1
1
1
1
1
1
1
1
1
1
1
1
1
1
1
1
1
1
1
1
1
1
1
1
1
1
)
;
    }
}


// ************************************************************************* //
