/*--------------------------------*- C++ -*----------------------------------*\
| =========                 |                                                 |
| \\      /  F ield         | OpenFOAM: The Open Source CFD Toolbox           |
|  \\    /   O peration     | Version:  2206                                  |
|   \\  /    A nd           | Website:  www.openfoam.com                      |
|    \\/     M anipulation  |                                                 |
\*---------------------------------------------------------------------------*/
FoamFile
{
    version     2.0;
    format      ascii;
    arch        "LSB;label=32;scalar=64";
    class       volScalarField;
    location    "0.01";
    object      rho;
}
// * * * * * * * * * * * * * * * * * * * * * * * * * * * * * * * * * * * * * //

dimensions      [1 -3 0 0 0 0 0];

internalField   nonuniform List<scalar> 
1396
(
0.99999904
0.99999904
0.99999904
0.99999904
0.99999904
0.99999904
0.99999904
0.99999904
0.99999904
0.99999904
0.99999904
0.99999904
0.99999904
0.99999904
0.99999904
0.99999904
0.99999904
0.99999904
0.99999904
0.99999904
0.99999904
0.99999904
0.99999904
0.99999904
0.99999904
0.99999904
0.99999904
0.99999904
0.99999904
0.99999904
0.99999904
0.99999904
0.99999904
0.99999904
0.99999904
0.99999904
0.99999904
0.99999904
0.99999904
0.99999904
0.99999904
0.99999904
0.99999904
0.99999904
0.99999904
0.99999904
0.99999904
0.99999904
0.99999904
0.99999904
0.99999904
0.99999904
0.99999904
0.99999904
0.99999904
0.99999904
0.99999904
0.99999904
0.99999904
0.99999904
0.99999904
0.99999904
0.99999904
0.99999904
0.99999904
0.99999904
0.99999904
0.99999904
0.99999904
0.99999904
0.99999904
0.99999904
0.99999904
0.99999904
0.99999904
0.99999904
0.99999904
0.99999904
0.99999904
0.99999904
0.99999904
0.99999904
0.99999904
0.99999904
0.99999904
0.99999904
0.99999904
0.99999904
0.99999904
0.99999904
0.99999904
0.99999904
0.99999904
0.99999904
0.99999904
0.99999904
0.99999904
0.99999904
0.99999904
0.99999904
0.99999904
0.99999904
0.99999904
0.99999904
0.99999904
0.99999904
0.99999904
0.99999904
0.99999904
0.99999904
0.99999904
0.99999904
0.99999904
0.99999904
0.99999904
0.99999904
0.99999904
0.99999904
0.99999904
0.99999904
0.99999904
0.99999904
0.99999904
0.99999904
0.99999904
0.99999904
0.99999904
0.99999904
0.99999904
0.99999904
0.99999904
0.99999904
0.99999904
0.99999904
0.99999904
0.99999904
0.99999904
0.99999904
0.99999904
0.99999904
0.99999904
0.99999904
0.99999904
0.99999904
0.99999904
0.99999904
0.99999904
0.99999904
0.99999904
0.99999904
0.99999904
0.99999904
0.99999904
0.99999904
0.99999904
0.99999904
0.99999904
0.99999904
0.99999904
0.99999904
0.99999904
0.99999904
0.99999904
0.99999904
0.99999904
0.99999904
0.99999904
0.99999904
0.99999904
0.99999904
0.99999904
0.99999904
0.99999904
0.99999904
0.99999904
0.99999904
0.99999904
0.99999904
0.99999904
0.99999904
0.99999904
0.99999904
0.99999904
0.99999904
0.99999904
0.99999904
0.99999904
0.99999904
0.99999904
0.99999904
0.99999904
0.99999904
0.99999904
0.99999904
0.99999904
0.99999904
0.99999904
0.99999904
0.99999904
0.99999904
0.99999904
0.99999904
0.99999904
0.99999904
0.99999904
0.99999904
0.99999904
0.99999904
0.99999904
0.99999904
0.99999904
0.99999904
0.99999904
0.99999904
0.99999904
0.99999904
0.99999904
0.99999904
0.99999904
0.99999904
0.99999904
0.99999904
0.99999904
0.99999904
0.99999904
0.99999904
0.99999904
0.99999904
0.99999904
0.99999904
0.99999904
0.99999904
0.99999904
0.99999904
0.99999904
0.99999904
0.99999904
0.99999904
0.99999904
0.99999904
0.99999904
0.99999904
0.99999904
0.99999904
0.99999904
0.99999904
0.99999904
0.99999904
0.99999904
0.99999904
0.99999904
0.99999904
0.99999904
0.99999904
0.99999904
0.99999904
0.99999904
0.99999904
0.99999904
0.99999904
0.99999904
0.99999904
0.99999904
0.99999904
0.99999904
0.99999904
0.99999904
0.99999904
0.99999904
0.99999904
0.99999904
0.99999904
0.99999904
0.99999904
0.99999904
0.99999904
0.99999904
0.99999904
0.99999904
0.99999904
0.99999904
0.99999904
0.99999904
0.99999904
0.99999904
0.99999904
0.99999904
0.99999904
0.99999904
0.99999904
0.99999904
0.99999904
0.99999904
0.99999904
0.99999904
0.99999904
0.99999904
0.99999904
0.99999904
0.99999904
0.99999904
0.99999904
0.99999904
0.99999904
0.99999904
0.99999904
0.99999904
0.99999904
0.99999904
0.99999904
0.99999904
0.99999904
0.99999904
0.99999904
0.99999904
0.99999904
0.99999904
0.99999904
0.99999904
0.99999904
0.99999904
0.99999904
0.99999904
0.99999904
0.99999904
0.99999904
0.99999904
0.99999904
0.99999904
0.99999904
0.99999904
0.99999904
0.99999904
0.99999904
0.99999904
0.99999904
0.99999904
0.99999904
0.99999904
0.99999904
0.99999904
0.99999904
0.99999904
0.99999904
0.99999904
0.99999904
0.99999904
0.99999904
0.99999904
0.99999904
0.99999904
0.99999904
0.99999904
0.99999904
0.99999904
0.99999904
0.99999904
0.99999904
0.99999904
0.99999904
0.99999902
0.99999904
0.99999904
0.99999904
0.99999904
0.99999904
0.99999904
0.99999904
0.99999904
0.99999904
0.99999904
0.99999904
0.99999904
0.99999904
0.99999904
0.99999904
0.99999904
0.99999904
0.99999904
0.99999904
0.99999904
0.99999904
0.99999904
0.99999904
0.99999904
0.99999904
0.99999904
0.99999904
0.99999904
0.99999904
0.99999904
0.99999904
0.99999904
0.99999904
0.99999904
0.99999904
0.99999904
0.99999904
0.99999904
0.99999904
0.99999904
0.99999904
0.99999904
0.99999904
0.99999904
0.99999904
0.99999904
0.99999904
0.99999904
0.99999904
0.99999904
0.99999904
0.99999904
0.99999904
0.99999904
0.99999904
0.99999904
0.99999904
0.99999904
0.99999904
0.99999904
0.99999904
0.99999904
0.99999904
0.99999904
0.99999904
0.99999904
0.99999904
0.99999904
0.99999904
0.99999904
0.99999904
0.99999904
0.99999904
0.99999904
0.99999904
0.99999904
0.99999904
0.99999904
0.99999904
0.99999904
0.99999904
0.99999904
0.99999904
0.99999904
0.99999904
0.99999904
0.99999904
0.99999904
0.99999904
0.99999904
0.99999904
0.99999904
0.99999904
0.99999904
0.99999904
0.99999904
0.99999904
0.99999904
0.99999904
0.99999904
0.99999904
0.99999904
0.99999904
0.99999904
0.99999904
0.99999904
0.99999904
0.99999904
0.99999904
0.99999904
0.99999904
0.99999904
0.99999904
0.99999904
0.99999904
0.99999904
0.99999904
0.99999904
0.99999904
0.99999904
0.99999904
0.99999904
0.99999904
0.99984948
0.99966142
0.99936746
0.99903398
0.99687064
0.99884964
0.99643267
0.99895454
0.99682826
0.99930278
0.99784405
0.99467141
0.99968819
0.99892273
0.99707979
0.99992217
0.99966035
0.99885525
0.99786912
0.99910958
0.99971797
0.99992819
0.9982307
0.99927405
0.99976949
0.99993998
0.998546
0.99941609
0.99981253
0.99994853
0.99955407
0.99985453
0.9999562
0.99969283
0.99989425
0.99996249
0.9998275
0.9999324
0.99997015
0.99994851
0.99997136
0.99997915
1.0000544
1.0000114
0.99998778
1.0001232
1.0000488
0.99999537
1.0001213
1.000077
1.0000021
1.0000323
1.0000854
1.000007
0.999872
1.0000657
1.0000088
0.99968329
1.0000218
1.0000069
0.99950312
0.99996713
0.99999967
0.99999903
0.99999898
0.99999884
0.99999844
0.99999739
0.99999501
0.99999008
0.99998214
0.99997272
0.99996712
0.9999698
0.99997981
0.99999053
0.99999636
0.99999904
0.99999904
0.99999904
0.99999904
0.99999903
0.99999902
0.999999
0.99999896
0.99999891
0.99999889
0.99999893
0.99999894
0.99999904
0.99999911
0.99999904
0.99999904
0.99999904
0.99999904
0.99999904
0.99999904
0.99999904
0.99999904
0.99999905
0.99999905
0.99999905
0.99999904
0.99999904
0.99999904
0.99999904
0.99999904
0.99999904
0.99999904
0.99999904
0.99999904
0.99999904
0.99999904
0.99999904
0.99999904
0.99999904
0.99999904
0.99999904
0.99999904
0.99999904
0.99999904
0.99999904
0.99999904
0.99999904
0.99999904
0.99999904
0.99999904
0.99999904
0.99999904
0.99999904
0.99999904
0.99999904
0.99999904
0.99999904
0.99999904
0.99999904
0.99999904
0.99999904
0.99999904
0.99999904
0.99999904
0.99999904
0.99999904
0.99999904
0.99999904
0.99999904
0.99999904
0.99999904
0.99999904
0.99999904
0.99999904
0.99999904
0.99999904
0.99999904
0.99999904
0.99999904
0.99999904
0.99999904
0.99999904
0.99999904
0.99999904
0.99999904
0.99999904
0.99999904
0.99999904
0.99999904
0.99999904
0.99999904
0.99999904
0.99999904
0.99999904
0.99999904
0.99999904
0.99999904
0.99999904
0.99999904
0.99999904
0.99999904
0.99999904
0.99999904
0.99999904
0.99999904
0.99999904
0.99999904
0.99999904
0.99999904
0.99999904
0.99999904
0.99999904
0.99999904
0.99999904
0.99999904
0.99999904
0.99999904
0.99999904
0.99999904
0.99999904
0.99999904
0.99999904
0.99999904
0.99999904
0.99999904
0.99999904
0.99999904
0.99999904
0.99999904
0.99999904
0.99999904
0.99999904
0.99999904
0.99999904
0.99999903
0.99999988
0.99999904
0.99999904
0.99999904
0.99999904
0.99999904
0.99999904
0.99999904
0.99999904
0.99999902
0.99999957
0.99999904
0.99999904
0.99999904
0.99999904
0.99999904
0.99999904
0.99999904
0.99999904
0.99999902
0.9999993
0.99999904
0.99999904
0.99999904
0.99999904
0.99999904
0.99999904
0.99999904
0.99999904
0.99999902
0.99999905
0.99999904
0.99999904
0.99999904
0.99999904
0.99999904
0.99999904
0.99999904
0.99999904
0.99999902
0.99999878
0.99999904
0.99999904
0.99999904
0.99999904
0.99999904
0.99999904
0.99999904
0.99999904
0.99999902
0.99999849
0.99999904
0.99999904
0.99999904
0.99999904
0.99999904
0.99999904
0.99999904
0.99999904
0.99999902
0.99999821
0.99999904
0.99999904
0.99999904
0.99999904
0.99999904
0.99999904
0.99999904
0.99999904
0.99999902
0.9999979
0.99999904
0.99999904
0.99999904
0.99999904
0.99999904
0.99999904
0.99999904
0.99999904
0.99999903
0.99999754
0.99999904
0.99999904
0.99999904
0.99999904
0.99999904
0.99999904
0.99999904
0.99999904
0.99999904
0.99999727
0.99999904
0.99999904
0.99999904
0.99999904
0.99999904
0.99999904
0.99999904
0.99999904
0.99999902
0.99999716
0.99999904
0.99999904
0.99999904
0.99999904
0.99999904
0.99999904
0.99999904
0.99999904
0.99999902
0.99999707
0.99999904
0.99999904
0.99999904
0.99999904
0.99999904
0.99999904
0.99999904
0.99999904
0.99999903
0.9999971
0.99999904
0.99999904
0.99999904
0.99999904
0.99999904
0.99999904
0.99999904
0.99999904
0.99999905
0.99999731
0.99999904
0.99999904
0.99999904
0.99999904
0.99999904
0.99999887
0.99999905
0.99999904
0.99999904
0.99999904
0.99999904
0.99999904
0.99999904
0.99999904
1.0001884
0.99997876
1.0000005
0.99999896
0.99999905
0.99999904
0.99999904
0.99999904
0.99999904
0.99999904
0.99999904
0.99999904
1.0026777
0.99935817
1.0000837
0.99999082
0.99999966
0.99999901
0.99999904
0.99999904
0.99999904
0.99999904
0.99999904
0.99999904
0.99999904
0.99999904
1.0009467
0.999763
1.0000313
0.99999627
0.99999925
0.99999903
0.99999904
0.99999904
0.99999904
0.99999904
0.99999904
0.99999904
0.99999904
0.99999904
1.0002624
0.99993013
1.0000079
0.9999983
0.99999909
0.99999904
0.99999904
0.99999904
0.99999904
0.99999904
0.99999904
0.99999904
0.99999904
0.99999904
1.000047
0.9999853
1
0.99999899
0.99999904
0.99999904
0.99999904
0.99999904
0.99999904
0.99999904
0.99999904
0.99999904
0.99999904
0.99999904
0.99999977
0.99999896
0.99999902
0.99999905
0.99999904
0.99999904
0.99999904
0.99999904
0.99999904
0.99999904
0.99999904
0.99999904
0.99999904
0.99999904
0.99999905
0.99999896
0.99999906
0.99999904
0.99999904
0.99999904
0.99999904
0.99999904
0.99999904
0.99999904
0.99999904
0.99999904
0.99999904
0.99999904
0.99999904
0.99999904
0.99999904
0.99999904
0.99999904
0.99999904
0.99999904
0.99999904
0.99999904
0.99999904
0.99999904
0.99999904
0.99999904
0.99999904
0.99999904
0.99999904
0.99999904
0.99999904
0.99999904
0.99999904
0.99999904
0.99999904
0.99999904
0.99999904
0.99999904
0.99999904
0.99999904
0.99999904
0.99999904
0.99999904
0.99999904
0.99999904
0.99999904
0.99999904
0.99999904
0.99999904
0.99999904
0.99999904
0.99999904
0.99999904
0.99999904
0.99999904
0.99999904
0.99999904
0.99999904
0.99999904
0.99999904
0.99999904
0.99999904
0.99999904
0.99999904
0.99999904
0.99999904
0.99999904
0.99999904
0.99999904
0.99999904
0.99999904
0.99999904
0.99999904
0.99999904
0.99999904
0.99999904
0.99999904
0.99999904
0.99999904
0.99999904
0.99999904
0.99999904
0.99999904
0.99999904
0.99999904
0.99999904
0.99999904
0.99999904
0.99999904
0.99999904
0.99999904
0.99999904
0.99999904
0.99999904
0.99999904
0.99999904
0.99999904
0.99999904
0.99999904
0.99999904
0.99999904
0.99999904
0.99999904
0.99999904
0.99999904
0.99999904
0.99999904
0.99999904
0.99999904
0.99999904
0.99999904
0.99999904
0.99999904
0.99999904
0.99999904
0.99999904
0.99999904
0.99999904
0.99999904
0.99999904
0.99999904
0.99999904
0.99999904
0.99999904
0.99999904
0.99999904
0.99999904
0.99999904
0.99999904
0.99999904
0.99999904
0.99999904
0.99999904
0.99999904
0.99999904
0.99999904
0.99999904
0.99999904
0.99999904
0.99999904
0.99999904
0.99999904
0.99999904
0.99999904
0.99999904
0.99999904
0.99999904
0.99999904
0.99999904
0.99999904
0.99999904
0.99999904
0.99999904
0.99999904
0.99999904
0.99999904
0.99999904
0.99999904
0.99999904
0.99999904
0.99999904
0.99999904
0.99999904
0.99999904
0.99999904
0.99999904
0.99999904
0.99999904
0.99999904
0.99999904
0.99999904
0.99999904
0.99999904
0.99999904
0.99999904
0.99999904
0.99999904
0.99999904
0.99999904
0.99999904
0.99999904
0.99999904
0.99999904
0.99999904
0.99999904
0.99999904
0.99999904
0.99999904
0.99999904
0.99999904
0.99999904
0.99999904
0.99999904
0.99999904
0.99999904
0.99999904
0.99999904
0.99999904
0.99999904
0.99999904
0.99999904
0.99999904
0.99999904
0.99999904
0.99999904
0.99999904
0.99999904
0.99999904
0.99999904
0.99999904
0.99999904
0.99999904
0.99999904
0.99999904
0.99999904
0.99999904
0.99999904
0.99999904
0.99999904
0.99999904
0.99999904
0.99999904
0.99999904
0.99999904
0.99999904
0.99999904
0.99999904
0.99999904
0.99999904
0.99999904
0.99999904
0.99999904
0.99999904
0.99999904
0.99999904
0.99999904
0.99999904
0.99999904
0.99999904
0.99999904
0.99999904
0.99999904
0.99999904
0.99999904
0.99999904
0.99999904
0.99999904
0.99999904
0.99999904
0.99999904
0.99999904
0.99999904
0.99999904
0.99999904
0.99999904
0.99999904
0.99999904
0.99999904
0.99999904
0.99999904
0.99999904
0.99999904
0.99999904
0.99999904
0.99999904
0.99999904
0.99999904
0.99999904
0.99999904
0.99999904
0.99999904
0.99999904
0.99999904
0.99999904
0.99999904
0.99999904
0.99999904
0.99999904
0.99999904
0.99999904
0.99999904
0.99999904
0.99999904
0.99999904
0.99999904
0.99999904
0.99999904
0.99999904
0.99999904
0.99999904
0.99999904
0.99999904
0.99999904
0.99999904
0.99999904
0.99999904
0.99999904
0.99999904
0.99999904
0.99999904
0.99999904
0.99999904
0.99999904
0.99999904
0.99999904
0.99999904
0.99999904
0.99999904
0.99999904
0.99999904
0.99999904
0.99999904
0.99999904
0.99999904
0.99999904
0.99999904
0.99999904
0.99999904
0.99999904
0.99999904
0.99999904
0.99999904
0.99999904
0.99999904
0.99999904
0.99999904
0.99999904
0.99999904
0.99999904
0.99999904
0.99999904
0.99999904
0.99999904
0.99999904
0.99999904
0.99999904
0.99999904
0.99999904
0.99999904
0.99999904
0.99999904
0.99999904
0.99999904
0.99999904
0.99999904
0.99999904
0.99999904
0.99999904
0.99999904
0.99999904
0.99999904
0.99999904
0.99999904
0.99999904
0.99999904
0.99999904
0.99999904
0.99999904
0.99999904
0.99999904
0.99999904
0.99999904
0.99999904
0.99999904
0.99999904
0.99999904
0.99999904
0.99999904
0.99999904
0.99999904
0.99999904
0.99999904
0.99999904
0.99999904
0.99999904
0.99999904
0.99999904
0.99999904
0.99999904
0.99999904
0.99999904
0.99999904
0.99999904
0.99999904
0.99999904
0.99999904
0.99999904
0.99999904
0.99999904
0.99999904
0.99999904
0.99999904
0.99999904
0.99999904
0.99999904
0.99999904
0.99999904
0.99999904
0.99999904
0.99999904
0.99999904
0.99999904
0.99999904
0.99999904
0.99999904
0.99999904
0.99999904
0.99999904
0.99999904
0.99999904
0.99999904
0.99999904
0.99999904
0.99999904
0.99999904
0.99999904
0.99999904
0.99999904
0.99999904
0.99999904
0.99999904
0.99999904
0.99999904
0.99999904
0.99999904
0.99999904
0.99999904
0.99999904
0.99999904
0.99999904
0.99999904
0.99999904
0.99999904
0.99999904
0.99999904
0.99999904
0.99999904
0.99999904
0.99999904
0.99999904
0.99999904
0.99999904
0.99999904
0.99999904
0.99999904
0.99999904
0.99999904
0.99999904
0.99999904
0.99999904
0.99999904
0.99999904
0.99999904
0.99999904
0.99999904
0.99999904
0.99999904
0.99999904
0.99999904
0.99999904
0.99999904
0.99999904
0.99999904
0.99999904
0.99999904
0.99999904
0.99999904
0.99999904
0.99999904
0.99999904
0.99999904
0.99999904
)
;

boundaryField
{
    Side
    {
        type            empty;
    }
    Inlet
    {
        type            calculated;
        value           nonuniform List<scalar> 
15
(
0.99999904
0.99999904
0.99999904
0.99999904
0.99999904
0.99999904
0.99999904
0.99999904
0.99999904
0.99999904
0.99999904
0.99999904
0.99999904
0.99999904
0.99999904
)
;
    }
    Airfoil
    {
        type            calculated;
        value           nonuniform List<scalar> 0();
    }
    Outlet
    {
        type            calculated;
        value           nonuniform List<scalar> 0();
    }
    Flap
    {
        type            calculated;
        value           nonuniform List<scalar> 0();
    }
    procBoundary5to4
    {
        type            processor;
        value           nonuniform List<scalar> 
189
(
0.99999904
0.99999904
0.99999904
0.99999904
0.99999904
0.99999904
0.99999904
0.99999904
0.99999904
0.99999904
0.99999904
0.99999904
0.99999904
0.99999904
0.99999904
0.99999904
0.99999904
0.99999904
0.99999904
0.99999904
0.99999904
0.99999904
0.99999904
0.99999904
0.99999904
0.99999904
0.99999904
0.99999904
0.99999904
0.99999904
0.99999904
0.99999904
0.99999904
0.99999904
0.99999904
0.99999904
0.99999904
0.99999904
0.99999904
0.99999904
0.99999904
0.99999904
0.99999904
0.99999904
0.99999904
0.99999904
0.99999904
0.99999904
0.99999904
0.99999904
0.99999904
0.99999904
0.99999904
0.99999904
0.99999904
0.99999904
0.99999904
0.99999904
0.99999904
0.99999904
0.99999904
0.99999904
0.99999903
0.99999903
0.99999903
0.99999808
0.99999904
0.99999904
0.99999904
0.99999904
0.99999904
0.99999904
0.99999904
0.99999904
0.99999904
0.99999904
0.99999904
0.99999871
0.99999715
0.99999223
0.99997808
0.99994043
0.99994043
0.99941016
0.9987404
0.99779254
0.99779254
0.99197466
0.99119633
0.99228942
0.99228942
0.98909248
0.9936231
0.99713644
0.99713644
0.99551801
0.99603789
0.99643564
0.99883521
0.99883521
0.99908754
0.99931741
0.999484
0.99957257
0.99950533
0.99924591
0.99882181
0.9983135
0.99782878
0.99744033
0.99744033
0.99999904
0.99999904
0.99999904
0.99999904
0.99999904
0.99999904
0.99999904
0.99999874
0.99999906
0.99999904
0.99999904
0.99999904
1.0003853
0.99995756
1.0000021
1.0000021
1.0063155
0.99866263
0.99866263
0.99999904
0.99999904
0.99999904
0.99999904
0.99999904
0.99999904
0.99999904
0.99999904
0.99999904
0.99999904
0.99999904
0.99999904
0.99999904
0.99999904
0.99999904
0.99999904
0.99999904
0.99999904
0.99999904
0.99999904
0.99999904
0.99999904
0.99999904
0.99999904
0.99999904
0.99999904
0.99999904
0.99999904
0.99999904
0.99999904
0.99999904
0.99999904
0.99999904
0.99999904
0.99999904
0.99999904
0.99999904
0.99999904
0.99999904
0.99999904
0.99999904
0.99999904
0.99999904
0.99999904
0.99999904
0.99999904
0.99999904
0.99999904
0.99999904
0.99999904
0.99999904
0.99999904
0.99999904
0.99999904
0.99999904
0.99999904
0.99999904
0.99999904
0.99999904
)
;
    }
    procBoundary5to6
    {
        type            processor;
        value           nonuniform List<scalar> 
188
(
0.99999904
0.99999904
0.99999904
0.99999904
0.99999904
0.99999904
0.99999904
0.99999904
0.99999904
0.99999904
0.99999904
0.99999904
0.99999904
0.99999904
0.99999904
0.99999904
0.99999904
0.99999904
0.99999904
0.99999904
0.99999904
0.99999904
0.99999904
0.99999904
0.99999904
0.99999904
0.99999904
0.99999904
0.99999904
0.99999904
0.99999904
0.99999904
0.99999904
0.99999904
0.99999904
0.99999904
0.99999904
0.99999904
0.99999904
0.99999904
0.99999904
0.99999904
0.99999904
0.99999904
0.99999904
0.99999904
0.99999904
0.99999904
0.99999904
0.99999904
0.99999904
0.99999904
0.99999904
0.99999904
0.99999904
0.99999904
0.99999904
0.99999904
0.99999904
0.99999904
0.99999904
0.99999904
0.99999904
0.99999904
0.99999904
0.99999904
0.99999904
0.99999904
0.99999904
0.99999904
0.99999904
0.99999904
0.99999904
0.99999904
0.99999904
0.99999904
0.99999904
0.99999904
0.99999904
0.99999904
0.99999904
0.99999904
0.99999904
0.99999904
0.99999904
0.99999904
0.99999904
0.99999904
0.99999904
0.99999904
0.99999904
0.99999904
0.99999904
0.99999904
0.99999904
0.99999904
0.99999904
0.99999904
0.99999904
0.99999904
0.99999904
0.99999904
0.99999904
0.99999904
0.99999904
0.99999904
0.99999904
0.99999904
0.99999904
0.99999904
0.99999904
0.99999904
0.99999904
0.99999904
0.99999904
0.99999904
0.99999904
0.99999904
0.99999904
0.99999904
0.99999904
0.99999904
0.99999904
0.99999904
0.99999904
0.99999904
0.99999904
0.99999904
0.99999904
0.99999904
0.99999904
0.99999904
0.99999904
0.99999904
0.99999904
0.99999904
0.99999904
0.99999904
0.99999904
0.99999904
0.99999904
0.99999904
0.99999904
0.99999904
0.99999904
0.99999904
0.99999904
0.99999904
0.99999904
0.99999904
0.99999904
0.99999904
0.99999904
0.99999904
0.99999904
0.99999904
0.99999904
0.99999904
0.99999904
0.99999904
0.99999904
0.99999904
0.99999904
0.99999904
0.99999904
0.99999904
0.99999904
0.99999904
0.99999904
0.99999904
0.99999904
0.99999904
0.99999904
0.99999904
0.99999904
0.99999904
0.99999904
0.99999904
0.99999904
0.99999904
0.99999904
0.99999904
0.99999904
0.99999904
0.99999904
0.99999904
0.99999904
0.99999904
)
;
    }
}


// ************************************************************************* //
