/*--------------------------------*- C++ -*----------------------------------*\
| =========                 |                                                 |
| \\      /  F ield         | OpenFOAM: The Open Source CFD Toolbox           |
|  \\    /   O peration     | Version:  2206                                  |
|   \\  /    A nd           | Website:  www.openfoam.com                      |
|    \\/     M anipulation  |                                                 |
\*---------------------------------------------------------------------------*/
FoamFile
{
    version     2.0;
    format      ascii;
    arch        "LSB;label=32;scalar=64";
    class       volScalarField;
    location    "0.01";
    object      T;
}
// * * * * * * * * * * * * * * * * * * * * * * * * * * * * * * * * * * * * * //

dimensions      [0 0 0 1 0 0 0];

internalField   nonuniform List<scalar> 
1396
(
1
1
1
1
1
1
1
1
1
1
1
1
1
1
1
1
1
1
1
1
1
1
1
1
1
1
1
1
1
1
1
1
1
1
1
1
1
1
1
1
1
1
1
1
1
1
1
1
1
1
1
1
1
1
1
1
1
1
1
1
1
1
1
1
1
1
1
1
1
1
1
1
1
1
1
1
1
1
1
1
1
1
1
1
1
1
1
1
1
1
1
1
1
1
1
1
1
1
1
1
1
1
1
1
1
1
1
1
1
1
1
1
1
1
1
1
1
1
1
1
1
1
1
1
1
1
1
1
1
1
1
1
1
1
1
1
1
1
1
1
1
1
1
1
1
1
1
1
1
1
1
1
1
1
1
1
1
1
1
1
1
1
1
1
1
1
1
1
1
1
1
1
1
1
1
1
1
1
1
1
1
1
1
1
1
1
1
1
1
1
1
1
1
1
1
1
1
1
1
1
1
1
1
1
1
1
1
1
1
1
1
1
1
1
1
1
1
1
1
1
1
1
1
1
1
1
1
1
1
1
1
1
1
1
1
1
1
1
1
1
1
1
1
1
1
1
1
1
1
1
1
1
1
1
1
1
1
1
1
1
1
1
1
1
1
1
1
1
1
1
1
1
1
1
1
1
1
1
1
1
1
1
1
1
1
1
1
1
1
1
1
1
1
1
1
1
1
1
1
1
1
1
1
1
1
1
1
1
1
1
1
1
1
1
1
1
1
1
1
1
1
1
1
1
1
1
1
1
1
1
1
1
1
1
1
1
1
1
1
1
1
1
1
1
1
1
1
1
1
1
1
1
1
1
1
1
1
1
1
1
0.99999987
1
1
1
1
1
1
1
1
1
1
1
1
1
1
1
1
1
1
1
1
1
1
1
1
1
1
1
1
1
1
1
1
1
1
1
1
1
1
1
1
1
1
1
1
1
1
1
1
1
1
1
1
1
1
1
1
1
1
1
1
1
1
1
1
1
1
1
1
1
1
1
1
1
1
1
1
1
1
1
1
1
1
1
1
1
1
1
1
1
1
1
1
1
1
1
1
1
1
1
1
1
1
1
1
1
1
1
1
1
1
1
1
1
1
1
1
1
1
1
1
1
1
1
0.99908298
0.99813561
0.99685076
0.99563223
0.98990043
0.99509125
0.98875238
0.99563389
0.98987382
0.99703288
0.9928297
0.98561358
0.99853076
0.99613036
0.9917276
0.99951408
0.99851688
0.99645727
0.99690753
0.99854398
0.99942875
0.99981765
0.99758092
0.99891069
0.99959536
0.99987487
0.99828745
0.99929101
0.99976441
0.99993145
0.99965502
0.99992164
0.99998383
1.0000014
1.0000709
1.0000338
1.0003319
1.0002112
1.0000793
1.0006554
1.0003406
1.0001198
1.0009724
1.0004599
1.0001565
1.0013027
1.0005737
1.0001903
1.0016777
1.0006887
1.0002212
1.0021126
1.0008138
1.0002507
1.0026069
1.0009586
1.0002818
1.0031369
1.001124
1.0003166
1.0035906
1.001273
1.0003502
0.99999988
0.99999951
0.9999984
0.99999512
0.99998622
0.99996537
0.99992595
0.99986784
0.999807
0.99977431
0.99979552
0.99986332
0.99993762
0.99998236
1
0.99999999
0.99999997
0.99999991
0.99999974
0.99999935
0.9999986
0.99999745
0.9999962
0.99999547
0.99999583
0.99999716
0.99999874
0.99999968
1
1
1
1
1
0.99999999
0.99999998
0.99999996
0.99999993
0.99999992
0.99999993
0.99999995
0.99999997
1
1
1
1
1
1
1
1
1
1
1
1
1
1
1
1
1
1
1
1
1
1
1
1
1
1
1
1
1
1
1
1
1
1
1
1
1
1
1
1
1
1
1
1
1
1
1
1
1
1
1
1
1
1
1
1
1
1
1
1
1
1
1
1
1
1
1
1
1
1
1
1
1
1
1
1
1
1
1
1
1
1
1
1
1
1
1
1
1
1
1
1
1
1
1
1
1
1
1
1
1
1
1
1
1
1
1
1.0000001
1.0000077
1
1
1
1
1
1
1
1
1.0000001
1.0000074
1
1
1
1
1
1
1
1
1.0000001
1.0000068
1
1
1
1
1
1
1
1
1.0000001
1.0000062
1
1
1
1
1
1
1
1
1.0000001
1.0000054
1
1
1
1
1
1
1
1
1
1.0000044
1
1
1
1
1
1
1
1
1
1.0000033
1
1
1
1
1
1
1
1
0.99999997
1.0000021
1
1
1
1
1
1
1
1
0.99999992
1.0000008
1
1
1
1
1
1
1
1
0.99999988
0.99999939
1
1
1
1
1
1
1
1
0.99999991
0.99999771
1
1
1
1
1
1
1
1
0.99999989
0.99999606
1
1
1
1
1
1
1
1
0.99999987
0.9999944
1
1
1
1
1
1
1
1
0.99999985
0.99999287
1
1
1
1
1
0.99999989
1
1
1
1
1
1
1
1
1.0003012
0.99997642
1.0000017
0.99999992
1
1
1
1
1
1
1
1
1.0058503
0.99870151
1.0001632
0.99998642
1.0000009
0.99999996
1
1
1
1
1
1
1
1
1.0026891
0.99931523
1.0000816
0.99999329
1.0000004
0.99999998
1
1
1
1
1
1
1
1
1.0010116
0.99973794
1.000036
0.99999713
1.0000002
0.99999999
1
1
1
1
1
1
1
1
1.0002889
0.9999268
1.000011
0.99999898
1.0000001
1
1
1
1
1
1
1
1
1
1.0000068
0.99999843
1.0000002
0.99999997
1
1
1
1
1
1
1
1
1
1
1.0000001
1.0000002
0.99999997
1
1
1
1
1
1
1
1
1
1
1
1
1
1
1
1
1
1
1
1
1
1
1
1
1
1
1
1
1
1
1
1
1
1
1
1
1
1
1
1
1
1
1
1
1
1
1
1
1
1
1
1
1
1
1
1
1
1
1
1
1
1
1
1
1
1
1
1
1
1
1
1
1
1
1
1
1
1
1
1
1
1
1
1
1
1
1
1
1
1
1
1
1
1
1
1
1
1
1
1
1
1
1
1
1
1
1
1
1
1
1
1
1
1
1
1
1
1
1
1
1
1
1
1
1
1
1
1
1
1
1
1
1
1
1
1
1
1
1
1
1
1
1
1
1
1
1
1
1
1
1
1
1
1
1
1
1
1
1
1
1
1
1
1
1
1
1
1
1
1
1
1
1
1
1
1
1
1
1
1
1
1
1
1
1
1
1
1
1
1
1
1
1
1
1
1
1
1
1
1
1
1
1
1
1
1
1
1
1
1
1
1
1
1
1
1
1
1
1
1
1
1
1
1
1
1
1
1
1
1
1
1
1
1
1
1
1
1
1
1
1
1
1
1
1
1
1
1
1
1
1
1
1
1
1
1
1
1
1
1
1
1
1
1
1
1
1
1
1
1
1
1
1
1
1
1
1
1
1
1
1
1
1
1
1
1
1
1
1
1
1
1
1
1
1
1
1
1
1
1
1
1
1
1
1
1
1
1
1
1
1
1
1
1
1
1
1
1
1
1
1
1
1
1
1
1
1
1
1
1
1
1
1
1
1
1
1
1
1
1
1
1
1
1
1
1
1
1
1
1
1
1
1
1
1
1
1
1
1
1
1
1
1
1
1
1
1
1
1
1
1
1
1
1
1
1
1
1
1
1
1
1
1
1
1
1
1
1
1
1
1
1
1
1
1
1
1
1
1
1
1
1
1
1
1
1
1
1
1
1
1
1
1
1
1
1
1
1
1
1
1
1
1
1
1
1
1
1
1
1
1
1
1
1
1
1
1
1
1
1
1
1
1
1
1
1
1
1
1
1
1
1
1
1
1
1
1
1
1
1
1
1
1
1
1
1
1
1
1
1
)
;

boundaryField
{
    Side
    {
        type            empty;
    }
    Inlet
    {
        type            inletOutlet;
        inletValue      uniform 1;
        value           nonuniform List<scalar> 
15
(
1
1
1
1
1
1
1
1
1
1
1
1
1
1
1
)
;
    }
    Airfoil
    {
        type            fixedValue;
        value           nonuniform List<scalar> 0();
    }
    Outlet
    {
        type            zeroGradient;
    }
    Flap
    {
        type            fixedValue;
        value           nonuniform List<scalar> 0();
    }
    procBoundary5to4
    {
        type            processor;
        value           nonuniform List<scalar> 
189
(
1
1
1
1
1
1
1
1
1
1
1
1
1
1
1
1
1
1
1
1
1
1
1
1
1
1
1
1
1
1
1
1
1
1
1
1
1
1
1
1
1
1
1
1
1
1
1
1
1
1
1
1
1
1
1
1
1
1
1
1
0.99999998
0.99999997
0.99999996
0.99999993
0.99999993
0.99999661
1
1
1
1
1
1
1
1
1
1
1
0.99999648
0.9999866
0.99995585
0.99986387
0.99962003
0.99962003
0.9976528
0.99542068
0.99254038
0.99254038
0.98026005
0.97825049
0.98028108
0.98028108
0.97515045
0.9850798
0.9929978
0.9929978
0.99465565
0.99580554
0.99704951
0.9989902
0.9989902
0.99970145
1.0004054
1.0011412
1.0019269
1.0028345
1.0038909
1.0050668
1.0063213
1.0075877
1.0086137
1.0086137
1
1
1
1
1
1
1
0.99999986
1
1
1
1
1.0005156
0.99996472
1.000003
1.000003
1.0106687
0.99795733
0.99795733
1
1
1
1
1
1
1
1
1
1
1
1
1
1
1
1
1
1
1
1
1
1
1
1
1
1
1
1
1
1
1
1
1
1
1
1
1
1
1
1
1
1
1
1
1
1
1
1
1
1
1
1
1
1
1
1
1
1
1
)
;
    }
    procBoundary5to6
    {
        type            processor;
        value           nonuniform List<scalar> 
188
(
1
1
1
1
1
1
1
1
1
1
1
1
1
1
1
1
1
1
1
1
1
1
1
1
1
1
1
1
1
1
1
1
1
1
1
1
1
1
1
1
1
1
1
1
1
1
1
1
1
1
1
1
1
1
1
1
1
1
1
1
1
1
1
1
1
1
1
1
1
1
1
1
1
1
1
1
1
1
1
1
1
1
1
1
1
1
1
1
1
1
1
1
1
1
1
1
1
1
1
1
1
1
1
1
1
1
1
1
1
1
1
1
1
1
1
1
1
1
1
1
1
1
1
1
1
1
1
1
1
1
1
1
1
1
1
1
1
1
1
1
1
1
1
1
1
1
1
1
1
1
1
1
1
1
1
1
1
1
1
1
1
1
1
1
1
1
1
1
1
1
1
1
1
1
1
1
1
1
1
1
1
1
1
1
1
1
1
1
)
;
    }
}


// ************************************************************************* //
