/*--------------------------------*- C++ -*----------------------------------*\
| =========                 |                                                 |
| \\      /  F ield         | OpenFOAM: The Open Source CFD Toolbox           |
|  \\    /   O peration     | Version:  2206                                  |
|   \\  /    A nd           | Website:  www.openfoam.com                      |
|    \\/     M anipulation  |                                                 |
\*---------------------------------------------------------------------------*/
FoamFile
{
    version     2.0;
    format      ascii;
    arch        "LSB;label=32;scalar=64";
    class       volVectorField;
    location    "0.01";
    object      U;
}
// * * * * * * * * * * * * * * * * * * * * * * * * * * * * * * * * * * * * * //

dimensions      [0 1 -1 0 0 0 0];

internalField   nonuniform List<vector> 
1396
(
(0.85671779 0.043699275 0)
(0.85671779 0.043699275 0)
(0.85671779 0.043699275 0)
(0.85671779 0.043699275 0)
(0.85671779 0.043699275 0)
(0.85671779 0.043699275 0)
(0.85671779 0.043699275 0)
(0.85671779 0.043699275 0)
(0.85671779 0.043699275 9.6770553e-22)
(0.85671779 0.043699275 -9.6775386e-22)
(0.85671779 0.043699275 0)
(0.85671779 0.043699275 9.6785053e-22)
(0.85671779 0.043699275 -1.9357977e-21)
(0.85671779 0.043699275 9.6794779e-22)
(0.85671779 0.043699275 1.9860913e-21)
(0.85671779 0.043699275 -1.9861891e-21)
(0.85671779 0.043699275 0)
(0.85671779 0.043699275 -1.9863927e-21)
(0.85671779 0.043699275 2.9797418e-21)
(0.85671779 0.043699275 -9.9329817e-22)
(0.85671779 0.043699275 0)
(0.85671779 0.043699275 0)
(0.85671779 0.043699275 -9.9345095e-22)
(0.85671779 0.043699275 1.9870038e-21)
(0.85671779 0.043699275 5.5660671e-34)
(0.85671779 0.043699275 -1.9872075e-21)
(0.85671779 0.043699275 9.9365471e-22)
(0.85671779 0.043699275 0)
(0.85671779 0.043699275 0)
(0.85671779 0.043699275 0)
(0.85671779 0.043699275 0)
(0.85671779 0.043699275 2.0406701e-21)
(0.85671779 0.043699275 -2.0407775e-21)
(0.85671779 0.043699275 1.0204425e-21)
(0.85671779 0.043699275 -1.0204962e-21)
(0.85671779 0.043699275 0)
(0.85671779 0.043699275 0)
(0.85671779 0.043699275 -1.0206575e-21)
(0.85671779 0.043699275 1.0207112e-21)
(0.85671779 0.043699275 0)
(0.85671779 0.043699275 0)
(0.85671779 0.043699275 0)
(0.85671779 0.043699275 -3.8566109e-34)
(0.85671779 0.043699275 -2.0977697e-21)
(0.85671779 0.043699275 0)
(0.85671779 0.043699275 0)
(0.85671779 0.043699275 0)
(0.85671779 0.043699275 0)
(0.85671779 0.043699275 0)
(0.85671779 0.043699275 0)
(0.85671779 0.043699275 -1.0492824e-21)
(0.85671779 0.043699275 1.0493392e-21)
(0.85671779 0.043699275 0)
(0.85671779 0.043699275 0)
(0.85671779 0.043699275 0)
(0.85671779 0.043699275 0)
(0.85671779 0.043699275 0)
(0.85671779 0.043699275 2.1583971e-21)
(0.85671779 0.043699275 1.0975675e-34)
(0.85671779 0.043699275 -4.317275e-21)
(0.85671779 0.043699275 2.1587577e-21)
(0.85671779 0.043699275 0)
(0.85671779 0.043699275 0)
(0.85671779 0.043699275 0)
(0.85671779 0.043699275 1.0796194e-21)
(0.85671779 0.043699275 -1.0796796e-21)
(0.85671779 0.043699275 0)
(0.85671779 0.043699275 0)
(0.85671779 0.043699275 1.0798601e-21)
(0.85671779 0.043699275 -1.0799211e-21)
(0.85671779 0.043699275 0)
(0.85671779 0.043699275 0)
(0.85671779 0.043699275 -2.2227607e-21)
(0.85671779 0.043699275 2.2228882e-21)
(0.85671779 0.043699275 0)
(0.85671779 0.043699275 0)
(0.85671779 0.043699275 0)
(0.85671779 0.043699275 -1.1116991e-21)
(0.85671779 0.043699275 -1.4762285e-34)
(0.85671779 0.043699275 1.1118267e-21)
(0.85671779 0.043699275 0)
(0.85671779 0.043699275 1.1119543e-21)
(0.85671779 0.043699275 -2.2240362e-21)
(0.85671779 0.043699275 1.1120829e-21)
(0.85671779 0.043699275 2.2906807e-21)
(0.85671779 0.043699275 -2.2908099e-21)
(0.85671779 0.043699275 0)
(0.85671779 0.043699275 0)
(0.85671779 0.043699275 0)
(0.85671779 0.043699275 -1.1456758e-21)
(0.85671779 0.043699275 1.1457436e-21)
(0.85671779 0.043699275 0)
(0.85671779 0.043699275 1.1458791e-21)
(0.85671779 0.043699275 -1.1459468e-21)
(0.85671779 0.043699275 0)
(0.85671779 0.043699275 -1.1460824e-21)
(0.85671779 0.043699275 1.1461502e-21)
(0.85671779 0.043699275 0)
(0.85671779 0.043699275 0)
(0.85671779 0.043699275 -2.3633015e-21)
(0.85671779 0.043699275 2.3634456e-21)
(0.85671779 0.043699275 0)
(0.85671779 0.043699275 0)
(0.85671779 0.043699275 0)
(0.85671779 0.043699275 -1.1820111e-21)
(0.85671779 0.043699275 1.1820832e-21)
(0.85671779 0.043699275 -1.1821553e-21)
(0.85671779 0.043699275 2.3644549e-21)
(0.85671779 0.043699275 -1.1822996e-21)
(0.85671779 0.043699275 -1.1823717e-21)
(0.85671779 0.043699275 1.1824439e-21)
(0.85671779 0.043699275 1.1825173e-21)
(0.85671779 0.043699275 -5.1276523e-21)
(0.85671779 0.043699275 -4.9627625e-21)
(0.85671779 0.043699275 4.9532923e-21)
(0.85671779 0.043699275 0)
(0.85671779 0.043699275 -4.9344599e-21)
(0.85671779 0.043699275 4.9250976e-21)
(0.85671779 0.043699275 4.9157702e-21)
(0.85671779 0.043699275 -4.9064783e-21)
(0.85671779 0.043699275 -1.5303816e-22)
(0.85671779 0.043699275 0)
(0.85671779 0.043699275 0)
(0.85671779 0.043699275 0)
(0.85671779 0.043699275 0)
(0.85671779 0.043699275 0)
(0.85671779 0.043699275 0)
(0.85671779 0.043699275 3.0503294e-22)
(0.85671779 0.043699275 0)
(0.85671779 0.043699275 0)
(0.85671779 0.043699275 -1.5257011e-22)
(0.85671779 0.043699275 0)
(0.85671779 0.043699275 -5.1679429e-21)
(0.85671779 0.043699275 1.520516e-22)
(0.85671779 0.043699275 0)
(0.85671779 0.043699275 3.0296734e-22)
(0.85671779 0.043699275 0)
(0.85671779 0.043699275 4.6730546e-35)
(0.85671779 0.043699275 -1.6538039e-24)
(0.85671779 0.043699275 1.5746627e-24)
(0.85671779 0.043699275 -1.2358616e-20)
(0.85671779 0.043699275 1.1818864e-20)
(0.85671779 0.043699275 0)
(0.85671779 0.043699275 1.0827145e-20)
(0.85671779 0.043699275 -1.3657438e-20)
(0.85671779 0.043699275 -1.3001948e-20)
(0.85671779 0.043699275 1.2353784e-20)
(0.85671779 0.043699275 4.63153e-23)
(0.85671779 0.043699275 0)
(0.85671779 0.043699275 -1.0812878e-20)
(0.85671779 0.043699275 1.3772107e-20)
(0.85671779 0.043699275 1.3102682e-20)
(0.85671779 0.043699275 1.2495319e-20)
(0.85671779 0.043699275 4.6647535e-23)
(0.85671779 0.043699275 -4.4668684e-23)
(0.85671779 0.043699275 0)
(0.85671779 0.043699275 0)
(0.85671779 0.043699275 -1.3206623e-20)
(0.85671779 0.043699275 2.118989e-33)
(0.85671779 0.043699275 1.2028048e-20)
(0.85671779 0.043699275 -1.160423e-20)
(0.85671779 0.043699275 1.1128864e-20)
(0.85671779 0.043699275 -1.7094486e-24)
(0.85671779 0.043699275 1.3313856e-20)
(0.85671779 0.043699275 1.2816451e-33)
(0.85671779 0.043699275 -4.7326499e-23)
(0.85671779 0.043699275 1.1639755e-20)
(0.85671779 0.043699275 -1.1116326e-20)
(0.85671779 0.043699275 1.4901943e-20)
(0.85671779 0.043699275 1.4124322e-20)
(0.85671779 0.043699275 -1.6381273e-24)
(0.85671779 0.043699275 -2.556632e-20)
(0.85671779 0.043699275 -2.4408804e-20)
(0.85671779 0.043699275 -1.1675782e-20)
(0.85671779 0.043699275 1.1278486e-20)
(0.85671779 0.043699275 -1.5036537e-20)
(0.85671779 0.043699275 -2.1348067e-33)
(0.85671779 0.043699275 -1.3528591e-20)
(0.85671779 0.043699275 1.2882073e-20)
(0.85671779 0.043699275 1.2246506e-20)
(0.85671779 0.043699275 4.5930656e-23)
(0.85671779 0.043699275 -1.1266793e-20)
(0.85671779 0.043699275 1.5173587e-20)
(0.85671779 0.043699275 -7.1814171e-21)
(0.85671779 0.043699275 1.3637763e-20)
(0.85671779 0.043699275 -6.5419798e-21)
(0.85671779 0.043699275 4.8382836e-23)
(0.85671779 0.043699275 5.9209439e-21)
(0.85671779 0.043699275 -5.6717815e-21)
(0.85671779 0.043699275 7.6565803e-21)
(0.85671779 0.043699275 -7.2456992e-21)
(0.85671779 0.043699275 -6.8760498e-21)
(0.85671779 0.043699275 6.5422859e-21)
(0.85671779 0.043699275 -4.8745498e-23)
(0.85671779 0.043699275 6.0099504e-21)
(0.85671779 0.043699275 5.7999236e-21)
(0.85671779 0.043699275 8.1315466e-21)
(0.85671779 0.043699275 -1.5455318e-20)
(0.85671779 0.043699275 1.7845025e-24)
(0.85671779 0.043699275 6.9316295e-21)
(0.85671779 0.043699275 0)
(0.85671779 0.043699275 0)
(0.85671779 0.043699275 -6.1002423e-21)
(0.85671779 0.043699275 8.9845981e-23)
(0.85671779 0.043699275 -8.2770707e-21)
(0.85671779 0.043699275 7.8000741e-21)
(0.85671779 0.043699275 -1.8003119e-24)
(0.85671779 0.043699275 1.7069236e-24)
(0.85671779 0.043699275 0)
(0.85671779 0.043699275 -4.9487394e-23)
(0.85671779 0.043699275 6.0973139e-21)
(0.85671779 0.043699275 5.880612e-21)
(0.85671779 0.043699275 -6.531408e-23)
(0.85671779 0.043699275 0)
(0.85671779 0.043699275 -7.4399865e-21)
(0.85671779 0.043699275 0)
(0.85671779 0.043699275 -5.2345868e-23)
(0.85671779 0.043699275 -6.3330938e-21)
(0.85671779 0.043699275 0)
(0.85671779 0.043699275 -1.1661399e-20)
(0.85671779 0.043699275 -6.5976725e-23)
(0.85671779 0.043699275 -7.9490515e-21)
(0.85671779 0.043699275 7.5052539e-21)
(0.85671779 0.043699275 7.1127512e-21)
(0.85671779 0.043699275 -5.2770635e-23)
(0.85671779 0.043699275 6.4322833e-21)
(0.85671779 0.043699275 6.1872561e-21)
(0.85671779 0.043699275 5.8718313e-21)
(0.85671779 0.043699275 0)
(0.85671779 0.043699275 8.0257036e-21)
(0.85671779 0.043699275 7.5754147e-21)
(0.85671779 0.043699275 -7.1722931e-21)
(0.85671779 0.043699275 0)
(0.85671779 0.043699275 0)
(0.85671779 0.043699275 -2.9801189e-34)
(0.85671779 0.043699275 9.23992e-23)
(0.85671779 0.043699275 7.1374567e-22)
(0.85671779 0.043699275 -9.5519792e-22)
(0.85671779 0.043699275 0)
(0.85671779 0.043699275 4.8117571e-22)
(0.85671779 0.043699275 -4.8298425e-22)
(0.85671779 0.043699275 5.5169936e-35)
(0.85671779 0.043699275 -2.5555321e-34)
(0.85671779 0.043699275 4.8849235e-22)
(0.85671779 0.043699275 -2.7284168e-21)
(0.85671779 0.043699275 1.9919931e-21)
(0.85671779 0.043699275 0)
(0.85671779 0.043699275 -2.5094417e-22)
(0.85671779 0.043699275 -7.5578437e-22)
(0.85671779 0.043699275 1.517519e-21)
(0.85671779 0.043699275 -5.0783873e-22)
(0.85671779 0.043699275 -2.5492684e-22)
(0.85671779 0.043699275 2.0641589e-21)
(0.85671779 0.043699275 -3.6124395e-35)
(0.85671779 0.043699275 -1.0404359e-21)
(0.85671779 0.043699275 0)
(0.85671779 0.043699275 -5.2446435e-22)
(0.85671779 0.043699275 7.899205e-22)
(0.85671779 0.043699275 0)
(0.85671779 0.043699275 0)
(0.85671779 0.043699275 -2.6658431e-22)
(0.85671779 0.043699275 -2.1507117e-21)
(0.85671779 0.043699275 1.0798743e-21)
(0.85671779 0.043699275 0)
(0.85671779 0.043699275 -1.089026e-21)
(0.85671779 0.043699275 1.0936602e-21)
(0.85671779 0.043699275 5.4916708e-22)
(0.85671779 0.043699275 2.0341095e-34)
(0.85671779 0.043699275 -8.3085209e-22)
(0.85671779 0.043699275 0)
(0.85671779 0.043699275 -2.7935903e-22)
(0.85671779 0.043699275 -2.2546876e-21)
(0.85671779 0.043699275 2.2646214e-21)
(0.85671779 0.043699275 -1.2794867e-21)
(0.85671779 0.043699275 0)
(0.85671779 0.043699275 1.4343468e-22)
(0.85671779 0.043699275 -1.4407796e-22)
(0.85671779 0.043699275 0)
(0.85671779 0.043699275 8.7229197e-22)
(0.85671779 0.043699275 1.727766e-34)
(0.85671779 0.043699275 -2.3583571e-21)
(0.85671779 0.043699275 1.1846138e-21)
(0.85671779 0.043699275 0)
(0.85671779 0.043699275 1.494545e-22)
(0.85671779 0.043699275 1.5015305e-22)
(0.85671779 0.043699275 -1.5085815e-22)
(0.85671779 0.043699275 7.5784955e-22)
(0.85671779 0.043699275 -3.0771488e-34)
(0.85671779 0.043699275 5.4143964e-34)
(0.85671779 0.043699275 -6.1498425e-22)
(0.85671779 0.043699275 1.3972307e-21)
(0.85671779 0.043699275 -1.248014e-21)
(0.85671779 0.043699275 -1.410867e-21)
(0.85671779 0.043699275 1.4177854e-21)
(0.85671779 0.043699275 -1.5830799e-22)
(0.85671779 0.043699275 0)
(0.85671779 0.043699275 0)
(0.85671779 0.043699275 0)
(0.85671779 0.043699275 0)
(0.85671779 0.043699275 0)
(0.85671779 0.043699275 -1.639817e-22)
(0.85671779 0.043699275 0)
(0.85671779 0.043699275 -1.3253843e-21)
(0.85671779 0.043699275 1.1657229e-21)
(0.85671779 0.043699275 -1.6739962e-22)
(0.85671779 0.043699275 1.3462118e-21)
(0.85671779 0.043699275 -1.8607882e-21)
(0.85671779 0.043699275 -2.0428414e-34)
(0.85671779 0.043699275 1.6057682e-34)
(0.85671779 0.043699275 1.999821e-34)
(0.85671779 0.043699275 -2.606352e-21)
(0.85671779 0.043699275 1.3976138e-21)
(0.85671779 0.043699275 3.900368e-36)
(0.85671779 0.043699275 1.7662271e-22)
(0.85671779 0.043699275 1.7759913e-22)
(0.85671779 0.043699275 -1.2501049e-21)
(0.85671779 0.043699275 1.0775084e-21)
(0.85671779 0.043699275 1.8059427e-22)
(0.85671779 0.043699275 7.2646093e-22)
(0.85671779 0.043699275 1.1086271e-21)
(0.85671779 0.043699275 -2.973441e-21)
(0.85671779 0.043699275 2.9907419e-21)
(0.85671779 0.043699275 -1.692138e-21)
(0.85671779 0.043699275 -1.8912218e-22)
(0.85671779 0.043699275 -3.8048428e-22)
(0.85671779 0.043699275 1.9137543e-22)
(0.85671779 0.043699275 -3.8504463e-22)
(0.85671779 0.043699275 -7.7473212e-22)
(0.85671779 0.043699275 1.9727647e-22)
(0.85671779 0.043699275 1.984954e-22)
(0.85671779 0.043699275 -1.1983769e-21)
(0.85671779 0.043699275 1.6078321e-21)
(0.85671779 0.043699275 4.0448854e-22)
(0.85671779 0.043699275 2.0352555e-21)
(0.85671779 0.043699275 -2.4578782e-21)
(0.85671779 0.043699275 1.8552371e-21)
(0.85671779 0.043699275 -6.2240612e-22)
(0.85671779 0.043699275 -1.6927788e-21)
(0.85671779 0.043699275 -2.130003e-22)
(0.85671779 0.043699275 1.7153759e-21)
(0.85671779 0.043699275 -1.7269022e-21)
(0.85671779 0.043699275 1.5212613e-21)
(0.85671779 0.043699275 -2.1880321e-22)
(0.85671779 0.043699275 0)
(0.85671779 0.043699275 -1.1091244e-21)
(0.85671779 0.043699275 -1.1506293e-33)
(0.85671779 0.043699275 -3.6766751e-21)
(0.85671779 0.043699275 3.7031639e-21)
(0.85671779 0.043699275 -2.0981459e-21)
(0.85671779 0.043699275 2.3483143e-22)
(0.85671779 0.043699275 1.6559245e-21)
(0.85671779 0.043699275 -1.9065242e-21)
(0.85671779 0.043699275 2.4009664e-22)
(0.85671779 0.043699275 0)
(0.85671779 0.043699275 2.2451244e-21)
(0.85671779 0.043699275 -4.2739786e-21)
(0.85671779 0.043699275 2.2805419e-21)
(0.85671779 0.043699275 -2.5540811e-22)
(0.85671779 0.043699275 5.1490993e-22)
(0.85671779 0.043699275 0)
(0.85671763 0.043699018 -4.2760027e-23)
(0.85671779 0.043699274 -2.4477235e-32)
(0.85671779 0.043699274 -2.4797034e-22)
(0.85671779 0.043699274 8.3980191e-23)
(0.85671779 0.043699272 -4.2673334e-23)
(0.85671779 0.043699271 4.3379167e-23)
(0.85671779 0.043699275 5.0946217e-37)
(0.85671779 0.043699275 -3.104485e-22)
(0.85671779 0.043699275 -3.1511115e-22)
(0.85671779 0.043699275 4.7987399e-22)
(0.85671779 0.043699275 -3.6132697e-34)
(0.85671779 0.043699275 -4.88803e-34)
(0.85671779 0.043699275 -9.2194253e-22)
(0.85671779 0.043699275 1.7034791e-22)
(0.85671779 0.043699275 -7.7921897e-22)
(0.85671779 0.043699275 0)
(0.85671779 0.043699275 2.9259119e-22)
(0.85671779 0.043699275 -5.9345872e-22)
(0.85671779 0.043699275 -3.0098619e-22)
(0.85671779 0.043699275 3.0536694e-22)
(0.85671779 0.043699275 3.5091334e-36)
(0.85671779 0.043699275 -6.2904492e-22)
(0.85671779 0.043699275 3.1930923e-22)
(0.85671779 0.043699275 -8.1060987e-22)
(0.85671779 0.043699275 1.6466679e-22)
(0.85671779 0.043699275 -1.6729278e-22)
(0.85671779 0.043699275 5.1001164e-22)
(0.85671779 0.043699275 0)
(0.85671779 0.043699275 1.0541911e-21)
(0.85671779 0.043699275 0)
(0.85671779 0.043699275 5.9241445e-22)
(0.85671779 0.043699275 -9.0134716e-22)
(0.85671779 0.043699275 0)
(0.85671779 0.043699275 -3.0930777e-22)
(0.85671779 0.043699275 6.2787191e-22)
(0.85671779 0.043699275 6.3740951e-22)
(0.85671779 0.043699275 -6.4724134e-22)
(0.85671779 0.043699275 9.8607182e-22)
(0.85671779 0.043699275 -3.3392193e-22)
(0.85671779 0.043699275 -1.0197908e-34)
(0.85671779 0.043699275 2.5867542e-22)
(0.85671779 0.043699275 -1.7533256e-22)
(0.85671779 0.043699275 -1.3373462e-22)
(0.85671779 0.043699275 -3.1744319e-22)
(0.85671779 0.043699275 5.9982751e-22)
(0.85671779 0.043699275 2.6280839e-35)
(0.85671779 0.043699275 6.1748107e-22)
(0.85671779 0.043699275 5.9002179e-35)
(0.85671779 0.043699275 -1.1993477e-34)
(0.85671779 0.043699275 -3.2299979e-22)
(0.85671779 0.043699275 3.2805014e-22)
(0.85671779 0.043699275 -3.3326094e-22)
(0.85671779 0.043699275 6.7727989e-22)
(0.85671779 0.043699275 3.4419543e-22)
(0.85671779 0.043699275 -3.4993623e-22)
(0.85671779 0.043699275 3.558718e-22)
(0.85671779 0.043699275 -3.6201219e-22)
(0.85671779 0.043699275 3.6836812e-22)
(0.85671779 0.043699275 3.037142e-22)
(0.85671779 0.043699275 -6.1635078e-22)
(0.85671779 0.043699275 -6.2553901e-22)
(0.85671779 0.043699275 6.3500533e-22)
(0.85671779 0.043699275 -3.5648346e-35)
(0.85671779 0.043699275 -6.5482432e-22)
(0.85671779 0.043699275 0)
(0.85671779 0.043699275 3.3796014e-22)
(0.85671779 0.043699275 -3.4349316e-22)
(0.85671779 0.043699275 -1.7460519e-22)
(0.85671779 0.043699275 -2.6634086e-22)
(0.85671779 0.043699275 -3.6123545e-22)
(0.85671779 0.043699275 -3.2161847e-22)
(0.85671779 0.043699275 4.6764762e-23)
(0.85671779 0.043699275 6.1522444e-22)
(0.85671779 0.043699275 -6.2437905e-22)
(0.85671779 0.043699275 0)
(0.85671779 0.043699275 -3.2176514e-22)
(0.85671779 0.043699275 6.5355329e-22)
(0.85671779 0.043699275 -6.6389349e-22)
(0.85671779 0.043699275 -1.8910202e-34)
(0.85671779 0.043699275 5.1419067e-22)
(0.85671779 0.043699275 -1.7424377e-22)
(0.85671779 0.043699275 5.3156047e-22)
(0.85671779 0.043699275 -1.80231e-22)
(0.85671779 0.043699275 4.5845402e-22)
(0.85671779 0.043699275 2.799665e-22)
(0.85671779 0.043699275 -3.8005042e-22)
(0.85671779 0.043699275 7.7902898e-22)
(0.85671779 0.043699275 -6.3261919e-22)
(0.85671779 0.043699275 -1.6057567e-22)
(0.85671779 0.043699275 -1.630718e-22)
(0.85671779 0.043699275 1.6564677e-22)
(0.85671779 0.043699275 0)
(0.85671779 0.043699275 -1.7104861e-22)
(0.85671779 0.043699275 -1.7388384e-22)
(0.85671779 0.043699275 -1.7681464e-22)
(0.85671779 0.043699275 3.5969188e-22)
(0.85671779 0.043699275 -2.7447447e-22)
(0.85671779 0.043699275 9.3115704e-23)
(0.85671779 0.043699275 1.8959725e-22)
(0.85671779 0.043699275 1.9308695e-22)
(0.85671779 0.043699275 4.7357449e-22)
(0.85671779 0.043699275 -4.8080983e-22)
(0.85671779 0.043699275 3.2551301e-22)
(0.85671779 0.043699275 -1.6532145e-22)
(0.85671779 0.043699275 5.0390557e-22)
(0.85671779 0.043699275 -3.4140348e-22)
(0.85671779 0.043699275 -1.867182e-34)
(0.85671779 0.043699275 3.5288804e-22)
(0.85671779 0.043699275 3.5892502e-22)
(0.85671779 0.043699275 2.8866084e-35)
(0.85671779 0.043699275 -1.858203e-22)
(0.85671779 0.043699275 9.4585585e-23)
(0.85671779 0.043699275 -3.3712895e-22)
(0.85671779 0.043699275 2.4531122e-22)
(0.85671779 0.043699275 -8.5957036e-36)
(0.85671779 0.043699275 -8.1221211e-22)
(0.85671779 0.043699275 -8.2498697e-23)
(0.85671779 0.043699275 -2.5145103e-22)
(0.85671779 0.043699275 4.2589069e-22)
(0.85671779 0.043699275 -2.5975262e-22)
(0.85671779 0.043699275 5.2822486e-22)
(0.85671779 0.043699275 -3.5816145e-22)
(0.85671779 0.043699275 9.109545e-23)
(0.85671779 0.043699275 2.7811652e-22)
(0.85585186 0.042954036 1.9116791e-25)
(0.85492778 0.042354086 2.8867353e-25)
(0.85363981 0.041750536 2.083975e-22)
(0.85236671 0.041518552 -1.2249836e-21)
(0.8451464 0.037855988 -1.0223774e-21)
(0.85173031 0.041955513 7.9766992e-22)
(0.84350169 0.039088593 -8.0981928e-22)
(0.85220839 0.042922413 3.9342339e-22)
(0.84458839 0.041694121 0)
(0.85362728 0.043834364 1.1617816e-21)
(0.84807183 0.044174265 -3.851191e-22)
(0.83910863 0.045709404 4.0411428e-22)
(0.85520119 0.044190645 -7.6156185e-22)
(0.85212913 0.045227674 -1.1497414e-21)
(0.84682922 0.047943952 -7.6751078e-22)
(0.85624274 0.044074083 -3.2750651e-25)
(0.85506449 0.044984893 7.5594555e-22)
(0.85279355 0.047442048 -7.6720118e-22)
(0.85333951 0.051764609 2.5375826e-21)
(0.85510408 0.046832103 -1.3738757e-24)
(0.85605917 0.044691529 -2.2077561e-21)
(0.85653041 0.043952808 2.0692157e-21)
(0.85413639 0.051395746 0)
(0.85552606 0.046594517 -2.3573777e-21)
(0.85624258 0.044578587 2.1994025e-21)
(0.85658477 0.04391929 0)
(0.85501608 0.051261963 -4.9389974e-24)
(0.85599115 0.046512779 9.4028889e-21)
(0.85644484 0.044542583 0)
(0.85664531 0.0439093 4.1141767e-21)
(0.85642371 0.046392958 -4.6815539e-21)
(0.8566318 0.044491136 -6.4107139e-24)
(0.85670089 0.043895827 -8.2059059e-21)
(0.85683981 0.046284304 4.6765214e-21)
(0.85681166 0.044444072 0)
(0.85675395 0.043883257 8.1878017e-21)
(0.85723415 0.046173507 -4.6624647e-21)
(0.85698155 0.044396961 0)
(0.8568032 0.043870067 -4.0837761e-21)
(0.85760566 0.046065985 0)
(0.8571393 0.044353118 0)
(0.85684799 0.043856276 0)
(0.85795737 0.045957048 -4.5299118e-24)
(0.85728389 0.044313578 2.1172361e-24)
(0.85688892 0.043842302 1.9846753e-24)
(0.85830216 0.045837406 0)
(0.85741726 0.044278891 -4.3223006e-21)
(0.85692648 0.043828949 0)
(0.85866451 0.045693147 4.5063127e-24)
(0.85754449 0.044247454 -4.8080795e-24)
(0.85696052 0.043817005 0)
(0.85907509 0.04549653 4.6020429e-21)
(0.85767524 0.044210304 4.302086e-21)
(0.85699218 0.043806273 4.0363603e-21)
(0.85954863 0.045183991 -4.5988212e-21)
(0.85782205 0.044140654 0)
(0.8570241 0.043792929 -8.049086e-21)
(0.86006074 0.044709006 0)
(0.85798802 0.044010189 0)
(0.85705876 0.043768729 8.029646e-21)
(0.8605267 0.044249863 0)
(0.85814858 0.043871552 0)
(0.85709404 0.043739623 -4.0054089e-21)
(0.85671764 0.043699135 0)
(0.85671717 0.043698702 1.4473699e-22)
(0.85671571 0.043697481 -3.5766988e-28)
(0.85671134 0.043694007 -4.3575878e-22)
(0.85669933 0.043685281 -7.2752007e-23)
(0.85667114 0.043667034 2.1865898e-22)
(0.85661675 0.043636897 0)
(0.85653499 0.043600683 0)
(0.85644612 0.043575979 -3.5259901e-25)
(0.85639359 0.043583121 6.6062312e-22)
(0.85641654 0.043624282 -5.882717e-22)
(0.85650958 0.043675861 -7.3435865e-23)
(0.85661847 0.04370524 0)
(0.85668839 0.043708896 7.3949055e-23)
(0.85671779 0.043699273 0)
(0.85671778 0.043699266 -7.4157757e-23)
(0.85671775 0.043699247 0)
(0.85671768 0.043699192 -2.9771848e-22)
(0.85671747 0.043699055 3.7283094e-22)
(0.85671697 0.043698765 7.4702039e-23)
(0.85671598 0.04369827 2.9936418e-22)
(0.85671443 0.043697639 -8.9975028e-22)
(0.85671268 0.043697144 1.2769952e-21)
(0.85671156 0.043697149 -6.7730374e-22)
(0.85671192 0.043697756 0)
(0.85671373 0.043697822 0)
(0.85671588 0.043698454 0)
(0.85671722 0.043699362 -7.5818482e-23)
(0.85671779 0.043699275 5.7174759e-33)
(0.85671779 0.043699275 1.5207652e-22)
(0.85671779 0.043699275 -1.5236183e-22)
(0.85671779 0.043699274 -7.6324104e-23)
(0.85671778 0.043699272 -3.0587133e-22)
(0.85671778 0.043699267 3.0644841e-22)
(0.85671776 0.043699259 7.6756919e-23)
(0.85671773 0.043699249 0)
(0.8567177 0.043699241 0)
(0.85671768 0.04369924 -7.7194673e-23)
(0.85671769 0.043699249 0)
(0.85671772 0.04369926 0)
(0.85671776 0.043699254 0)
(0.85671778 0.043699255 7.7786074e-23)
(0.85671779 0.043699275 -7.7867033e-23)
(0.85671779 0.043699275 7.8016588e-23)
(0.85671779 0.043699275 1.5633354e-22)
(0.85671779 0.043699275 -3.9158765e-22)
(0.85671779 0.043699275 3.1387549e-22)
(0.85671779 0.043699275 0)
(0.85671779 0.043699275 -1.5754664e-22)
(0.85671779 0.043699275 0)
(0.85671779 0.043699274 0)
(0.85671779 0.043699274 7.9234441e-23)
(0.85671779 0.043699275 7.9389355e-23)
(0.85671779 0.043699275 0)
(0.85671779 0.043699275 -5.5790702e-22)
(0.85671779 0.043699275 6.3886116e-22)
(0.85671779 0.043699275 -7.994297e-23)
(0.85671779 0.043699275 2.4030183e-22)
(0.85671779 0.043699275 -1.6051786e-22)
(0.85671779 0.043699275 3.216715e-22)
(0.85671779 0.043699275 -6.4461963e-22)
(0.85671779 0.043699275 3.2295066e-22)
(0.85671779 0.043699275 8.0898516e-23)
(0.85671779 0.043699275 6.4848009e-22)
(0.85671779 0.043699275 -2.6114594e-33)
(0.85671779 0.043699275 -6.510795e-22)
(0.85671779 0.043699275 5.7083867e-22)
(0.85671779 0.043699275 -6.5369985e-22)
(0.85671779 0.043699275 -8.1877241e-23)
(0.85671779 0.043699275 -8.2042575e-23)
(0.85671779 0.043699275 -1.2319894e-22)
(0.85671779 0.043699275 8.2299028e-23)
(0.85671779 0.043699275 1.2369925e-22)
(0.85671779 0.043699275 -4.9580391e-22)
(0.85671779 0.043699275 1.002764e-34)
(0.85671779 0.043699275 3.7337255e-22)
(0.85671779 0.043699275 0)
(0.85671779 0.043699275 -4.1656073e-23)
(0.85671779 0.043699275 -4.1741714e-23)
(0.85671779 0.043699275 0)
(0.85671779 0.043699275 4.1914058e-23)
(0.85671779 0.043699275 0)
(0.85671779 0.043699275 -7.1549313e-22)
(0.85671779 0.043699275 7.1697861e-22)
(0.85671779 0.043699275 8.4445612e-23)
(0.85671779 0.043699275 0)
(0.85671779 0.043699275 8.479824e-23)
(0.85671779 0.043699275 3.3990278e-22)
(0.85671779 0.043699275 -6.386542e-22)
(0.85671779 0.043699275 2.9866495e-22)
(0.85671779 0.043699275 4.2756272e-23)
(0.85671779 0.043699275 7.7123701e-22)
(0.85671779 0.043699275 -6.4405667e-22)
(0.85671779 0.043699275 -4.3028107e-23)
(0.85671779 0.043699275 -4.3119491e-23)
(0.85671779 0.043699275 0)
(0.85671779 0.043699275 4.3303423e-23)
(0.85671779 0.043699275 -4.3395936e-23)
(0.85671779 0.043699275 -1.3033897e-22)
(0.85671779 0.043699275 2.6123673e-22)
(0.85671779 0.043699275 -4.3633025e-23)
(0.85671779 0.043699275 2.1863498e-22)
(0.85671779 0.043699275 -3.9439236e-22)
(0.85671779 0.043699275 0)
(0.85671779 0.043699275 -4.4011358e-23)
(0.85671779 0.043699275 2.4440214e-35)
(0.85671779 0.043699275 7.0724794e-22)
(0.85671779 0.043699275 -6.6449166e-22)
(0.85671779 0.043699275 0)
(0.85671779 0.043699275 -4.4493603e-23)
(0.85671779 0.043699275 -7.1346115e-22)
(0.85671779 0.043699275 7.1503091e-22)
(0.85671779 0.043699275 -8.948573e-23)
(0.85671779 0.043699275 2.6904985e-22)
(0.85671779 0.043699275 -1.797636e-22)
(0.85671779 0.043699275 -4.0536536e-22)
(0.85671779 0.043699275 4.1616563e-35)
(0.85671779 0.043699275 3.6193058e-22)
(0.85671779 0.043699275 0)
(0.85671779 0.043699275 -4.5443847e-23)
(0.85671779 0.043699275 0)
(0.85671779 0.043699275 -7.3037106e-22)
(0.85671779 0.043699275 7.3201687e-22)
(0.85671779 0.043699275 -6.8781576e-22)
(0.85671779 0.043699275 7.3533082e-22)
(0.85671779 0.043699275 0)
(0.85671779 0.043699275 -1.1529793e-22)
(0.85671779 0.043699275 9.2448247e-23)
(0.85671779 0.043699275 1.6215361e-22)
(0.85671779 0.043699275 -2.0896003e-22)
(0.85671779 0.043699275 -3.7233607e-22)
(0.85671779 0.043699275 3.4986708e-22)
(0.85671779 0.043699275 0)
(0.85671779 0.043699275 -7.732609e-22)
(0.85671779 0.043699275 1.4796407e-21)
(0.85671779 0.043699275 -7.2976551e-22)
(0.85671779 0.043699275 -2.3595539e-23)
(0.85671779 0.043699275 0)
(0.85671779 0.043699275 2.3705738e-23)
(0.85671779 0.043699275 2.3761209e-23)
(0.85671779 0.043699275 0)
(0.85671779 0.043699275 0)
(0.85671779 0.043699275 0)
(0.85671779 0.043699275 0)
(0.85671779 0.043699275 0)
(0.85671779 0.043699275 1.8006943e-21)
(0.85671779 0.043699275 0)
(0.85671779 0.043699275 0)
(0.85671795 0.043699285 0)
(0.85673084 0.043700037 0)
(0.85671779 0.043699275 0)
(0.85671779 0.043699275 0)
(0.85671779 0.043699275 0)
(0.85671779 0.043699275 0)
(0.85671779 0.043699275 0)
(0.85671779 0.043699275 -2.5996065e-35)
(0.85671779 0.043699275 0)
(0.85671779 0.043699275 0)
(0.85671794 0.043699297 0)
(0.85673 0.04370083 0)
(0.85671779 0.043699275 0)
(0.85671779 0.043699275 0)
(0.85671779 0.043699275 0)
(0.85671779 0.043699275 0)
(0.85671779 0.043699275 0)
(0.85671779 0.043699275 -9.0083487e-22)
(0.85671779 0.043699275 0)
(0.85671779 0.043699276 0)
(0.85671792 0.043699304 0)
(0.85672887 0.043701217 0)
(0.85671779 0.043699275 0)
(0.85671779 0.043699275 0)
(0.85671779 0.043699275 0)
(0.85671779 0.043699275 0)
(0.85671779 0.043699275 0)
(0.85671779 0.043699275 0)
(0.85671779 0.043699275 0)
(0.85671779 0.043699276 0)
(0.8567179 0.043699312 0)
(0.85672763 0.043701586 0)
(0.85671779 0.043699275 0)
(0.85671779 0.043699275 0)
(0.85671779 0.043699275 0)
(0.85671779 0.043699275 0)
(0.85671779 0.043699275 0)
(0.85671779 0.043699275 0)
(0.85671779 0.043699275 0)
(0.85671779 0.043699276 0)
(0.85671787 0.043699319 0)
(0.85672622 0.043702027 0)
(0.85671779 0.043699275 0)
(0.85671779 0.043699275 0)
(0.85671779 0.043699275 0)
(0.85671779 0.043699275 0)
(0.85671779 0.043699275 0)
(0.85671779 0.043699275 -4.5079464e-22)
(0.85671779 0.043699275 0)
(0.85671779 0.043699276 0)
(0.85671784 0.043699326 0)
(0.85672461 0.043702517 0)
(0.85671779 0.043699275 0)
(0.85671779 0.043699275 0)
(0.85671779 0.043699275 0)
(0.85671779 0.043699275 0)
(0.85671779 0.043699275 0)
(0.85671779 0.043699275 9.0184103e-22)
(0.85671779 0.043699275 0)
(0.85671779 0.043699276 0)
(0.8567178 0.043699333 0)
(0.85672279 0.043702979 0)
(0.85671779 0.043699275 0)
(0.85671779 0.043699275 0)
(0.85671779 0.043699275 0)
(0.85671779 0.043699275 0)
(0.85671779 0.043699275 0)
(0.85671779 0.043699275 -4.5104643e-22)
(0.85671779 0.043699275 0)
(0.85671779 0.043699275 0)
(0.85671775 0.043699337 0)
(0.85672081 0.043703402 0)
(0.85671779 0.043699275 0)
(0.85671779 0.043699275 0)
(0.85671779 0.043699275 0)
(0.85671779 0.043699275 0)
(0.85671779 0.043699275 0)
(0.85671779 0.043699275 0)
(0.85671779 0.043699275 0)
(0.85671779 0.043699275 0)
(0.85671768 0.043699326 0)
(0.8567187 0.04370377 0)
(0.85671779 0.043699275 0)
(0.85671779 0.043699275 -1.2576613e-21)
(0.85671779 0.043699275 0)
(0.85671779 0.043699275 0)
(0.85671779 0.043699275 -1.6280043e-21)
(0.85671779 0.043699275 1.8051942e-21)
(0.85671779 0.043699275 0)
(0.85671779 0.043699275 0)
(0.85671763 0.043699305 -2.6803527e-21)
(0.85671634 0.043704038 0)
(0.85671779 0.043699275 0)
(0.85671779 0.043699275 1.2579063e-21)
(0.85671779 0.043699275 0)
(0.85671779 0.043699275 0)
(0.85671779 0.043699275 1.6284148e-21)
(0.85671779 0.043699275 -3.6113977e-21)
(0.85671779 0.043699275 0)
(0.85671779 0.043699275 0)
(0.85671766 0.043699302 2.6814651e-21)
(0.85671368 0.043704102 0)
(0.85671779 0.043699275 0)
(0.85671779 0.043699275 0)
(0.85671779 0.043699275 0)
(0.85671779 0.043699275 0)
(0.85671779 0.043699275 0)
(0.85671779 0.043699275 3.6124075e-21)
(0.85671779 0.043699275 0)
(0.85671779 0.043699274 0)
(0.85671762 0.043699304 0)
(0.85671096 0.043703931 0)
(0.85671779 0.043699275 0)
(0.85671779 0.043699275 0)
(0.85671779 0.043699275 0)
(0.85671779 0.043699275 0)
(0.85671779 0.043699275 0)
(0.85671779 0.043699275 -3.6134173e-21)
(0.85671779 0.043699275 0)
(0.85671779 0.043699274 0)
(0.85671758 0.043699285 0)
(0.85670806 0.04370336 0)
(0.85671779 0.043699275 0)
(0.85671779 0.043699275 0)
(0.85671779 0.043699275 0)
(0.85671779 0.043699275 0)
(0.85671779 0.043699275 0)
(0.85671779 0.043699275 1.8072302e-21)
(0.85671779 0.043699275 0)
(0.85671779 0.043699275 0)
(0.85671755 0.043699322 0)
(0.85670505 0.043705905 0)
(0.85671779 0.043699275 -4.7788275e-22)
(0.85671779 0.043699275 5.1239198e-23)
(0.85671779 0.043699275 -7.67344e-22)
(0.85671779 0.043699275 -2.3943166e-23)
(0.85671779 0.043699275 -1.6251267e-34)
(0.85671762 0.043698771 3.756167e-22)
(0.8567178 0.043699297 -8.4048922e-22)
(0.85671779 0.043699274 1.3840669e-21)
(0.85671779 0.043699275 -1.3315993e-21)
(0.85671779 0.043699275 -9.0876634e-22)
(0.85671779 0.043699275 -4.1258553e-22)
(0.85671779 0.043699275 -3.4872439e-22)
(0.85671779 0.043699275 -3.8542336e-22)
(0.85671779 0.043699275 3.7314076e-22)
(0.8571404 0.044126873 -1.4495327e-22)
(0.8566841 0.043649237 1.2430435e-21)
(0.85672009 0.043703289 -2.3409507e-27)
(0.85671769 0.043699016 -1.2620417e-22)
(0.85671779 0.043699287 1.935807e-21)
(0.85671779 0.043699274 -8.1330035e-22)
(0.85671779 0.043699275 8.9400196e-22)
(0.85671779 0.043699275 8.0730714e-22)
(0.85671779 0.043699275 8.824968e-22)
(0.85671779 0.043699275 8.0213517e-22)
(0.85671779 0.043699275 1.5511386e-21)
(0.85671779 0.043699275 -7.5070683e-22)
(0.86397586 0.04383824 1.6255654e-22)
(0.85501409 0.042768725 -6.4826771e-25)
(0.85693982 0.043911369 -1.461525e-22)
(0.85669944 0.043675198 -1.1146096e-21)
(0.85671897 0.043701195 -1.1969927e-21)
(0.85671773 0.043699154 9.8496569e-29)
(0.85671779 0.043699281 -8.5344084e-22)
(0.85671779 0.043699275 5.8522576e-23)
(0.85671779 0.043699275 -5.6272521e-23)
(0.85671779 0.043699275 -5.4189089e-23)
(0.85671779 0.043699275 -7.315618e-22)
(0.85671779 0.043699275 -5.0453122e-23)
(0.85671779 0.043699275 -7.8035014e-22)
(0.85671779 0.043699275 0)
(0.85996965 0.043793878 1.6424745e-22)
(0.85588921 0.043331166 -1.5576509e-22)
(0.85682342 0.043781089 -1.1813056e-21)
(0.85670904 0.043688895 1.40567e-22)
(0.85671834 0.043700076 -1.2071363e-21)
(0.85671776 0.043699225 -1.2824987e-22)
(0.85671779 0.043699277 1.2286677e-22)
(0.85671779 0.043699275 0)
(0.85671779 0.043699275 5.6675623e-23)
(0.85671779 0.043699275 -1.0912556e-22)
(0.85671779 0.043699275 -8.4162898e-22)
(0.85671779 0.043699275 7.6165371e-23)
(0.85671779 0.043699275 -2.4537196e-23)
(0.85671779 0.043699275 0)
(0.8579375 0.043760315 0)
(0.85639586 0.043578366 -1.2562289e-21)
(0.85676148 0.04372442 -1.489889e-22)
(0.85671418 0.0436958 1.1346176e-21)
(0.85671801 0.043699562 1.3527297e-22)
(0.85671778 0.043699258 -1.292978e-22)
(0.85671779 0.043699276 2.4765644e-22)
(0.85671779 0.043699275 -1.0098222e-21)
(0.85671779 0.043699275 -9.7043688e-22)
(0.85671779 0.043699275 -9.3400847e-22)
(0.85671779 0.043699275 9.00216e-22)
(0.85671779 0.043699275 0)
(0.85671779 0.043699275 0)
(0.85671779 0.043699275 0)
(0.85703495 0.043723218 1.6771235e-22)
(0.85663297 0.043671595 -1.9147305e-25)
(0.85672973 0.043704603 1.0532985e-21)
(0.85671668 0.043698606 -2.2897534e-21)
(0.85671786 0.043699344 9.8309882e-29)
(0.85671779 0.043699271 -1.3036315e-22)
(0.85671779 0.043699275 -8.73635e-22)
(0.85671779 0.043699275 -7.3154077e-33)
(0.85671779 0.043699275 1.8399817e-21)
(0.85671779 0.043699275 8.298885e-22)
(0.85671779 0.043699275 -2.4219228e-35)
(0.85671779 0.043699275 7.7155738e-23)
(0.85671779 0.043699275 -3.726812e-23)
(0.85671779 0.043699275 -7.5693216e-22)
(0.85673082 0.04370109 0)
(0.85671453 0.043698565 -1.108147e-26)
(0.85671824 0.04369935 -1.4348179e-22)
(0.85671774 0.04369927 4.333778e-22)
(0.85671779 0.043699276 8.00465e-30)
(0.85671779 0.043699275 0)
(0.85671779 0.043699275 -1.4747381e-22)
(0.85671779 0.043699275 1.1880544e-21)
(0.85671779 0.043699275 -7.4777184e-22)
(0.85671779 0.043699275 0)
(0.85671779 0.043699275 7.5847236e-22)
(0.85671779 0.043699275 -4.5836296e-22)
(0.85671779 0.043699275 0)
(0.85671779 0.043699275 3.10044e-22)
(0.8567179 0.043699289 1.3877276e-22)
(0.85671801 0.043699306 -1.396871e-22)
(0.85671774 0.043699263 0)
(0.8567178 0.043699276 0)
(0.85671779 0.043699275 1.4250377e-22)
(0.85671779 0.043699275 0)
(0.85671779 0.043699275 0)
(0.85671779 0.043699275 -7.2718195e-22)
(0.85671779 0.043699275 5.8576374e-22)
(0.85671779 0.043699275 0)
(0.85671779 0.043699275 -1.4849224e-22)
(0.85671779 0.043699275 -1.4953961e-22)
(0.85671779 0.043699275 0)
(0.85671779 0.043699275 -1.5167929e-22)
(0.85671779 0.043699275 0)
(0.8567178 0.043699276 1.3696719e-22)
(0.85671779 0.043699275 -4.1357337e-22)
(0.85671779 0.043699275 2.775201e-22)
(0.85671779 0.043699275 1.396742e-22)
(0.85671779 0.043699275 -1.4060047e-22)
(0.85671779 0.043699275 -2.8307821e-22)
(0.85671779 0.043699275 2.8498072e-22)
(0.85671779 0.043699275 -5.7381796e-22)
(0.85671779 0.043699275 5.7772702e-22)
(0.85671779 0.043699275 -5.8168968e-22)
(0.85671779 0.043699275 5.857071e-22)
(0.85671779 0.043699275 1.474451e-22)
(0.85671779 0.043699275 0)
(0.85671779 0.043699275 1.3350518e-22)
(0.85671779 0.043699275 -1.3435121e-22)
(0.85671779 0.043699275 -1.35208e-22)
(0.85671779 0.043699275 5.1224825e-33)
(0.85671779 0.043699275 1.3695481e-22)
(0.85671779 0.043699275 1.3784525e-22)
(0.85671779 0.043699275 0)
(0.85671779 0.043699275 5.5864529e-22)
(0.85671779 0.043699275 -5.6234968e-22)
(0.85671779 0.043699275 -1.4152588e-22)
(0.85671779 0.043699275 0)
(0.85671779 0.043699275 5.7376363e-22)
(0.85671779 0.043699275 -7.2208992e-22)
(0.85671779 0.043699275 0)
(0.85671779 0.043699275 -1.9652784e-22)
(0.85671779 0.043699275 0)
(0.85671779 0.043699275 0)
(0.85671779 0.043699275 0)
(0.85671779 0.043699275 0)
(0.85671779 0.043699275 0)
(0.85671779 0.043699275 -2.7212714e-22)
(0.85671779 0.043699275 2.7388484e-22)
(0.85671779 0.043699275 0)
(0.85671779 0.043699275 1.3873463e-22)
(0.85671779 0.043699275 0)
(0.85671779 0.043699275 0)
(0.85671779 0.043699275 0)
(0.85671779 0.043699275 5.6985426e-22)
(0.85671779 0.043699275 1.2862288e-22)
(0.85671779 0.043699275 -1.2940797e-22)
(0.85671779 0.043699275 -1.3020269e-22)
(0.85671779 0.043699275 6.550362e-22)
(0.85671779 0.043699275 -2.6364358e-22)
(0.85671779 0.043699275 0)
(0.85671779 0.043699275 1.3348166e-22)
(0.85671779 0.043699275 0)
(0.85671779 0.043699275 0)
(0.85671779 0.043699275 1.3605135e-22)
(0.85671779 0.043699275 -5.4772015e-22)
(0.85671779 0.043699275 1.1025613e-21)
(0.85671779 0.043699275 -5.5488769e-22)
(0.85671779 0.043699275 1.3963557e-22)
(0.85671779 0.043699275 -1.2631323e-22)
(0.85671779 0.043699275 1.270703e-22)
(0.85671779 0.043699275 -3.8350947e-22)
(0.85671779 0.043699275 1.2861197e-22)
(0.85671779 0.043699275 -6.4698456e-23)
(0.85671779 0.043699275 -2.60383e-22)
(0.85671779 0.043699275 1.3099591e-22)
(0.85671779 0.043699275 0)
(0.85671779 0.043699275 0)
(0.85671779 0.043699275 -1.334699e-22)
(0.85671779 0.043699275 5.3726183e-22)
(0.85671779 0.043699275 -5.4068718e-22)
(0.85671779 0.043699275 0)
(0.85671779 0.043699275 -1.3691768e-22)
(0.85671779 0.043699275 0)
(0.85671779 0.043699275 -1.2481559e-22)
(0.85671779 0.043699275 1.2555475e-22)
(0.85671779 0.043699275 0)
(0.85671779 0.043699275 6.3529821e-23)
(0.85671779 0.043699275 0)
(0.85671779 0.043699275 -2.5720209e-22)
(0.85671779 0.043699275 7.7631517e-22)
(0.85671779 0.043699275 -5.2072125e-22)
(0.85671779 0.043699275 0)
(0.85671779 0.043699275 0)
(0.85671779 0.043699275 5.3049321e-22)
(0.85671779 0.043699275 -5.3383253e-22)
(0.85671779 0.043699275 5.3721421e-22)
(0.85671779 0.043699275 0)
(0.85671779 0.043699275 1.2263949e-22)
(0.85671779 0.043699275 -3.7005909e-22)
(0.85671779 0.043699275 2.4814983e-22)
(0.85671779 0.043699275 0)
(0.85671779 0.043699275 -2.5108868e-22)
(0.85671779 0.043699275 2.5258436e-22)
(0.85671779 0.043699275 5.0819593e-22)
(0.85671779 0.043699275 -5.1125963e-22)
(0.85671779 0.043699275 0)
(0.85671779 0.043699275 0)
(0.85671779 0.043699275 0)
(0.85671779 0.043699275 5.2389299e-22)
(0.85671779 0.043699275 -5.2714954e-22)
(0.85671779 0.043699275 0)
(0.85671779 0.043699275 0)
(0.85671779 0.043699275 -2.4245441e-22)
(0.85671779 0.043699275 4.2673523e-22)
(0.85671779 0.043699275 -2.4525913e-22)
(0.85671779 0.043699275 -2.4668597e-22)
(0.85671779 0.043699275 2.4812951e-22)
(0.85671779 0.043699275 0)
(0.85671779 0.043699275 -6.2766965e-23)
(0.85671779 0.043699275 0)
(0.85671779 0.043699275 -5.0815327e-22)
(0.85671779 0.043699275 4.4731443e-22)
(0.85671779 0.043699275 0)
(0.85671779 0.043699275 5.1745507e-22)
(0.85671779 0.043699275 0)
(0.85671779 0.043699275 0)
(0.85671779 0.043699275 1.9267708e-21)
(0.85671779 0.043699275 0)
(0.85671779 0.043699275 0)
(0.85671779 0.043699275 2.2451757e-21)
(0.85671779 0.043699275 0)
(0.85671779 0.043699275 0)
(0.85671779 0.043699275 0)
(0.85671779 0.043699275 0)
(0.85671779 0.043699275 -2.7033791e-21)
(0.85671779 0.043699275 0)
(0.85671779 0.043699275 0)
(0.85671779 0.043699275 -1.9267694e-21)
(0.85671779 0.043699275 0)
(0.85671779 0.043699275 0)
(0.85671779 0.043699275 -1.496783e-21)
(0.85671779 0.043699275 0)
(0.85671779 0.043699275 0)
(0.85671779 0.043699275 0)
(0.85671779 0.043699275 0)
(0.85671779 0.043699275 0)
(0.85671779 0.043699275 2.7033762e-21)
(0.85671779 0.043699275 0)
(0.85671779 0.043699275 0)
(0.85671779 0.043699275 0)
(0.85671779 0.043699275 0)
(0.85671779 0.043699275 0)
(0.85671779 0.043699275 0)
(0.85671779 0.043699275 0)
(0.85671779 0.043699275 0)
(0.85671779 0.043699275 0)
(0.85671779 0.043699275 0)
(0.85671779 0.043699275 0)
(0.85671779 0.043699275 0)
(0.85671779 0.043699275 2.7033737e-21)
(0.85671779 0.043699275 0)
(0.85671779 0.043699275 0)
(0.85671779 0.043699275 0)
(0.85671779 0.043699275 0)
(0.85671779 0.043699275 0)
(0.85671779 0.043699275 0)
(0.85671779 0.043699275 0)
(0.85671779 0.043699275 0)
(0.85671779 0.043699275 0)
(0.85671779 0.043699275 0)
(0.85671779 0.043699275 0)
(0.85671779 0.043699275 3.1229517e-21)
(0.85671779 0.043699275 -2.7033708e-21)
(0.85671779 0.043699275 0)
(0.85671779 0.043699275 0)
(0.85671779 0.043699275 -1.9267653e-21)
(0.85671779 0.043699275 0)
(0.85671779 0.043699275 0)
(0.85671779 0.043699275 -1.4967805e-21)
(0.85671779 0.043699275 0)
(0.85671779 0.043699275 -1.302935e-21)
(0.85671779 0.043699275 0)
(0.85671779 0.043699275 0)
(0.85671779 0.043699275 4.5287202e-21)
(0.85671779 0.043699275 0)
(0.85671779 0.043699275 -2.531033e-34)
(0.85671779 0.043699275 0)
(0.85671779 0.043699275 0)
(0.85671779 0.043699275 2.1308047e-21)
(0.85671779 0.043699275 3.8535277e-21)
(0.85671779 0.043699275 0)
(0.85671779 0.043699275 0)
(0.85671779 0.043699275 2.9935593e-21)
(0.85671779 0.043699275 0)
(0.85671779 0.043699275 2.6058688e-21)
(0.85671779 0.043699275 0)
(0.85671779 0.043699275 1.1535412e-21)
(0.85671779 0.043699275 -4.5287126e-21)
(0.85671779 0.043699275 0)
(0.85671779 0.043699275 -3.1229447e-21)
(0.85671779 0.043699275 0)
(0.85671779 0.043699275 0)
(0.85671779 0.043699275 -2.130803e-21)
(0.85671779 0.043699275 -1.9267625e-21)
(0.85671779 0.043699275 0)
(0.85671779 0.043699275 0)
(0.85671779 0.043699275 -1.4967788e-21)
(0.85671779 0.043699275 0)
(0.85671779 0.043699275 -1.3029337e-21)
(0.85671779 0.043699275 0)
(0.85671779 0.043699275 -1.1535407e-21)
(0.85671779 0.043699275 9.0574089e-21)
(0.85671779 0.043699275 0)
(0.85671779 0.043699275 6.2458817e-21)
(0.85671779 0.043699275 0)
(0.85671779 0.043699275 0)
(0.85671779 0.043699275 0)
(0.85671779 0.043699275 0)
(0.85671779 0.043699275 0)
(0.85671779 0.043699275 0)
(0.85671779 0.043699275 0)
(0.85671779 0.043699275 0)
(0.85671779 0.043699275 0)
(0.85671779 0.043699275 0)
(0.85671779 0.043699275 0)
(0.85671779 0.043699275 -1.811479e-20)
(0.85671779 0.043699275 0)
(0.85671779 0.043699275 -1.2491749e-20)
(0.85671779 0.043699275 5.4067199e-21)
(0.85671779 0.043699275 0)
(0.85671779 0.043699275 0)
(0.85671779 0.043699275 0)
(0.85671779 0.043699275 0)
(0.85671779 0.043699275 0)
(0.85671779 0.043699275 0)
(0.85671779 0.043699275 0)
(0.85671779 0.043699275 0)
(0.85671779 0.043699275 0)
(0.85671779 0.043699275 0)
(0.85671779 0.043699275 9.0573785e-21)
(0.85671779 0.043699275 0)
(0.85671779 0.043699275 6.2458672e-21)
(0.85671779 0.043699275 -5.4067149e-21)
(0.85671779 0.043699275 -4.7663412e-21)
(0.85671779 0.043699275 0)
(0.85671779 0.043699275 -3.8535167e-21)
(0.85671779 0.043699275 -3.5167611e-21)
(0.85671779 0.043699275 -3.2341328e-21)
(0.85671779 0.043699275 -2.9935527e-21)
(0.85671779 0.043699275 0)
(0.85671779 0.043699275 -2.6058637e-21)
(0.85671779 0.043699275 -2.4473857e-21)
(0.85671779 0.043699275 -2.3070786e-21)
(0.85671779 0.043699275 0)
(0.85671779 0.043699275 0)
(0.85671779 0.043699275 0)
(0.85671779 0.043699275 0)
(0.85671779 0.043699275 4.766337e-21)
(0.85671779 0.043699275 0)
(0.85671779 0.043699275 8.9843463e-34)
(0.85671779 0.043699275 3.5167587e-21)
(0.85671779 0.043699275 3.2341307e-21)
(0.85671779 0.043699275 -1.5919609e-34)
(0.85671779 0.043699275 0)
(0.85671779 0.043699275 2.6315533e-33)
(0.85671779 0.043699275 2.4473845e-21)
(0.85671779 0.043699275 0)
(0.85671779 0.043699275 0)
(0.85671779 0.043699275 0)
(0.85671779 0.043699275 0)
(0.85671779 0.043699275 0)
(0.85671779 0.043699275 0)
(0.85671779 0.043699275 3.8535112e-21)
(0.85671779 0.043699275 0)
(0.85671779 0.043699275 0)
(0.85671779 0.043699275 2.9935495e-21)
(0.85671779 0.043699275 0)
(0.85671779 0.043699275 2.6058611e-21)
(0.85671779 0.043699275 0)
(0.85671779 0.043699275 0)
(0.85671779 0.043699275 0)
(0.85671779 0.043699275 0)
(0.85671779 0.043699275 0)
(0.85671779 0.043699275 0)
(0.85671779 0.043699275 3.8535087e-21)
(0.85671779 0.043699275 0)
(0.85671779 0.043699275 0)
(0.85671779 0.043699275 2.9935476e-21)
(0.85671779 0.043699275 0)
(0.85671779 0.043699275 9.0573211e-21)
(0.85671779 0.043699275 0)
(0.85671779 0.043699275 6.2458389e-21)
(0.85671779 0.043699275 -5.4066935e-21)
(0.85671779 0.043699275 0)
(0.85671779 0.043699275 0)
(0.85671779 0.043699275 -3.853506e-21)
(0.85671779 0.043699275 0)
(0.85671779 0.043699275 0)
(0.85671779 0.043699275 -2.9935462e-21)
(0.85671779 0.043699275 0)
(0.85671779 0.043699275 -1.0745832e-23)
(0.85671779 0.043699275 -5.0901165e-36)
(0.85671779 0.043699275 0)
(0.85671779 0.043699275 -2.1995871e-20)
(0.85671779 0.043699275 4.395541e-20)
(0.85671779 0.043699275 -2.1455347e-23)
(0.85671779 0.043699275 -4.392571e-20)
(0.85671779 0.043699275 2.1944717e-20)
(0.85671779 0.043699275 0)
(0.85671779 0.043699275 1.0713192e-23)
(0.85671779 0.043699275 -1.0709577e-23)
(0.85671779 0.043699275 0)
(0.85671779 0.043699275 0)
(0.85671779 0.043699275 2.2482953e-20)
(0.85671779 0.043699275 -1.0968853e-23)
(0.85671779 0.043699275 2.1930129e-23)
(0.85671779 0.043699275 -2.2437738e-20)
(0.85671779 0.043699275 4.4881896e-20)
(0.85671779 0.043699275 -2.2422251e-20)
(0.85671779 0.043699275 -8.8988282e-37)
(0.85671779 0.043699275 2.2428679e-20)
(0.85671779 0.043699275 -1.0942386e-23)
(0.85671779 0.043699275 -2.2391343e-20)
(0.85671779 0.043699275 2.2394566e-20)
(0.85671779 0.043699275 -2.2375922e-20)
(0.85671779 0.043699275 2.236822e-20)
(0.85671779 0.043699275 -2.2360522e-20)
(0.85671779 0.043699275 -2.2948422e-20)
(0.85671779 0.043699275 1.1201328e-23)
(0.85671779 0.043699275 2.2909834e-20)
(0.85671779 0.043699275 -1.1193429e-23)
(0.85671779 0.043699275 0)
(0.85671779 0.043699275 -2.2930357e-20)
(0.85671779 0.043699275 2.2911098e-20)
(0.85671779 0.043699275 -1.1177661e-23)
(0.85671779 0.043699275 0)
(0.85671779 0.043699275 9.2818e-24)
(0.85671779 0.043699275 -1.9004895e-20)
(0.85671779 0.043699275 1.9000668e-20)
(0.85671779 0.043699275 9.2756062e-24)
(0.85671779 0.043699275 0)
(0.85671779 0.043699275 1.8579585e-20)
(0.85671779 0.043699275 -1.8584614e-20)
(0.85671779 0.043699275 1.8571499e-20)
(0.85671779 0.043699275 -1.8585602e-20)
(0.85671779 0.043699275 -1.8581557e-20)
(0.85671779 0.043699275 1.8577518e-20)
(0.85671779 0.043699275 1.8555351e-20)
(0.85671779 0.043699275 -3.7111699e-20)
(0.85671779 0.043699275 9.0607173e-24)
(0.85671779 0.043699275 1.8543257e-20)
(0.85671779 0.043699275 1.8548287e-20)
(0.85671779 0.043699275 -1.8553315e-20)
(0.85671779 0.043699275 -1.853118e-20)
(0.85671779 0.043699275 -1.8190265e-20)
(0.85671779 0.043699275 -1.5036202e-32)
(0.85671779 0.043699275 3.636504e-20)
(0.85671779 0.043699275 -1.8178651e-20)
(0.85671779 0.043699275 0)
(0.85671779 0.043699275 0)
(0.85671779 0.043699275 1.8167048e-20)
(0.85671779 0.043699275 -3.6326372e-20)
(0.85671779 0.043699275 1.8159322e-20)
(0.85671779 0.043699275 1.8155463e-20)
(0.85671779 0.043699275 -2.1143824e-32)
(0.85671779 0.043699275 -3.6286631e-20)
(0.85671779 0.043699275 1.8143892e-20)
(0.85671779 0.043699275 1.8140036e-20)
(0.85671779 0.043699275 -1.6390636e-24)
(0.85671779 0.043699275 8.4031208e-22)
(0.85671779 0.043699275 -8.9643685e-22)
(0.85671779 0.043699275 4.7936145e-22)
(0.85671779 0.043699275 1.5529769e-21)
(0.85671779 0.043699275 -1.6779334e-21)
(0.85671779 0.043699275 8.9234472e-22)
(0.85671779 0.043699275 -9.5055113e-22)
(0.85671779 0.043699275 3.1800837e-33)
(0.85671779 0.043699275 -4.3669734e-24)
(0.85671779 0.043699275 -1.219741e-21)
(0.85671779 0.043699275 9.5361e-22)
(0.85671779 0.043699275 -1.0270083e-21)
(0.85671779 0.043699275 -4.3633241e-24)
(0.85671779 0.043699275 1.218629e-21)
(0.85671779 0.043699275 1.0473331e-23)
(0.85671779 0.043699275 -1.5013068e-21)
(0.85671779 0.043699275 -8.7193622e-24)
(0.85671779 0.043699275 1.2270309e-21)
(0.85671779 0.043699275 1.3497061e-21)
(0.85671779 0.043699275 -1.4996355e-21)
(0.85671779 0.043699275 1.6739589e-21)
(0.85671779 0.043699275 1.3379028e-21)
(0.85671779 0.043699275 4.4590676e-21)
(0.85671779 0.043699275 -1.6718652e-21)
(0.85671779 0.043699275 3.8354927e-21)
(0.85671779 0.043699275 -2.9578107e-21)
(0.85671779 0.043699275 0)
(0.85671779 0.043699275 -3.8151165e-21)
(0.85671779 0.043699275 0)
(0.85671779 0.043699275 -3.3353872e-21)
(0.85671779 0.043699275 1.4881563e-23)
(0.85671779 0.043699275 4.4238743e-21)
(0.85671779 0.043699275 3.3312312e-21)
(0.85671779 0.043699275 1.4860386e-23)
(0.85671779 0.043699275 -4.4511769e-21)
(0.85671779 0.043699275 5.3131792e-21)
(0.85671779 0.043699275 -3.7988533e-21)
(0.85671779 0.043699275 -4.4265159e-21)
(0.85671779 0.043699275 -1.0605281e-20)
(0.85671779 0.043699275 4.4364613e-21)
(0.85671779 0.043699275 -1.3854335e-33)
(0.85671779 0.043699275 -1.4918098e-23)
(0.85671779 0.043699275 0)
(0.85671779 0.043699275 3.8021873e-21)
(0.85671779 0.043699275 -3.8086397e-21)
(0.85671779 0.043699275 0)
(0.85671779 0.043699275 -3.7771955e-21)
(0.85671779 0.043699275 1.8844688e-21)
(0.85671779 0.043699275 -2.1494101e-33)
(0.85671779 0.043699275 3.1754038e-21)
(0.85671779 0.043699275 3.1448035e-21)
(0.85671779 0.043699275 -6.3274979e-21)
(0.85671779 0.043699275 -2.4671513e-23)
(0.85671779 0.043699275 1.5760897e-21)
(0.85671779 0.043699275 1.5732131e-21)
(0.85671779 0.043699275 2.1263438e-23)
(0.85671779 0.043699275 2.7174299e-21)
(0.85671779 0.043699275 -2.6707601e-21)
(0.85671779 0.043699275 -1.3544449e-21)
(0.85671779 0.043699275 -2.831897e-33)
(0.85671779 0.043699275 0)
(0.85671779 0.043699275 -1.8579562e-23)
(0.85671779 0.043699275 1.1688999e-21)
(0.85671779 0.043699275 2.3031288e-33)
(0.85671779 0.043699275 -1.5699074e-33)
(0.85671779 0.043699275 2.1307581e-21)
(0.85671779 0.043699275 0)
(0.85671779 0.043699275 9.6745146e-22)
(0.85671779 0.043699275 -9.5151606e-22)
(0.85671779 0.043699275 0)
(0.85671779 0.043699275 0)
(0.85671779 0.043699275 0)
(0.85671779 0.043699275 -3.8581011e-20)
(0.85671779 0.043699275 -3.8573381e-20)
(0.85671779 0.043699275 -1.6912556e-32)
(0.85671779 0.043699275 -3.8553442e-20)
(0.85671779 0.043699275 7.7101074e-20)
(0.85671779 0.043699275 7.7081162e-20)
(0.85671779 0.043699275 -3.8535318e-20)
(0.85671779 0.043699275 -3.852772e-20)
(0.85671779 0.043699275 -3.8524828e-20)
(0.85671779 0.043699275 -3.8507818e-20)
(0.85671779 0.043699275 3.8500235e-20)
(0.85671779 0.043699275 7.699937e-20)
(0.85671779 0.043699275 -3.8489758e-20)
(0.85671779 0.043699275 3.8477483e-20)
(0.85671779 0.043699275 3.7690657e-20)
(0.85671779 0.043699275 3.7678773e-20)
(0.85671779 0.043699275 4.5985723e-24)
(0.85671779 0.043699275 -1.3512771e-20)
(0.85671779 0.043699275 -1.3523826e-20)
(0.85671779 0.043699275 1.3508493e-20)
(0.85671779 0.043699275 0)
(0.85671779 0.043699275 -4.9961365e-22)
(0.85671779 0.043699275 4.9129763e-22)
(0.85671779 0.043699275 0)
(0.85671779 0.043699275 5.0310563e-22)
(0.85671779 0.043699275 0)
(0.85671779 0.043699275 0)
(0.85671779 0.043699275 1.3990276e-33)
(0.85671779 0.043699275 1.4725734e-23)
(0.85671779 0.043699275 4.493776e-22)
)
;

boundaryField
{
    Side
    {
        type            empty;
    }
    Inlet
    {
        type            inletOutlet;
        inletValue      uniform (0.85671779 0.043699275 0);
        value           nonuniform List<vector> 
15
(
(0.85671779 0.043699275 0)
(0.85671779 0.043699275 0)
(0.85671779 0.043699275 0)
(0.85671779 0.043699275 0)
(0.85671779 0.043699275 0)
(0.85671779 0.043699275 0)
(0.85671779 0.043699275 0)
(0.85671779 0.043699275 0)
(0.85671779 0.043699275 0)
(0.85671779 0.043699275 0)
(0.85671779 0.043699275 -1.6390636e-24)
(0.85671779 0.043699275 8.4031208e-22)
(0.85671779 0.043699275 -1.6779334e-21)
(0.85671779 0.043699275 0)
(0.85671779 0.043699275 0)
)
;
    }
    Airfoil
    {
        type            noSlip;
    }
    Outlet
    {
        type            zeroGradient;
    }
    Flap
    {
        type            noSlip;
    }
    procBoundary5to4
    {
        type            processor;
        value           nonuniform List<vector> 
189
(
(0.85671779 0.043699275 1.8857906e-21)
(0.85671779 0.043699275 1.885879e-21)
(0.85671779 0.043699275 3.9196838e-34)
(0.85671779 0.043699275 -1.8860625e-21)
(0.85671779 0.043699275 0)
(0.85671779 0.043699275 9.4312307e-22)
(0.85671779 0.043699275 -9.4316897e-22)
(0.85671779 0.043699275 0)
(0.85671779 0.043699275 0)
(0.85671779 0.043699275 0)
(0.85671779 0.043699275 0)
(0.85671779 0.043699275 0)
(0.85671779 0.043699275 -9.4344449e-22)
(0.85671779 0.043699275 9.4349094e-22)
(0.85671779 0.043699275 -1.5688603e-22)
(0.85671779 0.043699275 -5.0106622e-21)
(0.85671779 0.043699275 -1.5628151e-22)
(0.85671779 0.043699275 1.55981e-22)
(0.85671779 0.043699275 -5.1374936e-21)
(0.85671779 0.043699275 -5.1374936e-21)
(0.85671779 0.043699275 -1.5484562e-22)
(0.85671779 0.043699275 1.545506e-22)
(0.85671779 0.043699275 1.545506e-22)
(0.85671779 0.043699275 0)
(0.85671779 0.043699275 -1.5343589e-22)
(0.85671779 0.043699275 -1.5343589e-22)
(0.85671779 0.043699275 -4.883961e-21)
(0.85671779 0.043699275 1.5233714e-22)
(0.85671779 0.043699275 1.5233714e-22)
(0.85671779 0.043699275 0)
(0.85671779 0.043699275 0)
(0.85671779 0.043699275 0)
(0.85671779 0.043699275 1.5046477e-22)
(0.85671779 0.043699275 1.5046477e-22)
(0.85671779 0.043699275 5.8222385e-21)
(0.85671779 0.043699275 0)
(0.85671779 0.043699275 1.4386818e-20)
(0.85671779 0.043699275 -1.451223e-20)
(0.85671779 0.043699275 -1.4639849e-20)
(0.85671779 0.043699275 2.9568311e-20)
(0.85671779 0.043699275 2.9568311e-20)
(0.85671779 0.043699275 -1.5708472e-20)
(0.85671779 0.043699275 0)
(0.85671779 0.043699275 7.9745165e-21)
(0.85671779 0.043699275 -8.1156719e-21)
(0.85671779 0.043699275 -8.1156719e-21)
(0.85671779 0.043699275 -8.7915853e-21)
(0.85671779 0.043699275 8.8158231e-21)
(0.85671779 0.043699275 8.8405797e-21)
(0.85671779 0.043699275 -1.8013197e-20)
(0.85671779 0.043699275 2.7192488e-34)
(0.85671779 0.043699275 2.7192488e-34)
(0.85671779 0.043699275 3.5555625e-21)
(0.85671779 0.043699275 2.1298079e-34)
(0.85671779 0.043699275 2.1298079e-34)
(0.85671779 0.043699275 1.0279514e-21)
(0.85671779 0.043699275 1.0279514e-21)
(0.85671779 0.043699275 -1.0708751e-21)
(0.85671779 0.043699275 -1.1224203e-21)
(0.85671779 0.043699275 -1.1224203e-21)
(0.85671777 0.043699237 -6.4227244e-22)
(0.85671776 0.043699218 -6.5225584e-22)
(0.85671774 0.043699187 -8.2819416e-23)
(0.8567177 0.043699125 -6.3110907e-22)
(0.8567177 0.043699125 -6.3110907e-22)
(0.85671531 0.043695053 0)
(0.85671779 0.043699275 3.0206627e-22)
(0.85671779 0.043699275 -3.0647873e-22)
(0.85671779 0.043699275 0)
(0.85671779 0.043699275 0)
(0.85671779 0.043699275 -1.6026253e-22)
(0.85671779 0.043699275 -1.6026253e-22)
(0.85671779 0.043699275 1.1562496e-21)
(0.85671779 0.043699275 -5.8620131e-22)
(0.85671779 0.043699275 -2.9725328e-22)
(0.85671779 0.043699275 1.4039846e-34)
(0.85671779 0.043699275 1.4039846e-34)
(0.85671476 0.043695729 0)
(0.8567059 0.043684986 -9.4245794e-22)
(0.85667784 0.043654179 0)
(0.85659296 0.043567586 -1.1293894e-22)
(0.85636432 0.043359276 3.3192409e-22)
(0.85636432 0.043359276 3.3192409e-22)
(0.85422086 0.041529959 0)
(0.85173232 0.039911603 -8.5569786e-22)
(0.84838843 0.038369702 -2.0968394e-22)
(0.84838843 0.038369702 -2.0968394e-22)
(0.83389912 0.031589623 -2.1233174e-22)
(0.83081919 0.034588778 -1.2029712e-21)
(0.83271126 0.040352092 0)
(0.83271126 0.040352092 0)
(0.8253324 0.049474655 -7.9164596e-22)
(0.83843999 0.053740032 -1.5551265e-21)
(0.8489133 0.052786946 3.8665119e-22)
(0.8489133 0.052786946 3.8665119e-22)
(0.85058554 0.061481082 2.7391494e-21)
(0.8519019 0.061021794 0)
(0.85335804 0.060788306 0)
(0.85584577 0.05105391 -5.0430261e-21)
(0.85584577 0.05105391 -5.0430261e-21)
(0.85665386 0.050854461 -4.7726908e-24)
(0.85743284 0.050626438 5.0140295e-21)
(0.85819828 0.050370336 0)
(0.85897934 0.050065097 0)
(0.85981298 0.049672969 0)
(0.86074845 0.049169948 -4.9740605e-21)
(0.861825 0.048511419 4.9611129e-21)
(0.86302388 0.047576401 -4.8330556e-24)
(0.86425132 0.04631016 0)
(0.86531214 0.045162932 0)
(0.86531214 0.045162932 0)
(0.85671779 0.043699275 0)
(0.85671779 0.043699275 -5.2744122e-23)
(0.85671779 0.043699275 -1.2796332e-34)
(0.85671779 0.043699275 4.9198221e-23)
(0.85671779 0.043699275 3.80786e-22)
(0.85671779 0.043699275 -3.6879253e-22)
(0.85671779 0.043699275 -3.6879253e-22)
(0.85671755 0.043698364 3.7266815e-22)
(0.8567178 0.043699308 5.9582849e-22)
(0.85671779 0.043699273 -5.7252153e-23)
(0.85671779 0.043699275 -8.2645392e-22)
(0.85671779 0.043699275 -8.2645392e-22)
(0.85745602 0.044438025 -5.7500013e-22)
(0.85666256 0.043602541 0)
(0.85672185 0.043706592 -1.5696072e-21)
(0.85672185 0.043706592 -1.5696072e-21)
(0.87064566 0.044023344 1.3075504e-21)
(0.85373886 0.041655613 0)
(0.85373886 0.041655613 0)
(0.85671779 0.043699275 0)
(0.85671779 0.043699275 0)
(0.85671779 0.043699275 4.4313837e-22)
(0.85671779 0.043699275 0)
(0.85671779 0.043699275 -4.567496e-22)
(0.85671779 0.043699275 3.1229625e-21)
(0.85671779 0.043699275 3.1229625e-21)
(0.85671779 0.043699275 0)
(0.85671779 0.043699275 0)
(0.85671779 0.043699275 0)
(0.85671779 0.043699275 4.5287272e-21)
(0.85671779 0.043699275 4.5287272e-21)
(0.85671779 0.043699275 -2.3484455e-35)
(0.85671779 0.043699275 1.0528207e-23)
(0.85671779 0.043699275 1.0524715e-23)
(0.85671779 0.043699275 2.1536952e-20)
(0.85671779 0.043699275 -2.1540333e-20)
(0.85671779 0.043699275 -2.1543713e-20)
(0.85671779 0.043699275 2.152607e-20)
(0.85671779 0.043699275 -2.1014591e-23)
(0.85671779 0.043699275 0)
(0.85671779 0.043699275 1.0500345e-23)
(0.85671779 0.043699275 -2.1508092e-20)
(0.85671779 0.043699275 2.1479993e-20)
(0.85671779 0.043699275 2.1479993e-20)
(0.85671779 0.043699275 2.2004171e-20)
(0.85671779 0.043699275 2.2004171e-20)
(0.85671779 0.043699275 -1.6400932e-24)
(0.85671779 0.043699275 -4.4589571e-22)
(0.85671779 0.043699275 -4.4589571e-22)
(0.85671779 0.043699275 -3.7476992e-24)
(0.85671779 0.043699275 5.1671356e-22)
(0.85671779 0.043699275 4.3706286e-24)
(0.85671779 0.043699275 4.3706286e-24)
(0.85671779 0.043699275 -6.104275e-22)
(0.85671779 0.043699275 0)
(0.85671779 0.043699275 0)
(0.85671779 0.043699275 -2.9826614e-21)
(0.85671779 0.043699275 0)
(0.85671779 0.043699275 0)
(0.85671779 0.043699275 1.4945455e-23)
(0.85671779 0.043699275 1.4945455e-23)
(0.85671779 0.043699275 2.2454203e-21)
(0.85671779 0.043699275 2.2454203e-21)
(0.85671779 0.043699275 5.3239632e-21)
(0.85671779 0.043699275 -5.3237595e-21)
(0.85671779 0.043699275 -5.3237595e-21)
(0.85671779 0.043699275 0)
(0.85671779 0.043699275 6.6111655e-21)
(0.85671779 0.043699275 -6.5948571e-21)
(0.85671779 0.043699275 0)
(0.85671779 0.043699275 -1.0040434e-21)
(0.85671779 0.043699275 -4.994661e-22)
(0.85671779 0.043699275 -4.8705811e-22)
(0.85671779 0.043699275 -4.8705811e-22)
(0.85671779 0.043699275 9.5842059e-22)
(0.85671779 0.043699275 0)
(0.85671779 0.043699275 9.2849881e-22)
(0.85671779 0.043699275 -4.567496e-22)
)
;
    }
    procBoundary5to6
    {
        type            processor;
        value           nonuniform List<vector> 
188
(
(0.85671779 0.043699275 0)
(0.85671779 0.043699275 0)
(0.85671779 0.043699275 2.4406846e-21)
(0.85671779 0.043699275 -2.4408383e-21)
(0.85671779 0.043699275 0)
(0.85671779 0.043699275 -1.2205729e-21)
(0.85671779 0.043699275 1.2206498e-21)
(0.85671779 0.043699275 0)
(0.85671779 0.043699275 1.2208036e-21)
(0.85671779 0.043699275 -1.2208805e-21)
(0.85671779 0.043699275 0)
(0.85671779 0.043699275 -1.2210343e-21)
(0.85671779 0.043699275 2.4422226e-21)
(0.85671779 0.043699275 -2.4423793e-21)
(0.85671779 0.043699275 -1.1691097e-34)
(0.85671779 0.043699275 0)
(0.85671779 0.043699275 -5.3539001e-22)
(0.85671779 0.043699275 2.8057897e-22)
(0.85671779 0.043699275 2.9341971e-22)
(0.85671779 0.043699275 2.9341971e-22)
(0.85671779 0.043699275 1.544854e-22)
(0.85671779 0.043699275 -1.6313127e-22)
(0.85671779 0.043699275 -6.9120902e-22)
(0.85671779 0.043699275 -1.8264779e-22)
(0.85671779 0.043699275 -1.8264779e-22)
(0.85671779 0.043699275 -7.7943126e-22)
(0.85671779 0.043699275 -6.2645182e-22)
(0.85671779 0.043699275 -1.5635705e-21)
(0.85671779 0.043699275 -1.5635705e-21)
(0.85671779 0.043699275 0)
(0.85671779 0.043699275 -1.0465948e-21)
(0.85671779 0.043699275 1.3506355e-20)
(0.85671779 0.043699275 -2.7008434e-20)
(0.85671779 0.043699275 1.3515266e-20)
(0.85671779 0.043699275 -1.0465948e-21)
(0.85671779 0.043699275 1.3499944e-20)
(0.85671779 0.043699275 1.88747e-22)
(0.85671779 0.043699275 1.7540714e-35)
(0.85671779 0.043699275 4.8948142e-23)
(0.85671779 0.043699275 1.4963721e-22)
(0.85671779 0.043699275 1.297036e-21)
(0.85671779 0.043699275 -9.0571036e-22)
(0.85671779 0.043699275 3.3460169e-22)
(0.85671779 0.043699275 4.2503053e-22)
(0.85671779 0.043699275 1.7281291e-22)
(0.85671779 0.043699275 -3.5141485e-22)
(0.85671779 0.043699275 -8.9350274e-23)
(0.85671779 0.043699275 1.7993651e-35)
(0.85671779 0.043699275 9.2501759e-23)
(0.85671779 0.043699275 1.88747e-22)
(0.85671779 0.043699275 5.1643366e-36)
(0.85671779 0.043699275 -1.1895709e-22)
(0.85671779 0.043699275 2.8616737e-22)
(0.85671779 0.043699275 -2.1513089e-22)
(0.85671779 0.043699275 -4.0731744e-22)
(0.85671779 0.043699275 -1.7329277e-34)
(0.85671779 0.043699275 3.6110229e-22)
(0.85671779 0.043699275 0)
(0.85671779 0.043699275 -2.4188205e-23)
(0.85671779 0.043699275 7.5162527e-22)
(0.85671779 0.043699275 -7.5342475e-22)
(0.85671779 0.043699275 7.5523285e-22)
(0.85671779 0.043699275 -3.8174693e-34)
(0.85671779 0.043699275 -7.8335507e-22)
(0.85671779 0.043699275 -7.6070918e-22)
(0.85671779 0.043699275 -5.4519632e-22)
(0.85671779 0.043699275 5.4528536e-22)
(0.85671779 0.043699275 -2.7268873e-22)
(0.85671779 0.043699275 -1.3636739e-22)
(0.85671779 0.043699275 -2.0458563e-22)
(0.85671779 0.043699275 -2.046202e-22)
(0.85671779 0.043699275 5.4574606e-22)
(0.85671779 0.043699275 -2.7291915e-22)
(0.85671779 0.043699275 0)
(0.85671779 0.043699275 1.0920457e-21)
(0.85671779 0.043699275 -2.1844607e-21)
(0.85671779 0.043699275 2.1848301e-21)
(0.85671779 0.043699275 -2.1851997e-21)
(0.85671779 0.043699275 2.1855719e-21)
(0.85671779 0.043699275 0)
(0.85671779 0.043699275 5.892427e-23)
(0.85671779 0.043699275 -1.1850727e-22)
(0.85671779 0.043699275 1.1917341e-22)
(0.85671779 0.043699275 -5.9923535e-23)
(0.85671779 0.043699275 6.0264194e-23)
(0.85671779 0.043699275 0)
(0.85671779 0.043699275 0)
(0.85671779 0.043699275 0)
(0.85671779 0.043699275 -6.1666469e-23)
(0.85671779 0.043699275 6.2027296e-23)
(0.85671779 0.043699275 4.9913895e-22)
(0.85671779 0.043699275 -5.6485587e-22)
(0.85671779 0.043699275 0)
(0.85671779 0.043699275 0)
(0.85671779 0.043699275 7.6870423e-21)
(0.85671779 0.043699275 -2.3070775e-21)
(0.85671779 0.043699275 -2.3070775e-21)
(0.85671779 0.043699275 0)
(0.85671779 0.043699275 0)
(0.85671779 0.043699275 2.6058599e-21)
(0.85671779 0.043699275 2.6058599e-21)
(0.85671779 0.043699275 0)
(0.85671779 0.043699275 0)
(0.85671779 0.043699275 0)
(0.85671779 0.043699275 -1.1173727e-23)
(0.85671779 0.043699275 4.5908371e-36)
(0.85671779 0.043699275 0)
(0.85671779 0.043699275 1.116194e-23)
(0.85671779 0.043699275 -2.2316033e-23)
(0.85671779 0.043699275 -2.2832433e-20)
(0.85671779 0.043699275 4.9925039e-33)
(0.85671779 0.043699275 4.9178454e-33)
(0.85671779 0.043699275 -4.6857203e-20)
(0.85671779 0.043699275 2.3408725e-20)
(0.85671779 0.043699275 2.3411724e-20)
(0.85671779 0.043699275 -2.3426153e-20)
(0.85671779 0.043699275 2.3394876e-20)
(0.85671779 0.043699275 -1.1173727e-23)
(0.85671779 0.043699275 -2.3386456e-20)
(0.85671779 0.043699275 1.9458231e-20)
(0.85671779 0.043699275 0)
(0.85671779 0.043699275 4.7472229e-24)
(0.85671779 0.043699275 -4.7461422e-24)
(0.85671779 0.043699275 -1.9431029e-20)
(0.85671779 0.043699275 1.8992214e-20)
(0.85671779 0.043699275 1.8992214e-20)
(0.85671779 0.043699275 -1.8978723e-20)
(0.85671779 0.043699275 -9.26942e-24)
(0.85671779 0.043699275 1.8534721e-23)
(0.85671779 0.043699275 -1.8966072e-20)
(0.85671779 0.043699275 1.8971121e-20)
(0.85671779 0.043699275 9.2611853e-24)
(0.85671779 0.043699275 -1.8971955e-20)
(0.85671779 0.043699275 1.8514147e-23)
(0.85671779 0.043699275 -8.3762297e-22)
(0.85671779 0.043699275 -3.4902084e-24)
(0.85671779 0.043699275 -3.4902084e-24)
(0.85671779 0.043699275 3.7369706e-24)
(0.85671779 0.043699275 -1.0342656e-21)
(0.85671779 0.043699275 -1.0342656e-21)
(0.85671779 0.043699275 2.2259385e-21)
(0.85671779 0.043699275 -1.2164111e-21)
(0.85671779 0.043699275 -1.2164111e-21)
(0.85671779 0.043699275 2.6835721e-21)
(0.85671779 0.043699275 2.6835721e-21)
(0.85671779 0.043699275 0)
(0.85671779 0.043699275 0)
(0.85671779 0.043699275 -2.9744019e-21)
(0.85671779 0.043699275 0)
(0.85671779 0.043699275 0)
(0.85671779 0.043699275 1.4818215e-23)
(0.85671779 0.043699275 1.4818215e-23)
(0.85671779 0.043699275 0)
(0.85671779 0.043699275 -2.4899569e-23)
(0.85671779 0.043699275 3.1812635e-21)
(0.85671779 0.043699275 3.1812635e-21)
(0.85671779 0.043699275 -2.7260238e-21)
(0.85671779 0.043699275 -2.7260238e-21)
(0.85671779 0.043699275 -1.8630965e-23)
(0.85671779 0.043699275 -1.8630965e-23)
(0.85671779 0.043699275 0)
(0.85671779 0.043699275 0)
(0.85671779 0.043699275 -1.9072429e-21)
(0.85671779 0.043699275 -1.9072429e-21)
(0.85671779 0.043699275 -1.7065809e-21)
(0.85671779 0.043699275 -1.7065809e-21)
(0.85671779 0.043699275 -1.8638904e-23)
(0.85671779 0.043699275 5.7390892e-24)
(0.85671779 0.043699275 0)
(0.85671779 0.043699275 7.5337673e-20)
(0.85671779 0.043699275 -3.7652384e-20)
(0.85671779 0.043699275 4.5959132e-24)
(0.85671779 0.043699275 -3.7637864e-20)
(0.85671779 0.043699275 3.7639799e-20)
(0.85671779 0.043699275 4.5932566e-24)
(0.85671779 0.043699275 -3.7620704e-20)
(0.85671779 0.043699275 7.5231518e-20)
(0.85671779 0.043699275 -3.7597034e-20)
(0.85671779 0.043699275 4.5897186e-24)
(0.85671779 0.043699275 4.588837e-24)
(0.85671779 0.043699275 3.6836174e-20)
(0.85671779 0.043699275 4.4952056e-24)
(0.85671779 0.043699275 7.5337673e-20)
(0.85671779 0.043699275 4.4943577e-24)
(0.85671779 0.043699275 -6.8364952e-24)
(0.85671779 0.043699275 -6.8353739e-24)
(0.85671779 0.043699275 -6.8342527e-24)
(0.85671779 0.043699275 1.3506355e-20)
)
;
    }
}


// ************************************************************************* //
