/*--------------------------------*- C++ -*----------------------------------*\
| =========                 |                                                 |
| \\      /  F ield         | OpenFOAM: The Open Source CFD Toolbox           |
|  \\    /   O peration     | Version:  2206                                  |
|   \\  /    A nd           | Website:  www.openfoam.com                      |
|    \\/     M anipulation  |                                                 |
\*---------------------------------------------------------------------------*/
FoamFile
{
    version     2.0;
    format      ascii;
    arch        "LSB;label=32;scalar=64";
    class       volScalarField;
    location    "0.02";
    object      nut;
}
// * * * * * * * * * * * * * * * * * * * * * * * * * * * * * * * * * * * * * //

dimensions      [0 2 -1 0 0 0 0];

internalField   nonuniform List<scalar> 
1396
(
2.7772247e-08
2.7772247e-08
2.7772247e-08
2.7772246e-08
2.7772246e-08
2.7772246e-08
2.7772245e-08
2.7772245e-08
2.7772245e-08
2.7772244e-08
2.7772244e-08
2.7772244e-08
2.7772243e-08
2.7772243e-08
2.777226e-08
2.777226e-08
2.7772259e-08
2.7772259e-08
2.7772259e-08
2.7772259e-08
2.7772259e-08
2.7772258e-08
2.7772258e-08
2.7772258e-08
2.7772258e-08
2.7772258e-08
2.7772257e-08
2.7772257e-08
2.777227e-08
2.777227e-08
2.777227e-08
2.777227e-08
2.777227e-08
2.777227e-08
2.777227e-08
2.7772269e-08
2.7772269e-08
2.7772269e-08
2.7772269e-08
2.7772269e-08
2.7772269e-08
2.7772269e-08
2.7772314e-08
2.7772314e-08
2.7772314e-08
2.7772314e-08
2.7772314e-08
2.7772314e-08
2.7772314e-08
2.7772314e-08
2.7772314e-08
2.7772314e-08
2.7772314e-08
2.7772314e-08
2.7772314e-08
2.7772314e-08
2.777225e-08
2.7772262e-08
2.7772271e-08
2.7772255e-08
2.7772265e-08
2.7772273e-08
2.777226e-08
2.7772268e-08
2.7772275e-08
2.7772264e-08
2.7772271e-08
2.7772278e-08
2.7772262e-08
2.7772268e-08
2.7772274e-08
2.777228e-08
2.7772267e-08
2.7772273e-08
2.7772277e-08
2.7772282e-08
2.7772272e-08
2.7772276e-08
2.777228e-08
2.7772284e-08
2.7772276e-08
2.777228e-08
2.7772283e-08
2.7772286e-08
2.7772277e-08
2.777228e-08
2.7772283e-08
2.7772285e-08
2.7772288e-08
2.7772281e-08
2.7772283e-08
2.7772285e-08
2.7772288e-08
2.777229e-08
2.7772284e-08
2.7772286e-08
2.7772288e-08
2.777229e-08
2.7772292e-08
2.7772286e-08
2.7772287e-08
2.7772289e-08
2.777229e-08
2.7772292e-08
2.7772293e-08
2.7772289e-08
2.777229e-08
2.7772291e-08
2.7772292e-08
2.7772293e-08
2.7772295e-08
2.7772291e-08
2.7772292e-08
2.7772293e-08
2.7772294e-08
2.7772294e-08
2.7772295e-08
2.7772296e-08
2.777223e-08
2.7772231e-08
2.7772232e-08
2.7772232e-08
2.7772243e-08
2.7772243e-08
2.7772243e-08
2.7772244e-08
2.7772244e-08
2.7772244e-08
2.7772244e-08
2.7772245e-08
2.7772245e-08
2.7772245e-08
2.7772245e-08
2.7772246e-08
2.7772246e-08
2.7772247e-08
2.7772257e-08
2.7772257e-08
2.7772257e-08
2.7772257e-08
2.7772257e-08
2.7772257e-08
2.7772257e-08
2.7772257e-08
2.7772257e-08
2.7772257e-08
2.7772257e-08
2.7772257e-08
2.7772258e-08
2.7772258e-08
2.7772269e-08
2.7772268e-08
2.7772268e-08
2.7772268e-08
2.7772268e-08
2.7772268e-08
2.7772268e-08
2.7772268e-08
2.7772268e-08
2.7772268e-08
2.7772268e-08
2.7772267e-08
2.7772267e-08
2.7772267e-08
2.7772233e-08
2.7772233e-08
2.7772233e-08
2.7772233e-08
2.7772233e-08
2.7772233e-08
2.7772233e-08
2.7772233e-08
2.7772233e-08
2.7772233e-08
2.7772233e-08
2.7772234e-08
2.7772234e-08
2.7772234e-08
2.7772247e-08
2.7772247e-08
2.7772247e-08
2.7772247e-08
2.7772247e-08
2.7772247e-08
2.7772247e-08
2.7772247e-08
2.7772247e-08
2.7772247e-08
2.7772247e-08
2.7772247e-08
2.7772247e-08
2.7772247e-08
2.7772258e-08
2.7772258e-08
2.7772258e-08
2.7772258e-08
2.7772258e-08
2.7772258e-08
2.7772258e-08
2.7772258e-08
2.7772258e-08
2.7772258e-08
2.7772258e-08
2.7772258e-08
2.7772258e-08
2.7772258e-08
2.7772267e-08
2.7772267e-08
2.7772267e-08
2.7772267e-08
2.7772267e-08
2.7772267e-08
2.7772267e-08
2.7772267e-08
2.7772267e-08
2.7772267e-08
2.7772267e-08
2.7772267e-08
2.7772267e-08
2.7772267e-08
2.7772268e-08
2.7772258e-08
2.7772248e-08
2.7772235e-08
2.7772268e-08
2.7772258e-08
2.7772248e-08
2.7772235e-08
2.7772267e-08
2.7772258e-08
2.7772248e-08
2.7772235e-08
2.7772267e-08
2.7772258e-08
2.7772248e-08
2.7772234e-08
2.7772267e-08
2.7772258e-08
2.7772248e-08
2.7772234e-08
2.7772267e-08
2.7772258e-08
2.7772248e-08
2.7772234e-08
2.7772267e-08
2.7772258e-08
2.7772248e-08
2.7772234e-08
2.7772267e-08
2.7772258e-08
2.7772248e-08
2.7772234e-08
2.7772267e-08
2.7772258e-08
2.7772248e-08
2.7772234e-08
2.7772267e-08
2.7772258e-08
2.7772248e-08
2.7772234e-08
2.7772267e-08
2.7772258e-08
2.7772247e-08
2.7772234e-08
2.7772267e-08
2.7772258e-08
2.7772247e-08
2.7772234e-08
2.7772267e-08
2.7772258e-08
2.7772247e-08
2.7772234e-08
2.7772267e-08
2.7772258e-08
2.7772247e-08
2.7772234e-08
2.7772235e-08
2.7772236e-08
2.7772238e-08
2.777224e-08
2.7772242e-08
2.7772244e-08
2.7772247e-08
2.7772249e-08
2.7772252e-08
2.7772255e-08
2.7772258e-08
2.777226e-08
2.7772263e-08
2.7772266e-08
2.7772248e-08
2.7772249e-08
2.777225e-08
2.7772252e-08
2.7772253e-08
2.7772255e-08
2.7772257e-08
2.7772259e-08
2.7772261e-08
2.7772263e-08
2.7772265e-08
2.7772267e-08
2.777227e-08
2.7772272e-08
2.7772258e-08
2.7772259e-08
2.777226e-08
2.7772261e-08
2.7772262e-08
2.7772263e-08
2.7772265e-08
2.7772266e-08
2.7772268e-08
2.777227e-08
2.7772272e-08
2.7772273e-08
2.7772275e-08
2.7772277e-08
2.7772268e-08
2.7772268e-08
2.7772269e-08
2.7772269e-08
2.777227e-08
2.7772271e-08
2.7772272e-08
2.7772274e-08
2.7772275e-08
2.7772276e-08
2.7772278e-08
2.7772279e-08
2.777228e-08
2.7772282e-08
2.7772322e-08
2.7772322e-08
2.7772322e-08
2.7772322e-08
2.7772322e-08
2.7772322e-08
2.7772322e-08
2.7772322e-08
2.7772322e-08
2.7772322e-08
2.777232e-08
2.777232e-08
2.777232e-08
2.777232e-08
2.777232e-08
2.777232e-08
2.7772321e-08
2.7772321e-08
2.7772321e-08
2.7772321e-08
2.7772321e-08
2.7772321e-08
2.7772321e-08
2.7772321e-08
2.7772321e-08
2.7772321e-08
2.7772321e-08
2.7772321e-08
2.7772321e-08
2.7772321e-08
2.7772321e-08
2.7772321e-08
2.7772321e-08
2.7772321e-08
2.7772321e-08
2.7772321e-08
2.7772321e-08
2.7772321e-08
2.7772321e-08
2.7772321e-08
2.7772321e-08
2.7772321e-08
2.7772321e-08
2.7772321e-08
2.7772321e-08
2.7772321e-08
2.7772321e-08
2.7772321e-08
2.7772321e-08
2.7772321e-08
2.7772321e-08
2.7772321e-08
2.7772321e-08
2.7772321e-08
2.7772321e-08
2.7772321e-08
2.7772321e-08
2.7772321e-08
2.7772322e-08
2.7772322e-08
2.7772322e-08
2.7772322e-08
2.7772322e-08
2.7772322e-08
2.7772322e-08
2.7772322e-08
2.7772322e-08
2.7772322e-08
2.7772322e-08
2.7772322e-08
2.7772322e-08
2.7772322e-08
2.7772322e-08
2.7772322e-08
2.7772322e-08
2.7772322e-08
2.7772322e-08
2.7772322e-08
2.7772322e-08
2.7772322e-08
2.7772322e-08
2.7772322e-08
2.7772322e-08
2.7772322e-08
2.7772322e-08
2.7772322e-08
2.7772322e-08
2.7772322e-08
2.7772322e-08
2.7772322e-08
2.7772322e-08
2.7772322e-08
2.7772322e-08
2.7772322e-08
2.7772322e-08
2.7772322e-08
2.7772322e-08
2.7772322e-08
2.7772322e-08
2.7772322e-08
2.7772322e-08
2.7772322e-08
2.7772322e-08
2.7772322e-08
2.7772322e-08
2.7772322e-08
2.7772322e-08
2.7772322e-08
2.7772322e-08
2.7772322e-08
2.7772322e-08
2.7772322e-08
2.7772322e-08
2.7772322e-08
2.7772322e-08
2.7772322e-08
2.7772322e-08
2.7772322e-08
2.7772322e-08
2.7772322e-08
2.7772322e-08
2.7772322e-08
2.7772322e-08
2.7772322e-08
2.7772322e-08
2.7772322e-08
2.7772322e-08
2.7772322e-08
2.7772322e-08
2.7772322e-08
2.7772322e-08
2.7772322e-08
2.7772322e-08
2.7772322e-08
2.7772322e-08
2.7772322e-08
2.7772322e-08
2.7772322e-08
2.7772322e-08
2.7772322e-08
2.7772322e-08
2.7772322e-08
2.7772322e-08
2.7772322e-08
2.7772322e-08
2.7772322e-08
2.7772322e-08
2.7772322e-08
2.7772322e-08
2.7772322e-08
2.7772322e-08
2.7772322e-08
2.7772322e-08
2.7772322e-08
2.7772322e-08
2.7772322e-08
2.7772322e-08
2.7772322e-08
2.7772322e-08
2.7772322e-08
2.7772322e-08
2.7772322e-08
2.7772322e-08
2.7772322e-08
2.7772322e-08
2.7772322e-08
2.7772322e-08
2.7772322e-08
2.7772322e-08
2.7772322e-08
2.7772322e-08
2.7772322e-08
2.7772322e-08
2.7772322e-08
2.7772322e-08
2.7772322e-08
2.7772322e-08
2.7772322e-08
2.7772322e-08
2.7772322e-08
2.7772322e-08
2.7772322e-08
2.7772322e-08
2.7772322e-08
2.7772322e-08
2.7772322e-08
2.7772322e-08
2.7772322e-08
2.7772322e-08
2.7772322e-08
2.7772322e-08
2.7772322e-08
2.7772322e-08
2.7772322e-08
2.7772322e-08
2.7772322e-08
2.7772322e-08
2.7772322e-08
2.7772322e-08
2.7772322e-08
2.7772322e-08
2.7772322e-08
2.7772322e-08
2.7772322e-08
2.7772322e-08
2.7772322e-08
2.7772322e-08
2.7772322e-08
2.7772322e-08
2.7772322e-08
2.7772322e-08
2.7772322e-08
2.7772322e-08
2.7772322e-08
2.7772322e-08
2.7772322e-08
2.7772322e-08
2.7772322e-08
2.7772322e-08
2.7772322e-08
2.7772322e-08
2.7772322e-08
2.7772322e-08
2.7772322e-08
2.7772322e-08
2.7772322e-08
2.7772322e-08
2.7772322e-08
2.7772322e-08
2.7772322e-08
2.7772322e-08
2.7772322e-08
2.7772322e-08
2.7772322e-08
2.7772322e-08
2.7772322e-08
2.7772322e-08
2.7772322e-08
2.7772322e-08
2.7772322e-08
2.7772322e-08
2.7772322e-08
2.7772322e-08
2.7772322e-08
2.7772322e-08
2.7772322e-08
2.7772322e-08
2.7772322e-08
2.7772322e-08
2.7772322e-08
2.7772322e-08
2.7772322e-08
2.7772322e-08
2.7772322e-08
2.7772321e-08
2.7772321e-08
2.7772321e-08
2.7772321e-08
2.7772321e-08
2.7772321e-08
2.7772321e-08
2.7772321e-08
2.7772321e-08
2.7772321e-08
2.7772321e-08
2.7772321e-08
2.7772321e-08
2.7772321e-08
2.7772321e-08
2.7772321e-08
2.7772321e-08
2.7772321e-08
2.7772321e-08
2.7772321e-08
2.7772321e-08
2.7772321e-08
2.7772321e-08
2.7772321e-08
2.7772321e-08
2.7772321e-08
2.7772321e-08
2.7772321e-08
2.7772321e-08
2.7772321e-08
2.7772321e-08
2.7772321e-08
2.7772321e-08
2.7772321e-08
2.7772321e-08
2.7772321e-08
2.7772321e-08
2.7772321e-08
2.7772321e-08
2.7772321e-08
2.7772321e-08
2.7772321e-08
2.777232e-08
2.777232e-08
2.777232e-08
2.777232e-08
2.777232e-08
2.777232e-08
2.777232e-08
2.777232e-08
2.777232e-08
2.777232e-08
2.777232e-08
2.777232e-08
2.777232e-08
2.777232e-08
2.7772319e-08
2.7772319e-08
2.7772319e-08
2.7772319e-08
2.7772319e-08
2.7772319e-08
2.7772319e-08
2.7772319e-08
2.7772319e-08
2.7772322e-08
2.7772322e-08
2.7772322e-08
2.7772322e-08
2.7772322e-08
2.7772322e-08
2.7772322e-08
2.7772322e-08
2.7772322e-08
2.7772322e-08
2.7772322e-08
2.7772322e-08
2.7772322e-08
2.7772322e-08
2.7772322e-08
2.7772322e-08
2.7772322e-08
2.7772322e-08
2.7772322e-08
2.7772322e-08
2.7772322e-08
2.7772322e-08
2.7772322e-08
2.7772322e-08
2.7772322e-08
2.7772322e-08
2.7772321e-08
2.7772322e-08
2.7772322e-08
2.7772322e-08
2.7772322e-08
2.7772322e-08
2.7772322e-08
2.7772322e-08
2.7772321e-08
2.7772322e-08
2.7772322e-08
2.7772322e-08
2.7772322e-08
2.7772322e-08
2.7772322e-08
2.7772322e-08
2.7772321e-08
2.7772321e-08
2.7772322e-08
2.7772322e-08
2.7772322e-08
2.7772322e-08
2.7772322e-08
2.7772322e-08
2.7772322e-08
2.7772321e-08
2.7772321e-08
2.7772321e-08
2.7772302e-08
2.7772301e-08
2.77723e-08
2.7772298e-08
2.7772296e-08
2.7772295e-08
2.7772315e-08
2.7772315e-08
2.7772314e-08
2.7772314e-08
2.7772314e-08
2.7772314e-08
2.7772313e-08
2.7772313e-08
2.7772319e-08
2.7772318e-08
2.7772318e-08
2.7772318e-08
2.7772318e-08
2.7772318e-08
2.7772318e-08
2.7772318e-08
2.7772318e-08
2.777232e-08
2.777232e-08
2.777232e-08
2.777232e-08
2.777232e-08
2.777232e-08
2.777232e-08
2.777232e-08
2.777232e-08
2.777232e-08
2.7772321e-08
2.7772321e-08
2.7772321e-08
2.7772321e-08
2.7772321e-08
2.7772321e-08
2.7772321e-08
2.7772321e-08
2.7772321e-08
2.7772321e-08
2.7772321e-08
2.7772321e-08
2.7772321e-08
2.7772321e-08
2.7772321e-08
2.7772321e-08
2.7772321e-08
2.7772321e-08
2.7772321e-08
2.7772321e-08
2.7772321e-08
2.7772321e-08
2.7772321e-08
2.7772321e-08
2.7772321e-08
2.7772321e-08
2.7772321e-08
2.7772321e-08
2.7772321e-08
2.7772321e-08
2.7772321e-08
2.7772321e-08
2.7772321e-08
2.7772321e-08
2.7772321e-08
2.7772321e-08
2.7772322e-08
2.7772322e-08
2.7772322e-08
2.7772322e-08
2.7772322e-08
2.7772322e-08
2.7772322e-08
2.7772321e-08
2.7772321e-08
2.7772321e-08
2.7772321e-08
2.7772321e-08
2.7772321e-08
2.7772322e-08
2.7772322e-08
2.7772322e-08
2.7772322e-08
2.7772322e-08
2.7772322e-08
2.7772322e-08
2.7772322e-08
2.7772322e-08
2.7772322e-08
2.7772322e-08
2.7772322e-08
2.7772322e-08
2.7772322e-08
2.7772322e-08
2.7772322e-08
2.7772322e-08
2.7772322e-08
2.7772322e-08
2.7772322e-08
2.7772322e-08
2.7772322e-08
2.7772322e-08
2.7772322e-08
2.7772322e-08
2.7772322e-08
2.7772322e-08
2.7772322e-08
2.7772322e-08
2.7772322e-08
2.7772322e-08
2.7772322e-08
2.7772322e-08
2.7772322e-08
2.7772322e-08
2.7772322e-08
2.7772322e-08
2.7772322e-08
2.7772322e-08
2.7772322e-08
2.7772322e-08
2.7772322e-08
2.7772322e-08
2.7772322e-08
2.7772322e-08
2.7772322e-08
2.7772322e-08
2.7772322e-08
2.7772322e-08
2.7772322e-08
2.7772322e-08
2.7772322e-08
2.7772322e-08
2.7772322e-08
2.7772322e-08
2.7772322e-08
2.7772322e-08
2.7772322e-08
2.7772322e-08
2.7772322e-08
2.7772322e-08
2.7772322e-08
2.7772322e-08
2.7772322e-08
2.7772322e-08
2.7772322e-08
2.7772322e-08
2.7772322e-08
2.7772322e-08
2.7772322e-08
2.7772322e-08
2.7772322e-08
2.7772322e-08
2.7772322e-08
2.7772322e-08
2.7772322e-08
2.7772322e-08
2.7772322e-08
2.7772322e-08
2.7772322e-08
2.7772322e-08
2.7772322e-08
2.7772322e-08
2.7772316e-08
2.7772318e-08
2.777232e-08
2.7772321e-08
2.7772321e-08
2.7772321e-08
2.7772321e-08
2.7772322e-08
2.7772322e-08
2.7772322e-08
2.7772322e-08
2.7772322e-08
2.7772322e-08
2.777232e-08
2.7772314e-08
2.777232e-08
2.7772314e-08
2.777232e-08
2.7772314e-08
2.777232e-08
2.7772314e-08
2.777232e-08
2.7772314e-08
2.777232e-08
2.7772314e-08
2.777232e-08
2.7772314e-08
2.777232e-08
2.7772314e-08
2.777232e-08
2.7772314e-08
2.777232e-08
2.7772314e-08
2.777232e-08
2.7772314e-08
2.777232e-08
2.7772314e-08
2.777232e-08
2.7772314e-08
2.777232e-08
2.7772314e-08
2.7772314e-08
2.777232e-08
2.7772314e-08
2.777232e-08
2.7772314e-08
2.777232e-08
2.7772314e-08
2.777232e-08
2.7772314e-08
2.777232e-08
2.7772314e-08
2.777232e-08
2.7772314e-08
2.777232e-08
2.7772314e-08
2.777232e-08
2.7772314e-08
2.777232e-08
2.7772314e-08
2.777232e-08
2.7772314e-08
2.777232e-08
2.7772314e-08
2.777232e-08
2.7772314e-08
2.777232e-08
2.7772314e-08
2.777232e-08
2.7772314e-08
2.7772314e-08
2.7772314e-08
2.7772314e-08
2.7772314e-08
2.7772314e-08
2.7772314e-08
2.7772314e-08
2.7772314e-08
2.7772314e-08
2.7772314e-08
2.7772314e-08
2.777232e-08
2.7772314e-08
2.777232e-08
2.7772314e-08
2.7772314e-08
2.7772314e-08
2.7772314e-08
2.7772314e-08
2.7772314e-08
2.7772314e-08
2.7772314e-08
2.7772314e-08
2.7772314e-08
2.7772314e-08
2.7772314e-08
2.7772314e-08
2.7772314e-08
2.7772314e-08
2.777232e-08
2.777232e-08
2.777232e-08
2.777232e-08
2.777232e-08
2.777232e-08
2.777232e-08
2.777232e-08
2.777232e-08
2.777232e-08
2.777232e-08
2.777232e-08
2.777232e-08
2.777232e-08
2.777232e-08
2.7772315e-08
2.777232e-08
2.7772315e-08
2.777232e-08
2.7772315e-08
2.777232e-08
2.7772315e-08
2.777232e-08
2.7772315e-08
2.777232e-08
2.7772315e-08
2.777232e-08
2.7772314e-08
2.777232e-08
2.7772314e-08
2.777232e-08
2.7772314e-08
2.777232e-08
2.7772314e-08
2.777232e-08
2.7772314e-08
2.777232e-08
2.7772314e-08
2.777232e-08
2.7772314e-08
2.777232e-08
2.7772314e-08
2.7772316e-08
2.7772316e-08
2.7772316e-08
2.7772316e-08
2.7772316e-08
2.7772316e-08
2.7772316e-08
2.7772316e-08
2.7772316e-08
2.7772316e-08
2.7772316e-08
2.7772319e-08
2.7772319e-08
2.7772319e-08
2.7772319e-08
2.7772319e-08
2.7772319e-08
2.7772319e-08
2.7772319e-08
2.7772319e-08
2.7772319e-08
2.7772319e-08
2.7772319e-08
2.7772319e-08
2.7772319e-08
2.777232e-08
2.777232e-08
2.777232e-08
2.777232e-08
2.777232e-08
2.777232e-08
2.777232e-08
2.777232e-08
2.777232e-08
2.777232e-08
2.777232e-08
2.777232e-08
2.777232e-08
2.777232e-08
2.7772321e-08
2.7772321e-08
2.7772321e-08
2.7772321e-08
2.7772321e-08
2.7772321e-08
2.7772321e-08
2.7772321e-08
2.7772321e-08
2.7772321e-08
2.7772321e-08
2.7772321e-08
2.7772321e-08
2.7772321e-08
2.7772321e-08
2.7772321e-08
2.7772321e-08
2.7772321e-08
2.7772321e-08
2.7772321e-08
2.7772321e-08
2.7772321e-08
2.7772321e-08
2.7772321e-08
2.7772321e-08
2.7772321e-08
2.7772321e-08
2.7772321e-08
2.7772321e-08
2.7772321e-08
2.7772321e-08
2.7772321e-08
2.7772321e-08
2.7772321e-08
2.7772321e-08
2.7772321e-08
2.7772321e-08
2.7772321e-08
2.7772321e-08
2.7772321e-08
2.7772321e-08
2.7772321e-08
2.7772322e-08
2.7772322e-08
2.7772322e-08
2.7772322e-08
2.7772322e-08
2.7772322e-08
2.7772322e-08
2.7772322e-08
2.7772322e-08
2.7772322e-08
2.7772322e-08
2.7772322e-08
2.7772322e-08
2.7772322e-08
2.7772322e-08
2.7772322e-08
2.7772322e-08
2.7772322e-08
2.7772322e-08
2.7772322e-08
2.7772322e-08
2.7772322e-08
2.7772322e-08
2.7772322e-08
2.7772322e-08
2.7772322e-08
2.7772322e-08
2.7772322e-08
2.7772322e-08
2.7772322e-08
2.7772322e-08
2.7772322e-08
2.7772322e-08
2.7772322e-08
2.7772322e-08
2.7772322e-08
2.7772322e-08
2.7772322e-08
2.7772322e-08
2.7772322e-08
2.7772322e-08
2.7772322e-08
2.7772322e-08
2.7772322e-08
2.7772322e-08
2.7772322e-08
2.7772322e-08
2.7772322e-08
2.7772322e-08
2.7772322e-08
2.7772322e-08
2.7772322e-08
2.7772322e-08
2.7772322e-08
2.7772322e-08
2.7772322e-08
2.7772322e-08
2.7772322e-08
2.7772322e-08
2.7772322e-08
2.7772322e-08
2.7772322e-08
2.7772322e-08
2.7772322e-08
2.7772322e-08
2.7772322e-08
2.7772322e-08
2.7772322e-08
2.7772322e-08
2.7772322e-08
2.7772322e-08
2.7772322e-08
2.7772322e-08
2.7772322e-08
2.7772322e-08
2.7772322e-08
2.7772322e-08
2.7772322e-08
2.7772322e-08
2.7772322e-08
2.7772322e-08
2.7772322e-08
2.7772322e-08
2.7772322e-08
2.7772322e-08
2.7772322e-08
2.7772322e-08
2.7772322e-08
2.7772322e-08
2.7772322e-08
2.7772322e-08
2.7772322e-08
2.7772322e-08
2.7772322e-08
2.7772322e-08
2.7772322e-08
2.7772322e-08
2.7772322e-08
2.7772322e-08
2.7772322e-08
2.7772322e-08
2.7772322e-08
2.7772322e-08
2.7772322e-08
2.7772322e-08
2.7772321e-08
2.7772321e-08
2.7772321e-08
2.777232e-08
2.7772319e-08
2.7772316e-08
2.7772322e-08
2.7772322e-08
2.7772322e-08
2.7772322e-08
2.7772322e-08
2.7772322e-08
2.7772322e-08
2.7772321e-08
2.7772321e-08
2.7772321e-08
2.777232e-08
2.7772319e-08
2.7772316e-08
2.7772322e-08
2.7772322e-08
2.7772322e-08
2.7772322e-08
2.7772322e-08
2.7772322e-08
2.7772322e-08
2.7772321e-08
2.7772321e-08
2.7772321e-08
2.777232e-08
2.7772319e-08
2.7772316e-08
2.7772322e-08
2.7772322e-08
2.7772322e-08
2.7772322e-08
2.7772322e-08
2.7772322e-08
2.7772322e-08
2.7772321e-08
2.7772321e-08
2.7772321e-08
2.777232e-08
2.7772319e-08
2.7772316e-08
2.7772306e-08
2.7772322e-08
2.7772322e-08
2.7772322e-08
2.7772322e-08
2.7772322e-08
2.7772322e-08
2.7772322e-08
2.7772321e-08
2.7772321e-08
2.7772321e-08
2.777232e-08
2.7772319e-08
2.7772316e-08
2.7772307e-08
2.7772322e-08
2.7772322e-08
2.7772322e-08
2.7772322e-08
2.7772322e-08
2.7772322e-08
2.7772322e-08
2.7772321e-08
2.7772321e-08
2.7772321e-08
2.777232e-08
2.7772319e-08
2.7772316e-08
2.7772307e-08
2.7772322e-08
2.7772322e-08
2.7772322e-08
2.7772322e-08
2.7772322e-08
2.7772322e-08
2.7772322e-08
2.7772321e-08
2.7772321e-08
2.7772321e-08
2.777232e-08
2.7772319e-08
2.7772316e-08
2.7772307e-08
2.7772322e-08
2.7772322e-08
2.7772322e-08
2.7772322e-08
2.7772322e-08
2.7772322e-08
2.7772322e-08
2.7772321e-08
2.7772321e-08
2.7772321e-08
2.777232e-08
2.7772319e-08
2.7772316e-08
2.7772307e-08
2.7772322e-08
2.7772322e-08
2.7772322e-08
2.7772322e-08
2.7772322e-08
2.7772322e-08
2.7772322e-08
2.7772321e-08
2.7772321e-08
2.7772321e-08
2.777232e-08
2.7772319e-08
2.7772316e-08
2.7772308e-08
2.7772322e-08
2.7772322e-08
2.7772322e-08
2.7772322e-08
2.7772322e-08
2.7772322e-08
2.7772322e-08
2.7772321e-08
2.7772321e-08
2.7772321e-08
2.777232e-08
2.7772319e-08
2.7772317e-08
2.7772308e-08
2.7772322e-08
2.7772322e-08
2.7772322e-08
2.7772322e-08
2.7772322e-08
2.7772322e-08
2.7772322e-08
2.7772321e-08
2.7772321e-08
2.7772321e-08
2.777232e-08
2.7772319e-08
2.7772317e-08
2.7772308e-08
2.7772322e-08
2.7772322e-08
2.7772322e-08
2.7772322e-08
2.7772322e-08
2.7772322e-08
2.7772322e-08
2.7772321e-08
2.7772321e-08
2.7772321e-08
2.777232e-08
2.7772319e-08
2.7772317e-08
2.7772308e-08
2.7772322e-08
2.7772322e-08
2.7772322e-08
2.7772322e-08
2.7772322e-08
2.7772322e-08
2.7772322e-08
2.7772321e-08
2.7772321e-08
2.7772321e-08
2.777232e-08
2.7772319e-08
2.7772317e-08
2.7772308e-08
2.7772322e-08
2.7772322e-08
2.7772322e-08
2.7772322e-08
2.7772322e-08
2.7772322e-08
2.7772322e-08
2.7772321e-08
2.7772321e-08
2.7772321e-08
2.777232e-08
2.7772319e-08
2.7772317e-08
2.7772309e-08
2.7772317e-08
2.7772319e-08
2.777232e-08
2.7772321e-08
2.7772321e-08
2.7772321e-08
2.7772322e-08
2.7772322e-08
2.7772322e-08
2.7772322e-08
2.7772322e-08
2.7772322e-08
2.7772322e-08
)
;

boundaryField
{
    Side
    {
        type            empty;
    }
    Inlet
    {
        type            inletOutlet;
        inletValue      uniform 3.9592226e-07;
        value           nonuniform List<scalar> 
82
(
3.9592226e-07
3.9592226e-07
3.9592226e-07
3.9592226e-07
2.7772322e-08
2.7772322e-08
2.7772322e-08
2.7772322e-08
2.7772322e-08
2.7772322e-08
2.7772322e-08
2.7772322e-08
2.7772322e-08
2.7772322e-08
2.7772322e-08
2.7772322e-08
2.7772322e-08
2.7772322e-08
2.7772322e-08
2.7772322e-08
2.7772322e-08
2.7772322e-08
2.7772322e-08
2.7772322e-08
2.7772322e-08
2.7772322e-08
2.7772322e-08
2.7772322e-08
2.7772322e-08
2.7772322e-08
2.7772322e-08
2.7772322e-08
2.7772322e-08
2.7772322e-08
2.7772322e-08
2.7772322e-08
2.7772322e-08
2.7772322e-08
2.7772322e-08
2.7772322e-08
3.9592226e-07
3.9592226e-07
3.9592226e-07
3.9592226e-07
3.9592226e-07
3.9592226e-07
3.9592226e-07
3.9592226e-07
3.9592226e-07
3.9592226e-07
3.9592226e-07
3.9592226e-07
3.9592226e-07
3.9592226e-07
2.7772322e-08
2.7772322e-08
2.7772322e-08
2.7772322e-08
2.7772322e-08
2.7772322e-08
2.7772322e-08
2.7772322e-08
2.7772322e-08
2.7772322e-08
2.7772322e-08
2.7772322e-08
2.7772322e-08
2.7772322e-08
2.7772322e-08
2.7772322e-08
2.7772322e-08
2.7772322e-08
2.7772322e-08
2.7772322e-08
2.7772322e-08
2.7772322e-08
2.7772322e-08
2.7772322e-08
2.7772322e-08
2.7772322e-08
2.7772322e-08
2.7772322e-08
)
;
    }
    Airfoil
    {
        type            nutUSpaldingWallFunction;
        value           nonuniform List<scalar> 0();
    }
    Outlet
    {
        type            zeroGradient;
    }
    Flap
    {
        type            nutUSpaldingWallFunction;
        value           nonuniform List<scalar> 0();
    }
    procBoundary6to5
    {
        type            processor;
        value           nonuniform List<scalar> 
188
(
2.777223e-08
2.777223e-08
2.7772229e-08
2.7772229e-08
2.7772228e-08
2.7772228e-08
2.7772227e-08
2.7772227e-08
2.7772226e-08
2.7772226e-08
2.7772225e-08
2.7772225e-08
2.7772224e-08
2.7772224e-08
2.7772235e-08
2.7772242e-08
2.7772249e-08
2.7772256e-08
2.7772256e-08
2.7772255e-08
2.7772261e-08
2.7772267e-08
2.7772272e-08
2.7772272e-08
2.7772274e-08
2.7772278e-08
2.7772282e-08
2.7772282e-08
2.7772284e-08
2.7772288e-08
2.7772288e-08
2.7772287e-08
2.7772288e-08
2.7772289e-08
2.777229e-08
2.777229e-08
2.7772209e-08
2.777221e-08
2.7772212e-08
2.7772213e-08
2.7772224e-08
2.7772224e-08
2.7772225e-08
2.7772225e-08
2.7772226e-08
2.7772226e-08
2.7772227e-08
2.7772227e-08
2.7772228e-08
2.7772229e-08
2.7772229e-08
2.7772214e-08
2.7772214e-08
2.7772214e-08
2.7772214e-08
2.7772214e-08
2.7772215e-08
2.7772215e-08
2.7772215e-08
2.7772215e-08
2.7772215e-08
2.7772215e-08
2.7772216e-08
2.7772216e-08
2.7772216e-08
2.7772217e-08
2.7772217e-08
2.7772217e-08
2.7772217e-08
2.7772217e-08
2.7772217e-08
2.7772217e-08
2.7772217e-08
2.7772217e-08
2.7772216e-08
2.7772216e-08
2.7772216e-08
2.7772216e-08
2.7772216e-08
2.777225e-08
2.7772218e-08
2.777222e-08
2.7772222e-08
2.7772224e-08
2.7772227e-08
2.777223e-08
2.7772234e-08
2.7772237e-08
2.7772241e-08
2.7772245e-08
2.7772248e-08
2.7772252e-08
2.7772255e-08
2.7772258e-08
2.7772258e-08
2.7772322e-08
2.7772322e-08
2.7772322e-08
2.7772322e-08
2.7772322e-08
2.7772322e-08
2.7772322e-08
2.7772322e-08
2.7772322e-08
2.7772319e-08
2.7772319e-08
2.7772319e-08
2.7772319e-08
2.7772319e-08
2.7772319e-08
2.777232e-08
2.777232e-08
2.777232e-08
2.777232e-08
2.777232e-08
2.777232e-08
2.777232e-08
2.777232e-08
2.777232e-08
2.7772319e-08
2.7772319e-08
2.7772319e-08
2.7772319e-08
2.7772319e-08
2.7772319e-08
2.7772316e-08
2.7772316e-08
2.7772316e-08
2.7772316e-08
2.7772316e-08
2.7772316e-08
2.7772316e-08
2.7772316e-08
2.7772316e-08
2.7772322e-08
2.7772322e-08
2.7772322e-08
2.7772322e-08
2.7772322e-08
2.7772322e-08
2.7772322e-08
2.7772322e-08
2.7772322e-08
2.7772322e-08
2.7772321e-08
2.7772321e-08
2.7772321e-08
2.7772321e-08
2.7772321e-08
2.7772321e-08
2.7772321e-08
2.777232e-08
2.7772293e-08
2.7772293e-08
2.7772291e-08
2.7772313e-08
2.7772313e-08
2.7772318e-08
2.7772318e-08
2.777232e-08
2.777232e-08
2.7772321e-08
2.7772321e-08
2.7772321e-08
2.7772321e-08
2.7772321e-08
2.7772321e-08
2.7772322e-08
2.7772322e-08
2.7772305e-08
2.7772305e-08
2.7772305e-08
2.7772305e-08
2.7772305e-08
2.7772305e-08
2.7772305e-08
2.7772305e-08
2.7772306e-08
2.7772306e-08
2.7772306e-08
2.7772316e-08
2.7772316e-08
2.7772316e-08
2.7772316e-08
2.7772306e-08
2.7772306e-08
2.7772306e-08
2.7772306e-08
)
;
    }
    procBoundary6to7
    {
        type            processor;
        value           nonuniform List<scalar> 
120
(
2.777232e-08
2.777232e-08
2.777232e-08
2.777232e-08
2.777232e-08
2.777232e-08
2.777232e-08
2.777232e-08
2.777232e-08
2.777232e-08
2.777232e-08
2.777232e-08
2.777232e-08
2.777232e-08
2.777232e-08
2.777232e-08
2.7772322e-08
2.7772321e-08
2.7772321e-08
2.7772321e-08
2.7772321e-08
2.7772321e-08
2.7772322e-08
2.7772322e-08
2.7772322e-08
2.7772322e-08
2.7772322e-08
2.7772322e-08
2.7772322e-08
2.7772322e-08
2.7772322e-08
2.7772321e-08
2.7772321e-08
2.7772321e-08
2.7772321e-08
2.7772321e-08
2.7772321e-08
2.7772321e-08
2.7772321e-08
2.7772321e-08
2.7772321e-08
2.7772321e-08
2.7772321e-08
2.7772321e-08
2.7772321e-08
2.7772321e-08
2.7772321e-08
2.7772321e-08
2.7772321e-08
2.7772321e-08
2.7772321e-08
2.7772321e-08
2.7772321e-08
2.7772321e-08
2.7772321e-08
2.7772321e-08
2.7772321e-08
2.7772321e-08
2.7772321e-08
2.7772321e-08
2.777232e-08
2.777232e-08
2.777232e-08
2.777232e-08
2.777232e-08
2.777232e-08
2.777232e-08
2.777232e-08
2.777232e-08
2.777232e-08
2.777232e-08
2.777232e-08
2.777232e-08
2.777232e-08
2.7772321e-08
2.7772321e-08
2.7772321e-08
2.7772321e-08
2.7772321e-08
2.7772321e-08
2.7772321e-08
2.7772321e-08
2.7772321e-08
2.7772321e-08
2.7772321e-08
2.7772321e-08
2.7772321e-08
2.7772321e-08
2.7772321e-08
2.7772321e-08
2.7772321e-08
2.7772321e-08
2.7772321e-08
2.7772321e-08
2.7772321e-08
2.7772321e-08
2.7772321e-08
2.7772321e-08
2.7772321e-08
2.7772321e-08
2.7772321e-08
2.7772321e-08
2.7772321e-08
2.7772321e-08
2.7772321e-08
2.7772322e-08
2.7772321e-08
2.7772321e-08
2.7772321e-08
2.7772321e-08
2.7772321e-08
2.7772322e-08
2.7772322e-08
2.7772322e-08
2.7772322e-08
2.7772322e-08
2.7772322e-08
2.7772322e-08
2.7772322e-08
2.7772322e-08
)
;
    }
}


// ************************************************************************* //
