/*--------------------------------*- C++ -*----------------------------------*\
| =========                 |                                                 |
| \\      /  F ield         | OpenFOAM: The Open Source CFD Toolbox           |
|  \\    /   O peration     | Version:  2206                                  |
|   \\  /    A nd           | Website:  www.openfoam.com                      |
|    \\/     M anipulation  |                                                 |
\*---------------------------------------------------------------------------*/
FoamFile
{
    version     2.0;
    format      ascii;
    arch        "LSB;label=32;scalar=64";
    class       volVectorField;
    location    "0.02";
    object      U;
}
// * * * * * * * * * * * * * * * * * * * * * * * * * * * * * * * * * * * * * //

dimensions      [0 1 -1 0 0 0 0];

internalField   nonuniform List<vector> 
1396
(
(0.85671779 0.043699275 0)
(0.85671779 0.043699275 0)
(0.85671779 0.043699275 1.3760633e-21)
(0.85671779 0.043699275 -1.3761122e-21)
(0.85671779 0.043699275 0)
(0.85671779 0.043699275 -6.8810497e-22)
(0.85671779 0.043699275 6.881294e-22)
(0.85671779 0.043699275 0)
(0.85671779 0.043699275 6.8817828e-22)
(0.85671779 0.043699275 -6.8820272e-22)
(0.85671779 0.043699275 0)
(0.85671779 0.043699275 -6.8825161e-22)
(0.85671779 0.043699275 1.3765521e-21)
(0.85671779 0.043699275 -1.3766019e-21)
(0.85671779 0.043699275 0)
(0.85671779 0.043699275 1.4225693e-21)
(0.85671779 0.043699275 -1.4226215e-21)
(0.85671779 0.043699275 0)
(0.85671779 0.043699275 -7.1136298e-22)
(0.85671779 0.043699275 7.113891e-22)
(0.85671779 0.043699275 7.1141521e-22)
(0.85671779 0.043699275 -7.1144133e-22)
(0.85671779 0.043699275 0)
(0.85671779 0.043699275 -7.1149358e-22)
(0.85671779 0.043699275 7.115197e-22)
(0.85671779 0.043699275 -7.1154583e-22)
(0.85671779 0.043699275 -2.665472e-34)
(0.85671779 0.043699275 7.115986e-22)
(0.85671779 0.043699275 -6.1984653e-34)
(0.85671779 0.043699275 -1.4723845e-21)
(0.85671779 0.043699275 0)
(0.85671779 0.043699275 0)
(0.85671779 0.043699275 7.3627615e-22)
(0.85671779 0.043699275 -7.3630413e-22)
(0.85671779 0.043699275 0)
(0.85671779 0.043699275 0)
(0.85671779 0.043699275 -7.3638807e-22)
(0.85671779 0.043699275 7.3641606e-22)
(0.85671779 0.043699275 -7.3644405e-22)
(0.85671779 0.043699275 1.1430722e-34)
(0.85671779 0.043699275 7.3650002e-22)
(0.85671779 0.043699275 0)
(0.85671779 0.043699275 0)
(0.85671779 0.043699275 2.422517e-21)
(0.85671779 0.043699275 -2.422498e-21)
(0.85671779 0.043699275 0)
(0.85671779 0.043699275 0)
(0.85671779 0.043699275 0)
(0.85671779 0.043699275 0)
(0.85671779 0.043699275 1.2112017e-21)
(0.85671779 0.043699275 -1.2111922e-21)
(0.85671779 0.043699275 0)
(0.85671779 0.043699275 3.0279333e-22)
(0.85671779 0.043699275 -3.0279096e-22)
(0.85671779 0.043699275 3.027886e-22)
(0.85671779 0.043699275 -3.027864e-22)
(0.85671779 0.043699275 -6.0742674e-35)
(0.85671779 0.043699275 -1.3858715e-22)
(0.85671779 0.043699275 1.3912101e-22)
(0.85671779 0.043699275 0)
(0.85671779 0.043699275 -7.235092e-23)
(0.85671779 0.043699275 7.2641973e-23)
(0.85671779 0.043699275 -3.0149824e-22)
(0.85671779 0.043699275 1.5138101e-22)
(0.85671779 0.043699275 -1.5201821e-22)
(0.85671779 0.043699275 1.5801223e-22)
(0.85671779 0.043699275 0)
(0.85671779 0.043699275 1.5940712e-22)
(0.85671779 0.043699275 1.6525103e-22)
(0.85671779 0.043699275 1.6601064e-22)
(0.85671779 0.043699275 8.3388631e-23)
(0.85671779 0.043699275 -8.3775504e-23)
(0.85671779 0.043699275 8.7009699e-23)
(0.85671779 0.043699275 0)
(0.85671779 0.043699275 0)
(0.85671779 0.043699275 0)
(0.85671779 0.043699275 -9.1885208e-23)
(0.85671779 0.043699275 9.2355155e-23)
(0.85671779 0.043699275 0)
(0.85671779 0.043699275 0)
(0.85671779 0.043699275 -3.8935816e-22)
(0.85671779 0.043699275 -2.936013e-22)
(0.85671779 0.043699275 9.8400406e-23)
(0.85671779 0.043699275 0)
(0.85671779 0.043699275 -1.0289264e-22)
(0.85671779 0.043699275 6.2089371e-22)
(0.85671779 0.043699275 -2.0815746e-22)
(0.85671779 0.043699275 2.0936418e-22)
(0.85671779 0.043699275 -2.1058497e-22)
(0.85671779 0.043699275 -4.3912417e-22)
(0.85671779 0.043699275 0)
(0.85671779 0.043699275 1.111323e-22)
(0.85671779 0.043699275 -2.2364098e-22)
(0.85671779 0.043699275 1.1251725e-22)
(0.85671779 0.043699275 -3.5297385e-22)
(0.85671779 0.043699275 4.737184e-22)
(0.85671779 0.043699275 2.384229e-22)
(0.85671779 0.043699275 0)
(0.85671779 0.043699275 1.2080652e-22)
(0.85671779 0.043699275 -8.8108336e-22)
(0.85671779 0.043699275 5.0701031e-22)
(0.85671779 0.043699275 2.5529718e-22)
(0.85671779 0.043699275 -3.8567209e-22)
(0.85671779 0.043699275 -1.2947916e-22)
(0.85671779 0.043699275 1.3041429e-22)
(0.85671779 0.043699275 0)
(0.85671779 0.043699275 0)
(0.85671779 0.043699275 1.3842402e-22)
(0.85671779 0.043699275 0)
(0.85671779 0.043699275 0)
(0.85671779 0.043699275 -2.8336463e-22)
(0.85671779 0.043699275 -5.8992803e-22)
(0.85671779 0.043699275 1.3382682e-21)
(0.85671779 0.043699275 -1.1994487e-21)
(0.85671779 0.043699275 4.5355914e-22)
(0.85671779 0.043699275 0)
(0.85671779 0.043699275 1.537611e-22)
(0.85671779 0.043699275 1.5508164e-22)
(0.85671779 0.043699275 1.0633176e-22)
(0.85671779 0.043699275 1.0062014e-35)
(0.85671779 0.043699275 2.7575365e-23)
(0.85671779 0.043699275 8.4299663e-23)
(0.85671779 0.043699275 7.3067795e-22)
(0.85671779 0.043699275 -5.1022765e-22)
(0.85671779 0.043699275 1.8849662e-22)
(0.85671779 0.043699275 2.394398e-22)
(0.85671779 0.043699275 9.7353866e-23)
(0.85671779 0.043699275 -1.9796936e-22)
(0.85671779 0.043699275 -5.0335528e-23)
(0.85671779 0.043699275 1.9329762e-37)
(0.85671779 0.043699275 5.2111139e-23)
(0.85671779 0.043699275 -5.4535604e-36)
(0.85671779 0.043699275 -1.0803321e-22)
(0.85671779 0.043699275 1.1004512e-22)
(0.85671779 0.043699275 -8.4100051e-23)
(0.85671779 0.043699275 -8.5726838e-23)
(0.85671779 0.043699275 3.7034904e-22)
(0.85671779 0.043699275 -4.2327493e-22)
(0.85671779 0.043699275 2.3895649e-23)
(0.85671779 0.043699275 0)
(0.85671779 0.043699275 1.4816729e-22)
(0.85671779 0.043699275 -1.5068623e-22)
(0.85671779 0.043699275 2.5548716e-23)
(0.85671779 0.043699275 -7.7995045e-23)
(0.85671779 0.043699275 0)
(0.85671779 0.043699275 1.8862776e-22)
(0.85671779 0.043699275 -1.0978998e-22)
(0.85671779 0.043699275 1.3983562e-22)
(0.85671779 0.043699275 -8.552042e-23)
(0.85671779 0.043699275 5.8135445e-23)
(0.85671779 0.043699275 3.7549843e-22)
(0.85671779 0.043699275 -5.723403e-22)
(0.85671779 0.043699275 2.4238801e-23)
(0.85671779 0.043699275 -1.0556345e-34)
(0.85671779 0.043699275 2.0048964e-22)
(0.85671779 0.043699275 0)
(0.85671779 0.043699275 2.5941378e-23)
(0.85671779 0.043699275 2.6405062e-23)
(0.85671779 0.043699275 0)
(0.85671779 0.043699275 8.2152012e-23)
(0.85671779 0.043699275 -1.6740725e-22)
(0.85671779 0.043699275 2.8438326e-23)
(0.85671779 0.043699275 -2.899653e-23)
(0.85671779 0.043699275 -9.7526353e-36)
(0.85671779 0.043699275 -6.7035112e-23)
(0.85671779 0.043699275 1.6125692e-22)
(0.85671779 0.043699275 -1.2122355e-22)
(0.85671779 0.043699275 -2.2951081e-22)
(0.85671779 0.043699275 9.4228567e-36)
(0.85671779 0.043699275 2.0345671e-22)
(0.85671779 0.043699275 0)
(0.85671779 0.043699275 -1.3627518e-23)
(0.85671779 0.043699275 4.2344798e-22)
(0.85671779 0.043699275 -4.244476e-22)
(0.85671779 0.043699275 4.2545195e-22)
(0.85671779 0.043699275 2.227677e-34)
(0.85671779 0.043699275 -4.4126448e-22)
(0.85671779 0.043699275 -4.2849356e-22)
(0.85671779 0.043699275 -6.2310353e-23)
(0.85671779 0.043699275 1.6655846e-22)
(0.85671779 0.043699275 -6.9565837e-24)
(0.85671779 0.043699275 -3.4169226e-22)
(0.85671779 0.043699275 2.3067395e-22)
(0.85671779 0.043699275 -7.0070091e-24)
(0.85671779 0.043699275 7.0239804e-24)
(0.85671779 0.043699275 4.4358516e-22)
(0.85671779 0.043699275 -4.5878112e-22)
(0.85671779 0.043699275 0)
(0.85671779 0.043699275 -7.092696e-24)
(0.85671779 0.043699275 0)
(0.85671779 0.043699275 -4.6329143e-22)
(0.85671779 0.043699275 8.9099826e-35)
(0.85671779 0.043699275 7.1581453e-24)
(0.85671779 0.043699275 -3.5879261e-24)
(0.85671779 0.043699275 7.1936523e-24)
(0.85671779 0.043699275 2.3437507e-22)
(0.85671779 0.043699275 -4.6991872e-22)
(0.85671779 0.043699275 2.4279415e-22)
(0.85671779 0.043699275 -1.0898617e-23)
(0.85671779 0.043699275 -4.5889165e-22)
(0.85671779 0.043699275 9.4200129e-22)
(0.85671779 0.043699275 -4.6486886e-22)
(0.85671779 0.043699275 -4.6604536e-22)
(0.85671779 0.043699275 4.7090676e-22)
(0.85671779 0.043699275 1.1064951e-23)
(0.85671779 0.043699275 3.6977223e-24)
(0.85671779 0.043699275 -5.9275191e-23)
(0.85671779 0.043699275 1.8199512e-22)
(0.85671779 0.043699275 -1.1915918e-22)
(0.85671779 0.043699275 2.4266527e-22)
(0.85671779 0.043699275 -4.7909744e-22)
(0.85671779 0.043699275 2.3641604e-22)
(0.85671779 0.043699275 3.7623726e-24)
(0.85671779 0.043699275 -4.8283652e-22)
(0.85671779 0.043699275 4.8409589e-22)
(0.85671779 0.043699275 -3.7918894e-24)
(0.85671779 0.043699275 3.8018315e-24)
(0.85671779 0.043699275 -4.8791371e-22)
(0.85671779 0.043699275 -3.821873e-24)
(0.85671779 0.043699275 -3.8319729e-24)
(0.85671779 0.043699275 -2.567239e-22)
(0.85671779 0.043699275 -2.7165717e-22)
(0.85671779 0.043699275 -2.8843505e-22)
(0.85671779 0.043699275 -3.0742177e-22)
(0.85671779 0.043699275 0)
(0.85671779 0.043699275 2.7167937e-22)
(0.85671779 0.043699275 0)
(0.85671779 0.043699275 3.0745008e-22)
(0.85671779 0.043699275 0)
(0.85671779 0.043699275 1.3585111e-22)
(0.85671779 0.043699275 0)
(0.85671779 0.043699275 -1.5373968e-22)
(0.85671779 0.043699275 0)
(0.85671779 0.043699275 -1.3586254e-22)
(0.85671779 0.043699275 0)
(0.85671779 0.043699275 -7.6877159e-23)
(0.85671779 0.043699275 0)
(0.85671779 0.043699275 0)
(0.85671779 0.043699275 0)
(0.85671779 0.043699275 -1.1532671e-22)
(0.85671779 0.043699275 0)
(0.85671779 0.043699275 0)
(0.85671779 0.043699275 0)
(0.85671779 0.043699275 -1.153377e-22)
(0.85671779 0.043699275 0)
(0.85671779 0.043699275 -1.3589684e-22)
(0.85671779 0.043699275 0)
(0.85671779 0.043699275 3.0759648e-22)
(0.85671779 0.043699275 0)
(0.85671779 0.043699275 1.3590828e-22)
(0.85671779 0.043699275 0)
(0.85671779 0.043699275 -1.5381289e-22)
(0.85671779 0.043699275 0)
(0.85671779 0.043699275 0)
(0.85671779 0.043699275 0)
(0.85671779 0.043699275 0)
(0.85671779 0.043699275 0)
(0.85671779 0.043699275 0)
(0.85671779 0.043699275 0)
(0.85671779 0.043699275 6.1536878e-22)
(0.85671779 0.043699275 0)
(0.85671779 0.043699275 0)
(0.85671779 0.043699275 0)
(0.85671779 0.043699275 -1.2308548e-21)
(0.85671779 0.043699275 0)
(0.85671779 0.043699275 0)
(0.85671779 0.043699275 0)
(0.85671779 0.043699275 1.2309721e-21)
(0.85671779 0.043699275 0)
(0.85671779 0.043699275 0)
(0.85671779 0.043699275 0)
(0.85671779 0.043699275 -1.2310894e-21)
(0.85671779 0.043699275 5.1397787e-22)
(0.85671779 0.043699275 0)
(0.85671779 0.043699275 5.7753926e-22)
(0.85671779 0.043699275 1.2312076e-21)
(0.85671779 0.043699275 3.3189143e-23)
(0.85671779 0.043699275 -6.6751007e-23)
(0.85671779 0.043699275 6.7127939e-23)
(0.85671779 0.043699275 -3.3754575e-23)
(0.85671779 0.043699275 3.3947357e-23)
(0.85671779 0.043699275 0)
(0.85671779 0.043699275 0)
(0.85671779 0.043699275 0)
(0.85671779 0.043699275 -3.4741021e-23)
(0.85671779 0.043699275 3.4945271e-23)
(0.85671779 0.043699275 2.8121549e-22)
(0.85671779 0.043699275 -3.1824953e-22)
(0.85671779 0.043699275 0)
(0.85671779 0.043699275 0)
(0.85671779 0.043699275 3.2642168e-23)
(0.85671779 0.043699275 0)
(0.85671779 0.043699275 -1.3201869e-22)
(0.85671779 0.043699275 1.4724121e-35)
(0.85671779 0.043699275 1.3350128e-22)
(0.85671779 0.043699275 0)
(0.85671779 0.043699275 -1.3501754e-22)
(0.85671779 0.043699275 1.3578866e-22)
(0.85671779 0.043699275 0)
(0.85671779 0.043699275 0)
(0.85671779 0.043699275 0)
(0.85671779 0.043699275 0)
(0.85671779 0.043699275 0)
(0.85671779 0.043699275 2.8121385e-22)
(0.85671779 0.043699275 0)
(0.85671779 0.043699275 0)
(0.85671779 0.043699275 -1.2985485e-22)
(0.85671779 0.043699275 1.3872847e-22)
(0.85671779 0.043699275 -8.2055605e-24)
(0.85671779 0.043699275 8.2511231e-24)
(0.85671779 0.043699275 -8.2971947e-24)
(0.85671779 0.043699275 0)
(0.85671779 0.043699275 8.3908988e-24)
(0.85671779 0.043699275 -2.7847212e-22)
(0.85671779 0.043699275 8.4867434e-24)
(0.85671779 0.043699275 2.7313573e-22)
(0.85671779 0.043699275 -8.5848032e-24)
(0.85671779 0.043699275 0)
(0.85671779 0.043699275 3.1600579e-23)
(0.85671779 0.043699275 0)
(0.85671779 0.043699275 0)
(0.85671779 0.043699275 -8.0281899e-24)
(0.85671779 0.043699275 8.0717991e-24)
(0.85671779 0.043699275 -1.3797004e-22)
(0.85671779 0.043699275 2.6929498e-22)
(0.85671779 0.043699275 -1.3128825e-22)
(0.85671779 0.043699275 -8.2510781e-24)
(0.85671779 0.043699275 8.2971493e-24)
(0.85671779 0.043699275 -8.3437378e-24)
(0.85671779 0.043699275 0)
(0.85671779 0.043699275 2.7847056e-22)
(0.85671779 0.043699275 -2.3348781e-34)
(0.85671779 0.043699275 -1.2995732e-21)
(0.85671779 0.043699275 0)
(0.85671779 0.043699275 0)
(0.85671779 0.043699275 1.4681361e-21)
(0.85671779 0.043699275 0)
(0.85671779 0.043699275 0)
(0.85671779 0.043699275 0)
(0.85671779 0.043699275 -1.4681358e-21)
(0.85671779 0.043699275 0)
(0.85671779 0.043699275 0)
(0.85671779 0.043699275 -6.3065492e-24)
(0.85671779 0.043699275 9.2739603e-37)
(0.85671779 0.043699275 0)
(0.85671779 0.043699275 6.299904e-24)
(0.85671779 0.043699275 -1.2595383e-23)
(0.85671779 0.043699275 -1.288685e-20)
(0.85671779 0.043699275 3.6437156e-33)
(0.85671779 0.043699275 5.2521094e-33)
(0.85671779 0.043699275 -2.6448418e-20)
(0.85671779 0.043699275 1.3212995e-20)
(0.85671779 0.043699275 1.3214693e-20)
(0.85671779 0.043699275 -1.3222842e-20)
(0.85671779 0.043699275 1.3205193e-20)
(0.85671779 0.043699275 -1.3200446e-20)
(0.85671779 0.043699275 1.3195705e-20)
(0.85671779 0.043699275 -1.3184526e-20)
(0.85671779 0.043699275 -1.3179792e-20)
(0.85671779 0.043699275 1.31815e-20)
(0.85671779 0.043699275 7.0224229e-36)
(0.85671779 0.043699275 0)
(0.85671779 0.043699275 1.3527736e-20)
(0.85671779 0.043699275 -1.3526056e-20)
(0.85671779 0.043699275 -6.6004776e-24)
(0.85671779 0.043699275 1.3522703e-20)
(0.85671779 0.043699275 -1.3507836e-20)
(0.85671779 0.043699275 1.3509464e-20)
(0.85671779 0.043699275 -1.3491319e-20)
(0.85671779 0.043699275 0)
(0.85671779 0.043699275 0)
(0.85671779 0.043699275 0)
(0.85671779 0.043699275 -1.3484679e-20)
(0.85671779 0.043699275 1.3473155e-20)
(0.85671779 0.043699275 -1.346164e-20)
(0.85671779 0.043699275 1.3463277e-20)
(0.85671779 0.043699275 3.3777082e-24)
(0.85671779 0.043699275 3.3764367e-24)
(0.85671779 0.043699275 -1.3824677e-20)
(0.85671779 0.043699275 -3.3738957e-24)
(0.85671779 0.043699275 0)
(0.85671779 0.043699275 1.3809087e-20)
(0.85671779 0.043699275 2.2865504e-33)
(0.85671779 0.043699275 -1.3795342e-20)
(0.85671779 0.043699275 0)
(0.85671779 0.043699275 3.3662968e-24)
(0.85671779 0.043699275 -3.365034e-24)
(0.85671779 0.043699275 1.3781372e-20)
(0.85671779 0.043699275 -1.3772845e-20)
(0.85671779 0.043699275 -1.376768e-20)
(0.85671779 0.043699275 -1.4163656e-20)
(0.85671779 0.043699275 1.4147833e-20)
(0.85671779 0.043699275 3.4535734e-24)
(0.85671779 0.043699275 3.452244e-24)
(0.85671779 0.043699275 -3.4509154e-24)
(0.85671779 0.043699275 3.4495884e-24)
(0.85671779 0.043699275 0)
(0.85671779 0.043699275 -3.4469362e-24)
(0.85671779 0.043699275 3.4456123e-24)
(0.85671779 0.043699275 -1.411125e-20)
(0.85671779 0.043699275 1.4105834e-20)
(0.85671779 0.043699275 -3.441645e-24)
(0.85671779 0.043699275 3.440325e-24)
(0.85671779 0.043699275 0)
(0.85671779 0.043699275 1.4493704e-20)
(0.85671779 0.043699275 -2.8975969e-20)
(0.85671779 0.043699275 1.4478737e-20)
(0.85671779 0.043699275 -7.0686353e-24)
(0.85671779 0.043699275 3.5329249e-24)
(0.85671779 0.043699275 -3.531534e-24)
(0.85671779 0.043699275 -1.4462999e-20)
(0.85671779 0.043699275 2.890403e-20)
(0.85671779 0.043699275 -2.8899717e-20)
(0.85671779 0.043699275 1.4438888e-20)
(0.85671779 0.043699275 0)
(0.85671779 0.043699275 -3.5232095e-24)
(0.85671779 0.043699275 -3.5218259e-24)
(0.85671779 0.043699275 -3.5204434e-24)
(0.85671779 0.043699275 3.6247793e-24)
(0.85671779 0.043699275 3.6233142e-24)
(0.85671779 0.043699275 -1.48351e-20)
(0.85671779 0.043699275 1.4832733e-20)
(0.85671779 0.043699275 -1.4823127e-20)
(0.85671779 0.043699275 0)
(0.85671779 0.043699275 3.616009e-24)
(0.85671779 0.043699275 3.6145519e-24)
(0.85671779 0.043699275 0)
(0.85671779 0.043699275 1.8058203e-24)
(0.85671779 0.043699275 0)
(0.85671779 0.043699275 1.4783178e-20)
(0.85671779 0.043699275 -1.4775428e-20)
(0.85671779 0.043699275 3.605832e-24)
(0.85671779 0.043699275 1.5218151e-20)
(0.85671779 0.043699275 -1.5213705e-20)
(0.85671779 0.043699275 0)
(0.85671779 0.043699275 -1.8553783e-24)
(0.85671779 0.043699275 0)
(0.85671779 0.043699275 0)
(0.85671779 0.043699275 1.5180414e-20)
(0.85671779 0.043699275 -1.5172291e-20)
(0.85671779 0.043699275 -1.5167879e-20)
(0.85671779 0.043699275 3.7015666e-24)
(0.85671779 0.043699275 1.5155361e-20)
(0.85671779 0.043699275 3.6985134e-24)
(0.85671779 0.043699275 -1.8484946e-24)
(0.85671779 0.043699275 1.8477327e-24)
(0.85671779 0.043699275 -3.1217413e-20)
(0.85671779 0.043699275 3.1205101e-20)
(0.85671779 0.043699275 -3.2099968e-33)
(0.85671779 0.043699275 -1.5587407e-20)
(0.85671779 0.043699275 0)
(0.85671779 0.043699275 -9.5063096e-25)
(0.85671779 0.043699275 0)
(0.85671779 0.043699275 -9.4982536e-25)
(0.85671779 0.043699275 0)
(0.85671779 0.043699275 -2.847064e-24)
(0.85671779 0.043699275 -1.5542187e-20)
(0.85671779 0.043699275 1.5533717e-20)
(0.85671779 0.043699275 9.4781776e-25)
(0.85671779 0.043699275 -1.8948342e-24)
(0.85671779 0.043699275 9.7771195e-25)
(0.85671779 0.043699275 0)
(0.85671779 0.043699275 0)
(0.85671779 0.043699275 9.7643435e-25)
(0.85671779 0.043699275 0)
(0.85671779 0.043699275 9.7558458e-25)
(0.85671779 0.043699275 0)
(0.85671779 0.043699275 1.5969103e-20)
(0.85671779 0.043699275 -1.5963138e-20)
(0.85671779 0.043699275 1.5957178e-20)
(0.85671779 0.043699275 -1.5949276e-20)
(0.85671779 0.043699275 0)
(0.85671779 0.043699275 9.7262188e-25)
(0.85671779 0.043699275 0)
(0.85671779 0.043699275 0)
(0.85671779 0.043699275 -1.6444252e-20)
(0.85671779 0.043699275 1.6436894e-20)
(0.85671779 0.043699275 -1.6429542e-20)
(0.85671779 0.043699275 1.5679779e-33)
(0.85671779 0.043699275 1.641486e-20)
(0.85671779 0.043699275 0)
(0.85671779 0.043699275 0)
(0.85671779 0.043699275 0)
(0.85671779 0.043699275 0)
(0.85671779 0.043699275 1.6378265e-20)
(0.85671779 0.043699275 1.1517764e-32)
(0.85671779 0.043699275 -1.6363671e-20)
(0.85671779 0.043699275 -1.6356385e-20)
(0.85671779 0.043699275 -2.2082277e-32)
(0.85671779 0.043699275 1.4287603e-20)
(0.85671779 0.043699275 -1.4283371e-20)
(0.85671779 0.043699275 1.4279143e-20)
(0.85671779 0.043699275 -1.4274917e-20)
(0.85671779 0.043699275 -2.5920221e-33)
(0.85671779 0.043699275 2.2966502e-33)
(0.85671779 0.043699275 1.4262255e-20)
(0.85671779 0.043699275 0)
(0.85671779 0.043699275 0)
(0.85671779 0.043699275 -1.4249615e-20)
(0.85671779 0.043699275 -2.9163928e-33)
(0.85671779 0.043699275 7.2793434e-33)
(0.85671779 0.043699275 2.8473996e-20)
(0.85671779 0.043699275 -1.3873312e-20)
(0.85671779 0.043699275 2.7736953e-20)
(0.85671779 0.043699275 -2.7728981e-20)
(0.85671779 0.043699275 -1.0294741e-32)
(0.85671779 0.043699275 1.3855678e-20)
(0.85671779 0.043699275 0)
(0.85671779 0.043699275 0)
(0.85671779 0.043699275 -8.4500694e-25)
(0.85671779 0.043699275 1.3840621e-20)
(0.85671779 0.043699275 -2.7673302e-20)
(0.85671779 0.043699275 1.3832682e-20)
(0.85671779 0.043699275 -8.4403794e-25)
(0.85671779 0.043699275 0)
(0.85671779 0.043699275 0)
(0.85671779 0.043699275 -1.3476182e-20)
(0.85671779 0.043699275 2.694648e-20)
(0.85671779 0.043699275 -1.3469477e-20)
(0.85671779 0.043699275 0)
(0.85671779 0.043699275 1.3462779e-20)
(0.85671779 0.043699275 1.0211095e-32)
(0.85671779 0.043699275 -1.345445e-20)
(0.85671779 0.043699275 -1.3449055e-20)
(0.85671779 0.043699275 -8.9574673e-36)
(0.85671779 0.043699275 1.3443201e-20)
(0.85671779 0.043699275 -1.3439453e-20)
(0.85671779 0.043699275 2.6872245e-20)
(0.85671779 0.043699275 -2.6863119e-20)
(0.85671779 0.043699275 1.0644549e-33)
(0.85671779 0.043699275 -1.3101866e-20)
(0.85671779 0.043699275 -2.3270108e-33)
(0.85671779 0.043699275 1.309635e-20)
(0.85671779 0.043699275 1.5982416e-24)
(0.85671779 0.043699275 0)
(0.85671779 0.043699275 0)
(0.85671779 0.043699275 -1.3080546e-20)
(0.85671779 0.043699275 1.3077797e-20)
(0.85671779 0.043699275 -1.307505e-20)
(0.85671779 0.043699275 1.3073103e-20)
(0.85671779 0.043699275 -1.3067966e-20)
(0.85671779 0.043699275 1.5947787e-24)
(0.85671779 0.043699275 1.3060092e-20)
(0.85671779 0.043699275 1.5939152e-24)
(0.85671779 0.043699275 2.9755423e-37)
(0.85671779 0.043699275 0)
(0.85671779 0.043699275 0)
(0.85671779 0.043699275 -3.1103446e-24)
(0.85671779 0.043699275 -1.2736609e-20)
(0.85671779 0.043699275 -1.5543512e-24)
(0.85671779 0.043699275 1.2729885e-20)
(0.85671779 0.043699275 -1.2726527e-20)
(0.85671779 0.043699275 1.2724722e-20)
(0.85671779 0.043699275 -1.2721367e-20)
(0.85671779 0.043699275 1.2714911e-20)
(0.85671779 0.043699275 3.2992724e-36)
(0.85671779 0.043699275 0)
(0.85671779 0.043699275 -1.5510756e-24)
(0.85671779 0.043699275 -1.2416759e-20)
(0.85671779 0.043699275 1.241205e-20)
(0.85671779 0.043699275 0)
(0.85671779 0.043699275 1.240718e-20)
(0.85671779 0.043699275 -1.2399449e-20)
(0.85671779 0.043699275 4.5407543e-24)
(0.85671779 0.043699275 -1.5131959e-24)
(0.85671779 0.043699275 -1.2395942e-20)
(0.85671779 0.043699275 1.2388221e-20)
(0.85671779 0.043699275 -1.2386551e-20)
(0.85671779 0.043699275 1.2384884e-20)
(0.85671779 0.043699275 -1.5112541e-24)
(0.85671779 0.043699275 3.0217326e-24)
(0.85671779 0.043699275 1.237082e-20)
(0.85671779 0.043699275 2.9535035e-24)
(0.85671779 0.043699275 0)
(0.85671779 0.043699275 2.9520229e-24)
(0.85671779 0.043699275 2.951283e-24)
(0.85671779 0.043699275 -2.9505436e-24)
(0.85671779 0.043699275 -1.2088297e-20)
(0.85671779 0.043699275 1.2082323e-20)
(0.85671779 0.043699275 -1.2073401e-20)
(0.85671779 0.043699275 1.2070379e-20)
(0.85671779 0.043699275 2.946852e-24)
(0.85671779 0.043699275 -1.2067286e-20)
(0.85671779 0.043699275 1.2067214e-20)
(0.85671779 0.043699275 -5.8892826e-24)
(0.85671779 0.043699275 5.8878106e-24)
(0.85671779 0.043699275 1.179571e-20)
(0.85671779 0.043699275 0)
(0.85671779 0.043699275 -2.8784043e-24)
(0.85671779 0.043699275 -2.8777007e-24)
(0.85671779 0.043699275 -1.1784183e-20)
(0.85671779 0.043699275 1.178418e-20)
(0.85671779 0.043699275 1.1778428e-20)
(0.85671779 0.043699275 -2.3551104e-20)
(0.85671779 0.043699275 1.1775553e-20)
(0.85671779 0.043699275 -1.1772679e-20)
(0.85671779 0.043699275 1.1766935e-20)
(0.85671779 0.043699275 -2.8720861e-24)
(0.85671779 0.043699275 1.1764068e-20)
(0.85671779 0.043699275 -1.17612e-20)
(0.85671779 0.043699275 -2.8097083e-24)
(0.85671779 0.043699275 0)
(0.85671779 0.043699275 0)
(0.85671779 0.043699275 0)
(0.85671779 0.043699275 -1.1497593e-20)
(0.85671779 0.043699275 2.2989702e-20)
(0.85671779 0.043699275 -1.1494919e-20)
(0.85671779 0.043699275 0)
(0.85671779 0.043699275 -1.1483836e-20)
(0.85671779 0.043699275 1.1483905e-20)
(0.85671779 0.043699275 2.8030205e-24)
(0.85671779 0.043699275 0)
(0.85671779 0.043699275 1.147571e-20)
(0.85671779 0.043699275 -1.1472978e-20)
(0.85671779 0.043699275 -2.7429364e-24)
(0.85671779 0.043699275 -1.1232451e-20)
(0.85671779 0.043699275 1.1227094e-20)
(0.85671779 0.043699275 -2.7410209e-24)
(0.85671779 0.043699275 -1.122735e-20)
(0.85671779 0.043699275 1.1224737e-20)
(0.85671779 0.043699275 2.7391083e-24)
(0.85671779 0.043699275 -2.7384714e-24)
(0.85671779 0.043699275 -5.4756697e-24)
(0.85671779 0.043699275 -2.7371984e-24)
(0.85671779 0.043699275 -1.1214432e-20)
(0.85671779 0.043699275 1.1209091e-20)
(0.85671779 0.043699275 -2.7352913e-24)
(0.85671779 0.043699275 0)
(0.85671779 0.043699275 1.0976945e-20)
(0.85671779 0.043699275 0)
(0.85671779 0.043699275 2.6780458e-24)
(0.85671779 0.043699275 -2.6774369e-24)
(0.85671779 0.043699275 -1.0961612e-20)
(0.85671779 0.043699275 1.0953768e-20)
(0.85671779 0.043699275 -2.675612e-24)
(0.85671779 0.043699275 -1.0954142e-20)
(0.85671779 0.043699275 -2.6743968e-24)
(0.85671779 0.043699275 2.6737896e-24)
(0.85671779 0.043699275 1.0946683e-20)
(0.85671779 0.043699275 -2.6725758e-24)
(0.85671779 0.043699275 2.6719696e-24)
(0.85671779 0.043699275 -1.0947247e-20)
(0.85671779 0.043699275 1.0713389e-20)
(0.85671779 0.043699275 -1.0705781e-20)
(0.85671779 0.043699275 -5.2288244e-24)
(0.85671779 0.043699275 1.0455328e-23)
(0.85671779 0.043699275 -1.0698654e-20)
(0.85671779 0.043699275 1.0701505e-20)
(0.85671779 0.043699275 5.2241853e-24)
(0.85671779 0.043699275 -1.0701982e-20)
(0.85671779 0.043699275 1.0443738e-23)
(0.85671779 0.043699275 -4.7130451e-22)
(0.85671779 0.043699275 -1.9638642e-24)
(0.85671779 0.043699275 9.1993998e-25)
(0.85671779 0.043699275 -9.8127596e-25)
(0.85671779 0.043699275 2.1027505e-24)
(0.85671779 0.043699275 -5.8198184e-22)
(0.85671779 0.043699275 0)
(0.85671779 0.043699275 -1.0061168e-21)
(0.85671779 0.043699275 4.2024923e-24)
(0.85671779 0.043699275 1.7378121e-21)
(0.85671779 0.043699275 1.2525678e-21)
(0.85671779 0.043699275 -6.845123e-22)
(0.85671779 0.043699275 9.3992099e-22)
(0.85671779 0.043699275 1.0025055e-21)
(0.85671779 0.043699275 1.0771686e-21)
(0.85671779 0.043699275 -1.1576495e-21)
(0.85671779 0.043699275 -3.5762553e-33)
(0.85671779 0.043699275 2.7355587e-21)
(0.85671779 0.043699275 1.5101821e-21)
(0.85671779 0.043699275 -9.411697e-22)
(0.85671779 0.043699275 9.793128e-25)
(0.85671779 0.043699275 2.0982438e-24)
(0.85671779 0.043699275 7.0383492e-37)
(0.85671779 0.043699275 -2.5083024e-21)
(0.85671779 0.043699275 -1.3665364e-21)
(0.85671779 0.043699275 0)
(0.85671779 0.043699275 0)
(0.85671779 0.043699275 -9.405816e-22)
(0.85671779 0.043699275 2.9359805e-24)
(0.85671779 0.043699275 -1.0756306e-21)
(0.85671779 0.043699275 -1.1536123e-21)
(0.85671779 0.043699275 2.501324e-21)
(0.85671779 0.043699275 0)
(0.85671779 0.043699275 5.8644616e-24)
(0.85671779 0.043699275 -1.673917e-21)
(0.85671779 0.043699275 9.3999422e-22)
(0.85671779 0.043699275 -1.0024586e-21)
(0.85671779 0.043699275 2.0952501e-24)
(0.85671779 0.043699275 2.3099641e-21)
(0.85671779 0.043699275 -7.3291596e-24)
(0.85671779 0.043699275 5.3283486e-24)
(0.85671779 0.043699275 1.4998048e-21)
(0.85671779 0.043699275 -5.7219776e-33)
(0.85671779 0.043699275 0)
(0.85671779 0.043699275 0)
(0.85671779 0.043699275 9.9885935e-22)
(0.85671779 0.043699275 1.074097e-21)
(0.85671779 0.043699275 -1.1518415e-21)
(0.85671779 0.043699275 -2.4410227e-24)
(0.85671779 0.043699275 0)
(0.85671779 0.043699275 -1.4924577e-21)
(0.85671779 0.043699275 3.3209294e-21)
(0.85671779 0.043699275 0)
(0.85671779 0.043699275 8.3403166e-24)
(0.85671779 0.043699275 -8.5147545e-24)
(0.85671779 0.043699275 -7.4514908e-34)
(0.85671779 0.043699275 4.3315675e-21)
(0.85671779 0.043699275 -4.3303545e-21)
(0.85671779 0.043699275 4.3291467e-21)
(0.85671779 0.043699275 0)
(0.85671779 0.043699275 6.5793492e-33)
(0.85671779 0.043699275 3.6085107e-21)
(0.85671779 0.043699275 0)
(0.85671779 0.043699275 0)
(0.85671779 0.043699275 0)
(0.85671779 0.043699275 -1.4046084e-23)
(0.85671779 0.043699275 -1.4020092e-23)
(0.85671779 0.043699275 1.7912571e-21)
(0.85671779 0.043699275 3.108797e-21)
(0.85671779 0.043699275 2.424861e-23)
(0.85671779 0.043699275 -6.1977262e-21)
(0.85671779 0.043699275 -1.2085625e-23)
(0.85671779 0.043699275 3.0889925e-21)
(0.85671779 0.043699275 1.2047191e-23)
(0.85671779 0.043699275 1.2028065e-23)
(0.85671779 0.043699275 1.525143e-21)
(0.85671779 0.043699275 -1.5347194e-21)
(0.85671779 0.043699275 -1.062026e-23)
(0.85671779 0.043699275 -2.1210789e-23)
(0.85671779 0.043699275 -1.059057e-23)
(0.85671779 0.043699275 -2.6968256e-21)
(0.85671779 0.043699275 2.6930665e-21)
(0.85671779 0.043699275 -1.0546344e-23)
(0.85671779 0.043699275 1.0531684e-23)
(0.85671779 0.043699275 2.103413e-23)
(0.85671779 0.043699275 0)
(0.85671779 0.043699275 -1.0487948e-23)
(0.85671779 0.043699275 2.4251613e-21)
(0.85671779 0.043699275 -2.4032952e-21)
(0.85671779 0.043699275 1.1873863e-35)
(0.85671779 0.043699275 0)
(0.85671779 0.043699275 -2.3943599e-21)
(0.85671779 0.043699275 2.4101522e-21)
(0.85671779 0.043699275 -9.3664305e-24)
(0.85671779 0.043699275 -1.2067776e-21)
(0.85671779 0.043699275 1.1959461e-21)
(0.85671779 0.043699275 -5.4868692e-36)
(0.85671779 0.043699275 0)
(0.85671779 0.043699275 -8.4900442e-24)
(0.85671779 0.043699275 8.4805412e-24)
(0.85671779 0.043699275 8.4710592e-24)
(0.85671779 0.043699275 0)
(0.85671779 0.043699275 8.4521591e-24)
(0.85671779 0.043699275 0)
(0.85671779 0.043699275 -1.0710345e-21)
(0.85671779 0.043699275 1.0782677e-21)
(0.85671779 0.043699275 0)
(0.85671779 0.043699275 1.0842805e-21)
(0.85671779 0.043699275 8.3959608e-24)
(0.85671779 0.043699275 -1.0734934e-21)
(0.85671779 0.043699275 1.5432373e-23)
(0.85671779 0.043699275 -1.973334e-21)
(0.85671779 0.043699275 1.9790288e-21)
(0.85671779 0.043699275 0)
(0.85671779 0.043699275 1.9596444e-21)
(0.85671779 0.043699275 -1.9576587e-21)
(0.85671779 0.043699275 -9.8934253e-22)
(0.85671779 0.043699275 9.8834206e-22)
(0.85671779 0.043699275 9.8734364e-22)
(0.85671779 0.043699275 -9.7870111e-22)
(0.85671779 0.043699275 -7.6383938e-24)
(0.85671779 0.043699275 9.767297e-22)
(0.85671779 0.043699275 -9.6050093e-22)
(0.85671779 0.043699275 -3.5358083e-24)
(0.85671779 0.043699275 1.8051132e-21)
(0.85671779 0.043699275 -3.6209799e-21)
(0.85671779 0.043699275 -3.5259353e-24)
(0.85671779 0.043699275 1.8000775e-21)
(0.85671779 0.043699275 -1.0558152e-23)
(0.85671779 0.043699275 0)
(0.85671779 0.043699275 8.8875277e-22)
(0.85671779 0.043699275 -1.8074452e-21)
(0.85671779 0.043699275 1.7952532e-21)
(0.85671779 0.043699275 -3.5031114e-24)
(0.85671779 0.043699275 -8.9596799e-22)
(0.85671779 0.043699275 -1.0489934e-23)
(0.85671779 0.043699275 -3.2632163e-24)
(0.85671779 0.043699275 -3.2604077e-24)
(0.85671779 0.043699275 -1.6678933e-21)
(0.85671779 0.043699275 3.3361752e-21)
(0.85671779 0.043699275 -1.6617777e-21)
(0.85671779 0.043699275 3.2492217e-24)
(0.85671779 0.043699275 -8.3108792e-22)
(0.85671779 0.043699275 8.3361997e-22)
(0.85671779 0.043699275 3.2408825e-24)
(0.85671779 0.043699275 3.2381122e-24)
(0.85671779 0.043699275 8.3471946e-22)
(0.85671779 0.043699275 -8.2430941e-22)
(0.85671779 0.043699275 3.2298299e-24)
(0.85671779 0.043699275 -3.0993285e-21)
(0.85671779 0.043699275 1.5499395e-21)
(0.85671779 0.043699275 0)
(0.85671779 0.043699275 -1.5474663e-21)
(0.85671779 0.043699275 1.5462327e-21)
(0.85671779 0.043699275 3.0175801e-24)
(0.85671779 0.043699275 0)
(0.85671779 0.043699275 7.7127176e-22)
(0.85671779 0.043699275 -1.5443281e-21)
(0.85671779 0.043699275 1.5370858e-21)
(0.85671779 0.043699275 -7.7244158e-22)
(0.85671779 0.043699275 -3.0032264e-24)
(0.85671779 0.043699275 -3.0008474e-24)
(0.85671779 0.043699275 0)
(0.85671779 0.043699275 -1.4503945e-21)
(0.85671779 0.043699275 1.4464877e-21)
(0.85671779 0.043699275 0)
(0.85671779 0.043699275 1.4443334e-21)
(0.85671779 0.043699275 -1.4432587e-21)
(0.85671779 0.043699275 -2.8167686e-24)
(0.85671779 0.043699275 0)
(0.85671779 0.043699275 0)
(0.85671779 0.043699275 7.2229831e-22)
(0.85671779 0.043699275 -7.1895443e-22)
(0.85671779 0.043699275 7.1842182e-22)
(0.85671779 0.043699275 -2.8042578e-24)
(0.85671779 0.043699275 -7.1455679e-22)
(0.85671779 0.043699275 0)
(0.85671779 0.043699275 1.3251273e-24)
(0.85671779 0.043699275 -1.3546575e-21)
(0.85671779 0.043699275 -1.3232758e-24)
(0.85671779 0.043699275 2.7081768e-21)
(0.85671779 0.043699275 -1.3531437e-21)
(0.85671779 0.043699275 0)
(0.85671779 0.043699275 -6.7562917e-22)
(0.85671779 0.043699275 6.7515879e-22)
(0.85671779 0.043699275 -6.7468908e-22)
(0.85671779 0.043699275 1.3484401e-21)
(0.85671779 0.043699275 -1.3159211e-24)
(0.85671779 0.043699275 -1.3426227e-21)
(0.85671779 0.043699275 6.7413084e-22)
(0.85671779 0.043699275 1.3131842e-24)
(0.85671779 0.043699275 -1.2470458e-24)
(0.85671779 0.043699275 -1.8693379e-24)
(0.85671779 0.043699275 1.2454059e-24)
(0.85671779 0.043699275 0)
(0.85671779 0.043699275 1.2729989e-21)
(0.85671779 0.043699275 6.2147704e-25)
(0.85671779 0.043699275 -1.9079255e-21)
(0.85671779 0.043699275 6.2066246e-25)
(0.85671779 0.043699275 -6.2025597e-25)
(0.85671779 0.043699275 6.3534627e-22)
(0.85671779 0.043699275 6.3555015e-22)
(0.85671779 0.043699275 -1.8571191e-24)
(0.85671779 0.043699275 -6.341012e-22)
(0.85671779 0.043699275 -1.8546945e-24)
(0.85671779 0.043699275 0)
(0.85671779 0.043699275 -1.2045798e-21)
(0.85671779 0.043699275 -5.2588407e-33)
(0.85671779 0.043699275 1.2036724e-21)
(0.85671779 0.043699275 -1.2023386e-21)
(0.85671779 0.043699275 1.2015933e-21)
(0.85671779 0.043699275 -6.0071784e-22)
(0.85671779 0.043699275 5.9975969e-22)
(0.85671779 0.043699275 5.8591264e-25)
(0.85671779 0.043699275 -5.8555039e-25)
(0.85671779 0.043699275 0)
(0.85671779 0.043699275 5.8482721e-25)
(0.85671779 0.043699275 -5.8446629e-25)
(0.85671779 0.043699275 5.8410582e-25)
(0.85671779 0.043699275 -9.4193583e-23)
(0.85671779 0.043699275 -9.4736469e-23)
(0.85671779 0.043699275 -9.5285648e-23)
(0.85671779 0.043699275 0)
(0.85671779 0.043699275 9.6403332e-23)
(0.85671779 0.043699275 0)
(0.85671779 0.043699275 0)
(0.85671779 0.043699275 -9.8129902e-23)
(0.85671779 0.043699275 0)
(0.85671779 0.043699275 1.5992488e-34)
(0.85671779 0.043699275 0)
(0.85671779 0.043699275 1.0053055e-22)
(0.85671779 0.043699275 0)
(0.85671779 0.043699275 4.5738029e-23)
(0.85671779 0.043699275 0)
(0.85671779 0.043699275 -4.5737974e-23)
(0.85671779 0.043699275 8.8149977e-23)
(0.85671779 0.043699275 0)
(0.85671779 0.043699275 8.8149877e-23)
(0.85671779 0.043699275 0)
(0.85671779 0.043699275 -1.7629955e-22)
(0.85671779 0.043699275 0)
(0.85671779 0.043699275 0)
(0.85671779 0.043699275 3.6590206e-22)
(0.85671779 0.043699275 3.525983e-22)
(0.85671779 0.043699275 -3.6590163e-22)
(0.85671779 0.043699275 -3.5259791e-22)
(0.85671779 0.043699275 3.659012e-22)
(0.85671779 0.043699275 3.525975e-22)
(0.85671779 0.043699275 -7.3180153e-22)
(0.85671779 0.043699275 -7.051942e-22)
(0.85671779 0.043699275 3.6590033e-22)
(0.85671779 0.043699275 3.525967e-22)
(0.85671779 0.043699275 0)
(0.85671779 0.043699275 0)
(0.85671779 0.043699275 -7.3179894e-22)
(0.85671779 0.043699275 0)
(0.85671779 0.043699275 7.3179808e-22)
(0.85671779 0.043699275 -7.05191e-22)
(0.85671779 0.043699275 0)
(0.85671779 0.043699275 1.4103803e-21)
(0.85671779 0.043699275 -2.5669558e-33)
(0.85671779 0.043699275 5.0002117e-21)
(0.85671779 0.043699275 -5.3446807e-21)
(0.85671779 0.043699275 -5.0002138e-21)
(0.85671779 0.043699275 -5.3446926e-21)
(0.85671779 0.043699275 -5.000224e-21)
(0.85671779 0.043699275 5.3447039e-21)
(0.85671779 0.043699275 4.6076412e-35)
(0.85671779 0.043699275 0)
(0.85671779 0.043699275 5.0002442e-21)
(0.85671779 0.043699275 0)
(0.85671779 0.043699275 0)
(0.85671779 0.043699275 5.3447387e-21)
(0.85671779 0.043699275 0)
(0.85671779 0.043699275 -1.06895e-20)
(0.85671779 0.043699275 0)
(0.85671779 0.043699275 5.3447613e-21)
(0.85671779 0.043699275 0)
(0.85671779 0.043699275 -5.3447732e-21)
(0.85671779 0.043699275 5.0002946e-21)
(0.85671779 0.043699275 5.3447845e-21)
(0.85671779 0.043699275 -5.0003046e-21)
(0.85671779 0.043699275 0)
(0.85671779 0.043699275 0)
(0.85671779 0.043699275 5.3448074e-21)
(0.85671779 0.043699275 5.0003246e-21)
(0.85671779 0.043699275 -8.0172289e-21)
(0.85671779 0.043699275 -5.000335e-21)
(0.85671779 0.043699275 0)
(0.85671779 0.043699275 2.6724844e-21)
(0.85671779 0.043699275 -3.3408953e-34)
(0.85671779 0.043699275 -2.0864232e-33)
(0.85671779 0.043699275 -2.7000015e-35)
(0.85671779 0.043699275 -2.6724614e-21)
(0.85671779 0.043699275 0)
(0.85671779 0.043699275 2.6724499e-21)
(0.85671779 0.043699275 -2.6724441e-21)
(0.85671779 0.043699275 -2.6724384e-21)
(0.85671779 0.043699275 5.3448652e-21)
(0.85671779 0.043699275 -2.6724268e-21)
(0.85671779 0.043699275 0)
(0.85671779 0.043699275 0)
(0.85671779 0.043699275 0)
(0.85671779 0.043699275 2.6724153e-21)
(0.85671779 0.043699275 0)
(0.85671779 0.043699275 0)
(0.85671779 0.043699275 0)
(0.85671779 0.043699275 0)
(0.85671779 0.043699275 0)
(0.85671779 0.043699275 -6.7428636e-22)
(0.85671779 0.043699275 6.7428526e-22)
(0.85671779 0.043699275 0)
(0.85671779 0.043699275 0)
(0.85671779 0.043699275 0)
(0.85671779 0.043699275 0)
(0.85671779 0.043699275 1.3485595e-21)
(0.85671779 0.043699275 -1.3485573e-21)
(0.85671779 0.043699275 0)
(0.85671779 0.043699275 0)
(0.85671779 0.043699275 -3.2043534e-22)
(0.85671779 0.043699275 3.2043484e-22)
(0.85671779 0.043699275 -6.4086869e-22)
(0.85671779 0.043699275 6.4086769e-22)
(0.85671779 0.043699275 6.408667e-22)
(0.85671779 0.043699275 -6.408657e-22)
(0.85671779 0.043699275 0)
(0.85671779 0.043699275 0)
(0.85671779 0.043699275 0)
(0.85671779 0.043699275 0)
(0.85671779 0.043699275 -1.2817215e-21)
(0.85671779 0.043699275 1.2817195e-21)
(0.85671779 0.043699275 1.2817173e-21)
(0.85671779 0.043699275 3.2594416e-23)
(0.85671779 0.043699275 0)
(0.85671779 0.043699275 -9.7783318e-23)
(0.85671779 0.043699275 -6.3690419e-23)
(0.85671779 0.043699275 6.5188926e-23)
(0.85671779 0.043699275 1.2738093e-22)
(0.85671779 0.043699275 0)
(0.85671779 0.043699275 -1.9107153e-22)
(0.85671779 0.043699275 1.3037804e-22)
(0.85671779 0.043699275 1.2738111e-22)
(0.85671779 0.043699275 -6.0852401e-35)
(0.85671779 0.043699275 -1.2738121e-22)
(0.85671779 0.043699275 -3.9113471e-22)
(0.85671779 0.043699275 1.273813e-22)
(0.85671779 0.043699275 2.6075666e-22)
(0.85671779 0.043699275 -2.5476278e-22)
(0.85671779 0.043699275 2.6075686e-22)
(0.85671779 0.043699275 2.5476296e-22)
(0.85671779 0.043699275 -2.6075705e-22)
(0.85671779 0.043699275 0)
(0.85671779 0.043699275 0)
(0.85671779 0.043699275 0)
(0.85671779 0.043699275 -2.6075743e-22)
(0.85671779 0.043699275 0)
(0.85671779 0.043699275 2.6075762e-22)
(0.85671779 0.043699275 -5.0952738e-22)
(0.85671779 0.043699275 0)
(0.85671779 0.043699275 5.0952774e-22)
(0.85671779 0.043699275 4.2614145e-20)
(0.85671779 0.043699275 -2.1297759e-20)
(0.85671779 0.043699275 2.5996394e-24)
(0.85671779 0.043699275 -2.1289533e-20)
(0.85671779 0.043699275 2.129062e-20)
(0.85671779 0.043699275 2.5981343e-24)
(0.85671779 0.043699275 -2.1279806e-20)
(0.85671779 0.043699275 4.2554005e-20)
(0.85671779 0.043699275 -2.1266404e-20)
(0.85671779 0.043699275 2.5961298e-24)
(0.85671779 0.043699275 2.59563e-24)
(0.85671779 0.043699275 2.0833474e-20)
(0.85671779 0.043699275 2.5423577e-24)
(0.85671779 0.043699275 2.5418774e-24)
(0.85671779 0.043699275 -2.0821672e-20)
(0.85671779 0.043699275 2.0812661e-20)
(0.85671779 0.043699275 -2.5404386e-24)
(0.85671779 0.043699275 -2.5399593e-24)
(0.85671779 0.043699275 2.0800879e-20)
(0.85671779 0.043699275 -2.0802037e-20)
(0.85671779 0.043699275 2.5385224e-24)
(0.85671779 0.043699275 -2.5380439e-24)
(0.85671779 0.043699275 -2.5375654e-24)
(0.85671779 0.043699275 -5.0741738e-24)
(0.85671779 0.043699275 2.0777368e-20)
(0.85671779 0.043699275 2.0369174e-20)
(0.85671779 0.043699275 0)
(0.85671779 0.043699275 2.0361651e-20)
(0.85671779 0.043699275 -2.035541e-20)
(0.85671779 0.043699275 -2.4843324e-24)
(0.85671779 0.043699275 0)
(0.85671779 0.043699275 2.4834159e-24)
(0.85671779 0.043699275 -2.034039e-20)
(0.85671779 0.043699275 2.0339122e-20)
(0.85671779 0.043699275 0)
(0.85671779 0.043699275 0)
(0.85671779 0.043699275 0)
(0.85671779 0.043699275 4.9613404e-24)
(0.85671779 0.043699275 0)
(0.85671779 0.043699275 -3.6479528e-24)
(0.85671779 0.043699275 0)
(0.85671779 0.043699275 -2.43109e-24)
(0.85671779 0.043699275 1.2153256e-24)
(0.85671779 0.043699275 3.6453186e-24)
(0.85671779 0.043699275 -1.9904706e-20)
(0.85671779 0.043699275 1.9899898e-20)
(0.85671779 0.043699275 -1.9897525e-20)
(0.85671779 0.043699275 1.9891505e-20)
(0.85671779 0.043699275 1.2140105e-24)
(0.85671779 0.043699275 0)
(0.85671779 0.043699275 1.2135726e-24)
(0.85671779 0.043699275 -1.213354e-24)
(0.85671779 0.043699275 1.2131353e-24)
(0.85671779 0.043699275 1.9497633e-20)
(0.85671779 0.043699275 -1.9494185e-20)
(0.85671779 0.043699275 0)
(0.85671779 0.043699275 -1.18941e-24)
(0.85671779 0.043699275 -1.1892001e-24)
(0.85671779 0.043699275 0)
(0.85671779 0.043699275 -1.9478158e-20)
(0.85671779 0.043699275 -1.7981323e-32)
(0.85671779 0.043699275 1.9468905e-20)
(0.85671779 0.043699275 -1.1881503e-24)
(0.85671779 0.043699275 0)
(0.85671779 0.043699275 -1.1877309e-24)
(0.85671779 0.043699275 -2.3750434e-24)
(0.85671779 0.043699275 -1.1873121e-24)
(0.85671779 0.043699275 -3.8058053e-37)
(0.85671779 0.043699275 0)
(0.85671779 0.043699275 1.9082564e-20)
(0.85671779 0.043699275 -1.9079261e-20)
(0.85671779 0.043699275 1.9075962e-20)
(0.85671779 0.043699275 -1.9073823e-20)
(0.85671779 0.043699275 -1.1639727e-24)
(0.85671779 0.043699275 1.9066066e-20)
(0.85671779 0.043699275 -1.906277e-20)
(0.85671779 0.043699275 -1.9061802e-20)
(0.85671779 0.043699275 3.8115857e-20)
(0.85671779 0.043699275 -1.9055215e-20)
(0.85671779 0.043699275 1.1627662e-24)
(0.85671779 0.043699275 -1.1625654e-24)
(0.85671779 0.043699275 1.8700849e-20)
(0.85671779 0.043699275 -1.8695394e-20)
(0.85671779 0.043699275 1.1409526e-24)
(0.85671779 0.043699275 1.86902e-20)
(0.85671779 0.043699275 -1.868589e-20)
(0.85671779 0.043699275 -1.8682725e-20)
(0.85671779 0.043699275 1.8682982e-20)
(0.85671779 0.043699275 1.8678678e-20)
(0.85671779 0.043699275 -1.8673234e-20)
(0.85671779 0.043699275 1.1396004e-24)
(0.85671779 0.043699275 4.3060482e-37)
(0.85671779 0.043699275 1.1392147e-24)
(0.85671779 0.043699275 0)
(0.85671779 0.043699275 1.1388293e-24)
(0.85671779 0.043699275 -1.8324745e-20)
(0.85671779 0.043699275 -1.1182678e-24)
(0.85671779 0.043699275 -1.118082e-24)
(0.85671779 0.043699275 -1.8316732e-20)
(0.85671779 0.043699275 3.6624023e-20)
(0.85671779 0.043699275 -1.8311767e-20)
(0.85671779 0.043699275 1.830426e-20)
(0.85671779 0.043699275 -2.1215037e-33)
(0.85671779 0.043699275 -3.6601952e-20)
(0.85671779 0.043699275 1.8297381e-20)
(0.85671779 0.043699275 1.8293229e-20)
(0.85671779 0.043699275 5.1662114e-33)
(0.85671779 0.043699275 -1.8288278e-20)
(0.85671779 0.043699275 0)
(0.85671779 0.043699275 5.4823375e-25)
(0.85671779 0.043699275 -1.796105e-20)
(0.85671779 0.043699275 1.7959768e-20)
(0.85671779 0.043699275 5.4796594e-25)
(0.85671779 0.043699275 1.0957535e-24)
(0.85671779 0.043699275 1.6433628e-24)
(0.85671779 0.043699275 1.7948627e-20)
(0.85671779 0.043699275 -1.7944061e-20)
(0.85671779 0.043699275 -5.475202e-25)
(0.85671779 0.043699275 0)
(0.85671779 0.043699275 -5.4734211e-25)
(0.85671779 0.043699275 0)
(0.85671779 0.043699275 -5.4716414e-25)
(0.85671779 0.043699275 5.4707529e-25)
(0.85671779 0.043699275 3.3219017e-37)
(0.85671779 0.043699275 -5.3757871e-25)
(0.85671779 0.043699275 1.7612025e-20)
(0.85671779 0.043699275 -1.761029e-20)
(0.85671779 0.043699275 0)
(0.85671779 0.043699275 1.7493913e-37)
(0.85671779 0.043699275 -1.7601856e-20)
(0.85671779 0.043699275 3.519756e-20)
(0.85671779 0.043699275 -1.7595165e-20)
(0.85671779 0.043699275 1.7592897e-20)
(0.85671779 0.043699275 1.0736139e-24)
(0.85671779 0.043699275 -1.7587284e-20)
(0.85671779 0.043699275 5.3663578e-25)
(0.85671779 0.043699275 -5.3655025e-25)
(0.85671779 0.043699275 1.7284434e-20)
(0.85671779 0.043699275 0)
(0.85671779 0.043699275 5.2732984e-25)
(0.85671779 0.043699275 0)
(0.85671779 0.043699275 0)
(0.85671779 0.043699275 -5.2708215e-25)
(0.85671779 0.043699275 0)
(0.85671779 0.043699275 1.7265492e-20)
(0.85671779 0.043699275 1.2925638e-32)
(0.85671779 0.043699275 -1.7260611e-20)
(0.85671779 0.043699275 -5.2666972e-25)
(0.85671779 0.043699275 0)
(0.85671779 0.043699275 0)
(0.85671779 0.043699275 0)
(0.85671779 0.043699275 1.6964103e-20)
(0.85671779 0.043699275 -1.6961492e-20)
(0.85671779 0.043699275 -1.6958884e-20)
(0.85671779 0.043699275 1.6956278e-20)
(0.85671779 0.043699275 0)
(0.85671779 0.043699275 0)
(0.85671779 0.043699275 0)
(0.85671779 0.043699275 0)
(0.85671779 0.043699275 -1.6943251e-20)
(0.85671779 0.043699275 1.6940648e-20)
(0.85671779 0.043699275 0)
(0.85671779 0.043699275 0)
(0.85671779 0.043699275 1.6932845e-20)
(0.85671779 0.043699275 -5.1821533e-33)
(0.85671779 0.043699275 -1.6654938e-20)
(0.85671779 0.043699275 0)
(0.85671779 0.043699275 0)
(0.85671779 0.043699275 1.6647396e-20)
(0.85671779 0.043699275 -1.6644883e-20)
(0.85671779 0.043699275 -1.6642371e-20)
(0.85671779 0.043699275 1.663986e-20)
(0.85671779 0.043699275 0)
(0.85671779 0.043699275 -1.6634839e-20)
(0.85671779 0.043699275 1.6632331e-20)
(0.85671779 0.043699275 1.6629823e-20)
(0.85671779 0.043699275 1.5777787e-32)
(0.85671779 0.043699275 -3.3249619e-20)
(0.85671779 0.043699275 1.6622302e-20)
(0.85671779 0.043699275 0)
(0.85671779 0.043699275 -2.6236968e-20)
(0.85671779 0.043699275 -7.5520504e-25)
(0.85671779 0.043699275 1.1709937e-20)
(0.85671779 0.043699275 -1.1114237e-20)
(0.85671779 0.043699275 2.5811681e-24)
(0.85671779 0.043699275 0)
(0.85671779 0.043699275 -9.6373777e-21)
(0.85671779 0.043699275 0)
(0.85671779 0.043699275 0)
(0.85671779 0.043699275 0)
(0.85671779 0.043699275 -1.6373691e-20)
(0.85671779 0.043699275 -3.8536548e-24)
(0.85671779 0.043699275 0)
(0.85671779 0.043699275 2.6229031e-20)
(0.85671779 0.043699275 0)
(0.85671779 0.043699275 2.5032698e-32)
(0.85671779 0.043699275 1.1108963e-20)
(0.85671779 0.043699275 -2.5806022e-24)
(0.85671779 0.043699275 1.9548373e-36)
(0.85671779 0.043699275 1.9273257e-20)
(0.85671779 0.043699275 0)
(0.85671779 0.043699275 0)
(0.85671779 0.043699275 0)
(0.85671779 0.043699275 1.6378906e-20)
(0.85671779 0.043699275 -3.8530241e-24)
(0.85671779 0.043699275 -4.2572693e-25)
(0.85671779 0.043699275 -1.311055e-20)
(0.85671779 0.043699275 0)
(0.85671779 0.043699275 -1.1702822e-20)
(0.85671779 0.043699275 1.1103693e-20)
(0.85671779 0.043699275 2.5800366e-24)
(0.85671779 0.043699275 0)
(0.85671779 0.043699275 -9.6335266e-21)
(0.85671779 0.043699275 0)
(0.85671779 0.043699275 0)
(0.85671779 0.043699275 0)
(0.85671779 0.043699275 3.9971017e-24)
(0.85671779 0.043699275 -3.8523936e-24)
(0.85671779 0.043699275 0)
(0.85671779 0.043699275 -8.0001122e-25)
(0.85671779 0.043699275 -1.2363006e-20)
(0.85671779 0.043699275 0)
(0.85671779 0.043699275 -1.1103847e-20)
(0.85671779 0.043699275 -2.5794712e-24)
(0.85671779 0.043699275 2.4601967e-24)
(0.85671779 0.043699275 0)
(0.85671779 0.043699275 0)
(0.85671779 0.043699275 0)
(0.85671779 0.043699275 0)
(0.85671779 0.043699275 -8.1846746e-21)
(0.85671779 0.043699275 7.8884112e-21)
(0.85671779 0.043699275 7.6128465e-21)
(0.85671779 0.043699275 0)
(0.85671779 0.043699275 0)
(0.85671779 0.043699275 7.5613803e-33)
(0.85671779 0.043699275 0)
(0.85671779 0.043699275 0)
(0.85671779 0.043699275 -2.578906e-24)
(0.85671779 0.043699275 -1.00724e-20)
(0.85671779 0.043699275 0)
(0.85671779 0.043699275 0)
(0.85671779 0.043699275 0)
(0.85671779 0.043699275 0)
(0.85671779 0.043699275 0)
(0.85671779 0.043699275 -7.8871207e-21)
(0.85671779 0.043699275 -1.5223289e-20)
(0.85671779 0.043699275 0)
(0.85671779 0.043699275 -1.3100261e-20)
(0.85671779 0.043699275 1.2357423e-20)
(0.85671779 0.043699275 1.1694308e-20)
(0.85671779 0.043699275 -2.709652e-24)
(0.85671779 0.043699275 2.5783411e-24)
(0.85671779 0.043699275 -2.4591689e-24)
(0.85671779 0.043699275 9.630106e-21)
(0.85671779 0.043699275 -4.5021533e-24)
(0.85671779 0.043699275 -8.8418161e-21)
(0.85671779 0.043699275 8.5010608e-21)
(0.85671779 0.043699275 3.9950667e-24)
(0.85671779 0.043699275 -3.8505033e-24)
(0.85671779 0.043699275 7.6178755e-21)
(0.85671779 0.043699275 0)
(0.85671779 0.043699275 1.3096703e-20)
(0.85671779 0.043699275 0)
(0.85671779 0.043699275 1.7016964e-32)
(0.85671779 0.043699275 -2.7090284e-24)
(0.85671779 0.043699275 -1.0555995e-20)
(0.85671779 0.043699275 1.007311e-20)
(0.85671779 0.043699275 -9.6281827e-21)
(0.85671779 0.043699275 9.2141463e-21)
(0.85671779 0.043699275 1.7689025e-20)
(0.85671779 0.043699275 -8.4954115e-21)
(0.85671779 0.043699275 0)
(0.85671779 0.043699275 0)
(0.85671779 0.043699275 7.6092423e-21)
(0.85671779 0.043699275 0)
(0.85671779 0.043699275 7.9914223e-25)
(0.85671779 0.043699275 -2.2615523e-24)
(0.85671779 0.043699275 -1.168721e-20)
(0.85671779 0.043699275 0)
(0.85671779 0.043699275 1.0553683e-20)
(0.85671779 0.043699275 -1.006609e-20)
(0.85671779 0.043699275 -9.6239116e-21)
(0.85671779 0.043699275 -9.216885e-21)
(0.85671779 0.043699275 -1.7685781e-20)
(0.85671779 0.043699275 0)
(0.85671779 0.043699275 3.9937112e-24)
(0.85671779 0.043699275 7.8794026e-21)
(0.85671779 0.043699275 -7.6080412e-21)
(0.85671779 0.043699275 0)
(0.85671779 0.043699275 0)
(0.85671779 0.043699275 0)
(0.85671779 0.043699275 -1.1685804e-20)
(0.85671779 0.043699275 1.1088367e-20)
(0.85671779 0.043699275 1.0556526e-20)
(0.85671779 0.043699275 1.0063989e-20)
(0.85671779 0.043699275 2.349119e-24)
(0.85671779 0.043699275 0)
(0.85671779 0.043699275 -1.3955096e-32)
(0.85671779 0.043699275 -8.4924172e-21)
(0.85671779 0.043699275 -8.1817258e-21)
(0.85671779 0.043699275 -7.8819631e-21)
(0.85671779 0.043699275 -7.6142697e-21)
(0.85671779 0.043699275 -4.2486639e-25)
(0.85671779 0.043699275 3.9935425e-25)
(0.85671779 0.043699275 0)
(0.85671779 0.043699275 1.1682972e-20)
(0.85671779 0.043699275 -2.2179756e-20)
(0.85671779 0.043699275 -1.0549064e-20)
(0.85671779 0.043699275 0)
(0.85671779 0.043699275 -6.4467041e-33)
(0.85671779 0.043699275 0)
(0.85671779 0.043699275 8.8353316e-21)
(0.85671779 0.043699275 8.4992168e-21)
(0.85671779 0.043699275 8.1803387e-21)
(0.85671779 0.043699275 -7.8845227e-21)
(0.85671779 0.043699275 7.6056408e-21)
(0.85671779 0.043699275 0)
(0.85671779 0.043699275 -1.3081689e-20)
(0.85671779 0.043699275 -1.2342359e-20)
(0.85671779 0.043699275 -1.1680142e-20)
(0.85671779 0.043699275 1.1085974e-20)
(0.85671779 0.043699275 -1.0549331e-20)
(0.85671779 0.043699275 -1.0062244e-20)
(0.85671779 0.043699275 9.6181514e-21)
(0.85671779 0.043699275 -9.2116016e-21)
(0.85671779 0.043699275 0)
(0.85671779 0.043699275 0)
(0.85671779 0.043699275 8.17496e-21)
(0.85671779 0.043699275 1.5758774e-20)
(0.85671779 0.043699275 7.6044412e-21)
(0.85671779 0.043699275 0)
(0.85671779 0.043699275 2.6158679e-20)
(0.85671779 0.043699275 1.2336189e-20)
(0.85671779 0.043699275 1.1678739e-20)
(0.85671779 0.043699275 -2.7059146e-24)
(0.85671779 0.043699275 2.1096622e-20)
(0.85671779 0.043699275 1.0060144e-20)
(0.85671779 0.043699275 0)
(0.85671779 0.043699275 9.209843e-21)
(0.85671779 0.043699275 0)
(0.85671779 0.043699275 8.4920766e-21)
(0.85671779 0.043699275 -1.6343157e-20)
(0.85671779 0.043699275 -7.881946e-21)
(0.85671779 0.043699275 -7.6032419e-21)
(0.85671779 0.043699275 1.3909972e-20)
(0.85671779 0.043699275 -1.3075391e-20)
(0.85671779 0.043699275 0)
(0.85671779 0.043699275 0)
(0.85671779 0.043699275 1.1078173e-20)
(0.85671779 0.043699275 -1.0542142e-20)
(0.85671779 0.043699275 -2.4555777e-24)
(0.85671779 0.043699275 9.6166634e-21)
(0.85671779 0.043699275 -4.4961343e-24)
(0.85671779 0.043699275 4.3138615e-24)
(0.85671779 0.043699275 -8.4905811e-21)
(0.85671779 0.043699275 8.1721886e-21)
(0.85671779 0.043699275 7.8768121e-21)
(0.85671779 0.043699275 -7.6094673e-21)
(0.85671779 0.043699275 -1.3905961e-20)
(0.85671779 0.043699275 0)
(0.85671779 0.043699275 0)
(0.85671779 0.043699275 -1.167166e-20)
(0.85671779 0.043699275 -1.1078334e-20)
(0.85671779 0.043699275 0)
(0.85671779 0.043699275 0)
(0.85671779 0.043699275 -9.6123992e-21)
(0.85671779 0.043699275 0)
(0.85671779 0.043699275 -8.83317e-21)
(0.85671779 0.043699275 0)
(0.85671779 0.043699275 3.9896504e-24)
(0.85671779 0.043699275 -7.8793717e-21)
(0.85671779 0.043699275 7.6008453e-21)
(0.85671779 0.043699275 0)
(0.85671779 0.043699275 9.3157595e-23)
(0.85671779 0.043699275 0)
(0.85671779 0.043699275 0)
(0.85671779 0.043699275 9.4796679e-23)
(0.85671779 0.043699275 0)
(0.85671779 0.043699275 9.5921826e-23)
(0.85671779 0.043699275 0)
(0.85671779 0.043699275 9.7074003e-23)
(0.85671779 0.043699275 0)
(0.85671779 0.043699275 1.9650839e-22)
(0.85671779 0.043699275 9.8855118e-23)
(0.85671779 0.043699275 0)
)
;

boundaryField
{
    Side
    {
        type            empty;
    }
    Inlet
    {
        type            inletOutlet;
        inletValue      uniform (0.85671779 0.043699275 0);
        value           nonuniform List<vector> 
82
(
(0.85671779 0.043699275 0)
(0.85671779 0.043699275 0)
(0.85671779 0.043699275 0)
(0.85671779 0.043699275 0)
(0.85671779 0.043699275 0)
(0.85671779 0.043699275 -1.6444252e-20)
(0.85671779 0.043699275 1.6436894e-20)
(0.85671779 0.043699275 -1.6429542e-20)
(0.85671779 0.043699275 1.5679779e-33)
(0.85671779 0.043699275 1.641486e-20)
(0.85671779 0.043699275 0)
(0.85671779 0.043699275 0)
(0.85671779 0.043699275 0)
(0.85671779 0.043699275 0)
(0.85671779 0.043699275 1.6378265e-20)
(0.85671779 0.043699275 1.1517764e-32)
(0.85671779 0.043699275 -1.6363671e-20)
(0.85671779 0.043699275 -1.6356385e-20)
(0.85671779 0.043699275 -2.2082277e-32)
(0.85671779 0.043699275 1.4287603e-20)
(0.85671779 0.043699275 -1.4283371e-20)
(0.85671779 0.043699275 1.4279143e-20)
(0.85671779 0.043699275 -1.4274917e-20)
(0.85671779 0.043699275 -2.5920221e-33)
(0.85671779 0.043699275 2.2966502e-33)
(0.85671779 0.043699275 1.4262255e-20)
(0.85671779 0.043699275 0)
(0.85671779 0.043699275 0)
(0.85671779 0.043699275 -1.4249615e-20)
(0.85671779 0.043699275 -2.9163928e-33)
(0.85671779 0.043699275 7.2793434e-33)
(0.85671779 0.043699275 2.8473996e-20)
(0.85671779 0.043699275 -4.7130451e-22)
(0.85671779 0.043699275 9.1993998e-25)
(0.85671779 0.043699275 0)
(0.85671779 0.043699275 9.3992099e-22)
(0.85671779 0.043699275 -9.411697e-22)
(0.85671779 0.043699275 -9.405816e-22)
(0.85671779 0.043699275 9.3999422e-22)
(0.85671779 0.043699275 0)
(0.85671779 0.043699275 0)
(0.85671779 0.043699275 0)
(0.85671779 0.043699275 0)
(0.85671779 0.043699275 0)
(0.85671779 0.043699275 0)
(0.85671779 0.043699275 0)
(0.85671779 0.043699275 0)
(0.85671779 0.043699275 0)
(0.85671779 0.043699275 0)
(0.85671779 0.043699275 0)
(0.85671779 0.043699275 0)
(0.85671779 0.043699275 0)
(0.85671779 0.043699275 0)
(0.85671779 0.043699275 0)
(0.85671779 0.043699275 -1.6654938e-20)
(0.85671779 0.043699275 0)
(0.85671779 0.043699275 0)
(0.85671779 0.043699275 1.6647396e-20)
(0.85671779 0.043699275 -1.6644883e-20)
(0.85671779 0.043699275 -1.6642371e-20)
(0.85671779 0.043699275 1.663986e-20)
(0.85671779 0.043699275 0)
(0.85671779 0.043699275 -1.6634839e-20)
(0.85671779 0.043699275 1.6632331e-20)
(0.85671779 0.043699275 1.6629823e-20)
(0.85671779 0.043699275 1.5777787e-32)
(0.85671779 0.043699275 -3.3249619e-20)
(0.85671779 0.043699275 1.6622302e-20)
(0.85671779 0.043699275 0)
(0.85671779 0.043699275 0)
(0.85671779 0.043699275 -4.2572693e-25)
(0.85671779 0.043699275 0)
(0.85671779 0.043699275 0)
(0.85671779 0.043699275 0)
(0.85671779 0.043699275 0)
(0.85671779 0.043699275 0)
(0.85671779 0.043699275 0)
(0.85671779 0.043699275 -4.2486639e-25)
(0.85671779 0.043699275 0)
(0.85671779 0.043699275 0)
(0.85671779 0.043699275 1.3909972e-20)
(0.85671779 0.043699275 -1.3905961e-20)
)
;
    }
    Airfoil
    {
        type            noSlip;
    }
    Outlet
    {
        type            zeroGradient;
    }
    Flap
    {
        type            noSlip;
    }
    procBoundary6to5
    {
        type            processor;
        value           nonuniform List<vector> 
188
(
(0.85671779 0.043699275 0)
(0.85671779 0.043699275 -1.3324103e-21)
(0.85671779 0.043699275 1.3324561e-21)
(0.85671779 0.043699275 0)
(0.85671779 0.043699275 0)
(0.85671779 0.043699275 0)
(0.85671779 0.043699275 -6.6631966e-22)
(0.85671779 0.043699275 6.6634258e-22)
(0.85671779 0.043699275 -6.6636549e-22)
(0.85671779 0.043699275 1.3327768e-21)
(0.85671779 0.043699275 -6.6641132e-22)
(0.85671779 0.043699275 -6.6643424e-22)
(0.85671779 0.043699275 6.6645716e-22)
(0.85671779 0.043699275 6.6648049e-22)
(0.85671779 0.043699275 2.7506325e-22)
(0.85671779 0.043699275 -1.435515e-22)
(0.85671779 0.043699275 -1.5012249e-22)
(0.85671779 0.043699275 -1.573239e-22)
(0.85671779 0.043699275 -1.573239e-22)
(0.85671779 0.043699275 5.3254861e-35)
(0.85671779 0.043699275 -3.4636981e-22)
(0.85671779 0.043699275 0)
(0.85671779 0.043699275 -4.8370131e-35)
(0.85671779 0.043699275 -4.8370131e-35)
(0.85671779 0.043699275 4.092387e-22)
(0.85671779 0.043699275 -4.3647065e-22)
(0.85671779 0.043699275 -3.5068884e-22)
(0.85671779 0.043699275 -3.5068884e-22)
(0.85671779 0.043699275 -6.2498883e-22)
(0.85671779 0.043699275 1.3531222e-22)
(0.85671779 0.043699275 1.3531222e-22)
(0.85671779 0.043699275 1.2853466e-21)
(0.85671779 0.043699275 -1.4395482e-22)
(0.85671779 0.043699275 2.902233e-22)
(0.85671779 0.043699275 0)
(0.85671779 0.043699275 0)
(0.85671779 0.043699275 -1.0468309e-22)
(0.85671779 0.043699275 5.3285535e-23)
(0.85671779 0.043699275 -1.8992471e-22)
(0.85671779 0.043699275 1.3819871e-22)
(0.85671779 0.043699275 5.2905638e-35)
(0.85671779 0.043699275 -4.5755634e-22)
(0.85671779 0.043699275 -4.6475382e-23)
(0.85671779 0.043699275 -1.416544e-22)
(0.85671779 0.043699275 2.3992507e-22)
(0.85671779 0.043699275 -1.4633164e-22)
(0.85671779 0.043699275 2.9757608e-22)
(0.85671779 0.043699275 -2.0177108e-22)
(0.85671779 0.043699275 5.1318941e-23)
(0.85671779 0.043699275 1.5667826e-22)
(0.85671779 0.043699275 1.5667826e-22)
(0.85671779 0.043699275 -6.4971837e-23)
(0.85671779 0.043699275 5.2094152e-23)
(0.85671779 0.043699275 9.1369931e-23)
(0.85671779 0.043699275 -1.177406e-22)
(0.85671779 0.043699275 -2.0978981e-22)
(0.85671779 0.043699275 1.9712358e-22)
(0.85671779 0.043699275 0)
(0.85671779 0.043699275 -4.3564603e-22)
(0.85671779 0.043699275 8.3358517e-22)
(0.85671779 0.043699275 -4.111147e-22)
(0.85671779 0.043699275 -1.3292157e-23)
(0.85671779 0.043699275 0)
(0.85671779 0.043699275 1.3353362e-23)
(0.85671779 0.043699275 1.3384171e-23)
(0.85671779 0.043699275 0)
(0.85671779 0.043699275 0)
(0.85671779 0.043699275 0)
(0.85671779 0.043699275 0)
(0.85671779 0.043699275 0)
(0.85671779 0.043699275 0)
(0.85671779 0.043699275 0)
(0.85671779 0.043699275 0)
(0.85671779 0.043699275 0)
(0.85671779 0.043699275 0)
(0.85671779 0.043699275 0)
(0.85671779 0.043699275 0)
(0.85671779 0.043699275 0)
(0.85671779 0.043699275 0)
(0.85671779 0.043699275 -2.9702847e-22)
(0.85671779 0.043699275 0)
(0.85671779 0.043699275 0)
(0.85671779 0.043699275 -1.3657019e-22)
(0.85671779 0.043699275 2.403786e-22)
(0.85671779 0.043699275 -1.3815738e-22)
(0.85671779 0.043699275 -1.3896489e-22)
(0.85671779 0.043699275 1.3978189e-22)
(0.85671779 0.043699275 0)
(0.85671779 0.043699275 -3.5361266e-23)
(0.85671779 0.043699275 0)
(0.85671779 0.043699275 -2.8629657e-22)
(0.85671779 0.043699275 2.5202692e-22)
(0.85671779 0.043699275 0)
(0.85671779 0.043699275 2.9156294e-22)
(0.85671779 0.043699275 2.9156294e-22)
(0.85671779 0.043699275 -1.2995735e-21)
(0.85671779 0.043699275 1.378722e-21)
(0.85671779 0.043699275 1.378722e-21)
(0.85671779 0.043699275 1.4681365e-21)
(0.85671779 0.043699275 1.4681365e-21)
(0.85671779 0.043699275 0)
(0.85671779 0.043699275 0)
(0.85671779 0.043699275 -1.686944e-21)
(0.85671779 0.043699275 -1.686944e-21)
(0.85671779 0.043699275 -6.1755607e-24)
(0.85671779 0.043699275 -1.2637021e-20)
(0.85671779 0.043699275 1.2638845e-20)
(0.85671779 0.043699275 -1.2628328e-20)
(0.85671779 0.043699275 1.2623986e-20)
(0.85671779 0.043699275 -1.2619647e-20)
(0.85671779 0.043699275 -1.2952248e-20)
(0.85671779 0.043699275 6.3221095e-24)
(0.85671779 0.043699275 1.2930479e-20)
(0.85671779 0.043699275 -6.3176563e-24)
(0.85671779 0.043699275 0)
(0.85671779 0.043699275 -1.2942078e-20)
(0.85671779 0.043699275 1.2931213e-20)
(0.85671779 0.043699275 -6.3087672e-24)
(0.85671779 0.043699275 -6.3087672e-24)
(0.85671779 0.043699275 0)
(0.85671779 0.043699275 5.2357989e-24)
(0.85671779 0.043699275 -1.0720532e-20)
(0.85671779 0.043699275 1.0718151e-20)
(0.85671779 0.043699275 5.2323095e-24)
(0.85671779 0.043699275 5.2323095e-24)
(0.85671779 0.043699275 -1.0481105e-20)
(0.85671779 0.043699275 1.047883e-20)
(0.85671779 0.043699275 1.0466329e-20)
(0.85671779 0.043699275 -2.0933228e-20)
(0.85671779 0.043699275 5.1107904e-24)
(0.85671779 0.043699275 1.0459517e-20)
(0.85671779 0.043699275 1.0462358e-20)
(0.85671779 0.043699275 -1.0465196e-20)
(0.85671779 0.043699275 -1.0452714e-20)
(0.85671779 0.043699275 -9.4412136e-22)
(0.85671779 0.043699275 5.0210304e-22)
(0.85671779 0.043699275 5.3658555e-22)
(0.85671779 0.043699275 5.3658555e-22)
(0.85671779 0.043699275 -5.7789837e-22)
(0.85671779 0.043699275 -4.9065129e-24)
(0.85671779 0.043699275 -4.9065129e-24)
(0.85671779 0.043699275 6.9048868e-22)
(0.85671779 0.043699275 7.5290611e-22)
(0.85671779 0.043699275 7.5290611e-22)
(0.85671779 0.043699275 -1.6645818e-21)
(0.85671779 0.043699275 -1.6645818e-21)
(0.85671779 0.043699275 -1.8771723e-21)
(0.85671779 0.043699275 1.8748319e-21)
(0.85671779 0.043699275 1.8748319e-21)
(0.85671779 0.043699275 -2.1381569e-21)
(0.85671779 0.043699275 -2.1381569e-21)
(0.85671779 0.043699275 2.497255e-21)
(0.85671779 0.043699275 -8.4014513e-24)
(0.85671779 0.043699275 -8.4014513e-24)
(0.85671779 0.043699275 0)
(0.85671779 0.043699275 1.7879546e-21)
(0.85671779 0.043699275 1.7879546e-21)
(0.85671779 0.043699275 1.1971051e-23)
(0.85671779 0.043699275 1.1971051e-23)
(0.85671779 0.043699275 0)
(0.85671779 0.043699275 0)
(0.85671779 0.043699275 -1.0355448e-33)
(0.85671779 0.043699275 -1.0355448e-33)
(0.85671779 0.043699275 5.445306e-22)
(0.85671779 0.043699275 5.445306e-22)
(0.85671779 0.043699275 0)
(0.85671779 0.043699275 0)
(0.85671779 0.043699275 0)
(0.85671779 0.043699275 0)
(0.85671779 0.043699275 -2.1810322e-20)
(0.85671779 0.043699275 4.3617341e-20)
(0.85671779 0.043699275 4.3606062e-20)
(0.85671779 0.043699275 -2.1800046e-20)
(0.85671779 0.043699275 -2.179574e-20)
(0.85671779 0.043699275 -2.1794096e-20)
(0.85671779 0.043699275 -2.1784466e-20)
(0.85671779 0.043699275 2.1780169e-20)
(0.85671779 0.043699275 4.3559699e-20)
(0.85671779 0.043699275 -2.1774226e-20)
(0.85671779 0.043699275 2.1767271e-20)
(0.85671779 0.043699275 2.1319433e-20)
(0.85671779 0.043699275 2.1312706e-20)
(0.85671779 0.043699275 2.601146e-24)
(0.85671779 0.043699275 2.601146e-24)
(0.85671779 0.043699275 -7.6164542e-21)
(0.85671779 0.043699275 -7.6226885e-21)
(0.85671779 0.043699275 7.6140487e-21)
(0.85671779 0.043699275 7.6140487e-21)
)
;
    }
    procBoundary6to7
    {
        type            processor;
        value           nonuniform List<vector> 
120
(
(0.85671779 0.043699275 0)
(0.85671779 0.043699275 0)
(0.85671779 0.043699275 0)
(0.85671779 0.043699275 0)
(0.85671779 0.043699275 1.9382974e-21)
(0.85671779 0.043699275 -1.9382853e-21)
(0.85671779 0.043699275 0)
(0.85671779 0.043699275 0)
(0.85671779 0.043699275 0)
(0.85671779 0.043699275 0)
(0.85671779 0.043699275 4.8455618e-22)
(0.85671779 0.043699275 -2.4227658e-22)
(0.85671779 0.043699275 -2.4227506e-22)
(0.85671779 0.043699275 2.4227355e-22)
(0.85671779 0.043699275 -2.422721e-22)
(0.85671779 0.043699275 -2.422721e-22)
(0.85671779 0.043699275 0)
(0.85671779 0.043699275 0)
(0.85671779 0.043699275 0)
(0.85671779 0.043699275 -9.528565e-23)
(0.85671779 0.043699275 0)
(0.85671779 0.043699275 9.6403334e-23)
(0.85671779 0.043699275 0)
(0.85671779 0.043699275 9.754755e-23)
(0.85671779 0.043699275 -9.8129904e-23)
(0.85671779 0.043699275 0)
(0.85671779 0.043699275 -9.9315724e-23)
(0.85671779 0.043699275 0)
(0.85671779 0.043699275 1.0053055e-22)
(0.85671779 0.043699275 0)
(0.85671779 0.043699275 1.0114918e-22)
(0.85671779 0.043699275 0)
(0.85671779 0.043699275 0)
(0.85671779 0.043699275 0)
(0.85671779 0.043699275 0)
(0.85671779 0.043699275 0)
(0.85671779 0.043699275 -1.9012478e-22)
(0.85671779 0.043699275 1.9012455e-22)
(0.85671779 0.043699275 0)
(0.85671779 0.043699275 3.8024816e-22)
(0.85671779 0.043699275 -7.604954e-22)
(0.85671779 0.043699275 3.8024723e-22)
(0.85671779 0.043699275 0)
(0.85671779 0.043699275 -7.604926e-22)
(0.85671779 0.043699275 1.5209833e-21)
(0.85671779 0.043699275 -7.6049071e-22)
(0.85671779 0.043699275 0)
(0.85671779 0.043699275 4.6974603e-21)
(0.85671779 0.043699275 -4.6974692e-21)
(0.85671779 0.043699275 0)
(0.85671779 0.043699275 4.6974871e-21)
(0.85671779 0.043699275 -2.5022857e-33)
(0.85671779 0.043699275 -4.6975047e-21)
(0.85671779 0.043699275 -4.6975136e-21)
(0.85671779 0.043699275 7.1658192e-34)
(0.85671779 0.043699275 4.6975316e-21)
(0.85671779 0.043699275 4.6975405e-21)
(0.85671779 0.043699275 -4.6975492e-21)
(0.85671779 0.043699275 0)
(0.85671779 0.043699275 0)
(0.85671779 0.043699275 5.0004793e-21)
(0.85671779 0.043699275 5.0004793e-21)
(0.85671779 0.043699275 6.4565485e-34)
(0.85671779 0.043699275 -5.0004558e-21)
(0.85671779 0.043699275 -8.5494794e-35)
(0.85671779 0.043699275 2.5002178e-21)
(0.85671779 0.043699275 2.5002128e-21)
(0.85671779 0.043699275 -2.5002078e-21)
(0.85671779 0.043699275 0)
(0.85671779 0.043699275 0)
(0.85671779 0.043699275 0)
(0.85671779 0.043699275 0)
(0.85671779 0.043699275 0)
(0.85671779 0.043699275 0)
(0.85671779 0.043699275 -2.3487924e-21)
(0.85671779 0.043699275 0)
(0.85671779 0.043699275 0)
(0.85671779 0.043699275 3.0530348e-22)
(0.85671779 0.043699275 -3.0530303e-22)
(0.85671779 0.043699275 0)
(0.85671779 0.043699275 0)
(0.85671779 0.043699275 0)
(0.85671779 0.043699275 0)
(0.85671779 0.043699275 0)
(0.85671779 0.043699275 0)
(0.85671779 0.043699275 -1.2211995e-21)
(0.85671779 0.043699275 1.2211977e-21)
(0.85671779 0.043699275 0)
(0.85671779 0.043699275 0)
(0.85671779 0.043699275 0)
(0.85671779 0.043699275 -3.3379748e-23)
(0.85671779 0.043699275 9.2623755e-23)
(0.85671779 0.043699275 3.3379773e-23)
(0.85671779 0.043699275 -6.6759596e-23)
(0.85671779 0.043699275 6.6759646e-23)
(0.85671779 0.043699275 0)
(0.85671779 0.043699275 0)
(0.85671779 0.043699275 0)
(0.85671779 0.043699275 2.6703939e-22)
(0.85671779 0.043699275 -2.6703959e-22)
(0.85671779 0.043699275 2.6703979e-22)
(0.85671779 0.043699275 -2.6703999e-22)
(0.85671779 0.043699275 2.6704019e-22)
(0.85671779 0.043699275 -2.6704039e-22)
(0.85671779 0.043699275 0)
(0.85671779 0.043699275 0)
(0.85671779 0.043699275 9.2623755e-23)
(0.85671779 0.043699275 9.3157592e-23)
(0.85671779 0.043699275 0)
(0.85671779 0.043699275 0)
(0.85671779 0.043699275 0)
(0.85671779 0.043699275 0)
(0.85671779 0.043699275 9.5921824e-23)
(0.85671779 0.043699275 0)
(0.85671779 0.043699275 9.7074e-23)
(0.85671779 0.043699275 0)
(0.85671779 0.043699275 9.8254193e-23)
(0.85671779 0.043699275 9.8855116e-23)
(0.85671779 0.043699275 9.9463434e-23)
(0.85671779 0.043699275 0)
)
;
    }
}


// ************************************************************************* //
