/*--------------------------------*- C++ -*----------------------------------*\
| =========                 |                                                 |
| \\      /  F ield         | OpenFOAM: The Open Source CFD Toolbox           |
|  \\    /   O peration     | Version:  2206                                  |
|   \\  /    A nd           | Website:  www.openfoam.com                      |
|    \\/     M anipulation  |                                                 |
\*---------------------------------------------------------------------------*/
FoamFile
{
    version     2.0;
    format      ascii;
    arch        "LSB;label=32;scalar=64";
    class       labelList;
    location    "constant/polyMesh";
    object      cellProcAddressing;
}
// * * * * * * * * * * * * * * * * * * * * * * * * * * * * * * * * * * * * * //


1396
(
434
435
436
437
438
439
440
448
449
450
451
452
453
454
455
456
457
458
459
460
461
462
463
464
465
466
467
468
469
470
471
472
473
474
475
476
477
478
479
480
481
482
483
484
485
486
487
488
489
490
491
492
493
494
495
496
497
498
499
500
501
502
503
504
505
506
507
508
509
510
511
512
513
514
515
516
517
518
519
520
521
522
523
524
525
526
527
528
529
530
531
532
533
534
535
536
537
538
539
540
541
542
543
544
545
546
547
548
549
550
551
552
553
554
555
556
557
558
559
560
561
562
563
564
565
566
567
568
569
570
571
572
573
574
575
576
577
578
579
580
581
582
583
584
585
586
587
588
589
590
591
592
593
594
595
596
597
598
599
600
601
602
603
604
605
606
607
608
609
610
611
612
613
614
615
616
617
618
619
620
621
622
623
624
625
626
627
628
629
630
631
632
633
634
635
636
637
638
639
640
641
642
643
644
645
646
647
648
649
650
651
652
653
654
655
656
657
658
659
660
661
662
663
664
665
666
667
668
669
670
671
672
673
674
675
676
677
678
679
680
681
682
683
684
685
8624
8625
8626
8627
8628
8629
8630
8631
8632
8633
8638
8639
8640
8641
8642
8643
8644
8645
8646
8647
8652
8653
8654
8655
8656
8657
8658
8659
8660
8661
8666
8667
8668
8669
8670
8671
8672
8673
8674
8675
8680
8681
8682
8683
8684
8685
8686
8687
8688
8689
8694
8695
8696
8697
8698
8699
8700
8701
8702
8703
8708
8709
8710
8711
8712
8713
8714
8715
8716
8717
8722
8723
8724
8725
8726
8727
8728
8729
8730
8731
8736
8737
8738
8739
8740
8741
8742
8743
8744
8745
8750
8751
8752
8753
8754
8755
8756
8757
8758
8759
8764
8765
8766
8767
8768
8769
8770
8771
8772
8773
8778
8779
8780
8781
8782
8783
8784
8785
8786
8787
8792
8793
8794
8795
8796
8797
8798
8799
8800
8801
8806
8807
8808
8809
8810
8811
8812
8813
8814
8815
8820
8821
8822
8823
8824
8825
8826
8827
8828
8829
8830
8831
8832
8833
8834
8835
8836
8837
8838
8839
8840
8841
8842
8843
8844
8845
8846
8847
8848
8849
8850
8851
8852
8853
8854
8855
8856
8857
8858
8859
8860
8861
8862
8863
8864
8865
8866
8867
8868
8869
8870
8871
8872
8873
8874
8875
8876
8877
8878
8879
8880
8881
8882
8883
8884
8885
8886
8887
8888
8889
8890
8891
8892
8893
8894
8895
8896
8897
8898
8899
8900
8901
8902
8903
8904
8905
8906
8907
8908
8909
8910
8911
8912
8913
8914
8915
8916
8917
8918
8919
8920
8921
8922
8923
8924
8925
8926
8927
8928
8929
8930
8931
8932
8933
8934
8935
8936
8937
8938
8939
8940
8941
8942
8943
8944
8945
8946
8947
8948
8949
8950
8951
8952
8953
8954
8955
8956
8957
8958
8959
8960
8961
8962
8963
8964
8965
8966
8967
8968
8969
8970
8971
8972
8973
8974
8975
8976
8977
8978
8979
8980
8981
8982
8983
8984
8985
8986
8987
8988
8989
8990
8991
8992
8993
8994
8995
8996
8997
8998
8999
9000
9001
9002
9003
9004
9005
9006
9007
9008
9009
9010
9011
9012
9013
9014
9015
9018
9019
9020
9021
9022
9023
9024
9025
9026
9027
9028
9029
9034
9035
9036
9037
9038
9039
9040
9041
9042
9043
9049
9050
9051
9052
9053
9054
9055
9056
9057
9065
9066
9067
9068
9069
9070
9071
9080
9081
9082
9083
9084
9085
9096
9097
9098
9099
9111
9112
9113
9126
9127
9141
9608
9609
9610
9611
9612
9613
9614
9615
9616
9617
9622
9623
9624
9625
9626
9627
9628
9629
9630
9631
9636
9637
9638
9639
9640
9641
9642
9643
9644
9645
9650
9651
9652
9653
9654
9655
9656
9657
9658
9659
9664
9665
9666
9667
9668
9669
9670
9671
9672
9673
9678
9679
9680
9681
9682
9683
9684
9685
9686
9687
9692
9693
9694
9695
9696
9697
9698
9699
9700
9701
9706
9707
9708
9709
9710
9711
9712
9713
9714
9715
9720
9721
9722
9723
9724
9725
9726
9727
9728
9729
9734
9735
9736
9737
9738
9739
9740
9741
9742
9743
9748
9749
9750
9751
9752
9753
9754
9755
9756
9757
9762
9763
9764
9765
9766
9767
9768
9769
9770
9771
9776
9777
9778
9779
9780
9781
9782
9783
9784
9785
9790
9791
9792
9793
9794
9795
9796
9797
9798
9799
9800
9801
9802
9803
9804
9805
9806
9807
9808
9809
9810
9811
9812
9813
9814
9815
9816
9817
9818
9819
9820
9821
9822
9823
9824
9825
9826
9827
9828
9829
9830
9831
9832
9833
9834
9835
9836
9837
9838
9839
9840
9841
9842
9843
9844
9845
9846
9847
9848
9849
9850
9851
9852
9853
9854
9855
9856
9857
9858
9859
9860
9861
9862
9863
9864
9865
9866
9867
9868
9869
9870
9871
9872
9873
9874
9875
9876
9877
9878
9879
9880
9881
9882
9883
9884
9885
9886
9887
9888
9889
9890
9891
9892
9893
9894
9895
9896
9897
9898
9899
9900
9901
9902
9903
9904
9905
9906
9907
9908
9909
9910
9911
9912
9913
9914
9915
9916
9917
9918
9919
9920
9921
9922
9923
9924
9925
9926
9927
9928
9929
9930
9931
9932
9933
9934
9935
9936
9937
9938
9939
9940
9941
9942
9943
9944
9945
9946
9947
9948
9949
9950
9951
9952
9953
9954
9955
9956
9957
9958
9959
9960
9961
9962
9963
9964
9965
9966
9967
9968
9969
9970
9971
9972
9973
9974
9975
9976
9977
9978
9979
9980
9981
9982
9983
9984
9985
9986
9987
9988
9989
9990
9991
9992
9993
9994
9995
10052
10053
10054
10055
10056
10057
10058
10059
10060
10061
10062
10066
10067
10068
10069
10070
10071
10072
10073
10074
10075
10076
10077
10078
10079
10080
10081
10082
10083
10084
10085
10086
10087
10088
10089
10090
10091
10092
10093
10094
10095
10096
10097
10098
10099
10100
10101
10102
10103
10104
10105
10106
10107
10108
10109
10110
10111
10112
10113
10114
10115
10116
10117
10118
10119
10120
10121
10122
10123
10124
10125
10126
10127
10128
10129
10130
10131
10132
10133
10134
10135
10136
10137
10138
10139
10140
10141
10142
10143
10144
10145
10146
10147
10148
10149
10150
10151
10152
10153
10154
10155
10156
10157
10158
10159
10160
10161
10162
10163
10164
10165
10166
10167
10168
10169
10170
10171
10172
10173
10174
10175
10176
10177
10178
10179
10180
10181
10182
10183
10184
10185
10186
10187
10188
10189
10190
10191
10836
10837
10838
10839
10840
10841
10842
10843
10844
10845
10846
10847
10848
10849
10850
10851
10852
10853
10854
10855
10856
10857
10858
10859
10860
10861
10862
10863
10864
10865
10866
10867
10868
10869
10870
10871
10872
10873
10874
10875
10876
10877
10878
10879
10880
10881
10882
10883
10884
10885
10886
10887
10888
10889
10890
10891
10892
10893
10894
10895
10896
10897
10898
10899
10900
10901
10902
10903
10904
10905
10906
10907
10908
10909
10910
10911
10912
10913
10914
10915
10916
10917
10918
10919
10920
10921
10922
10923
10924
10925
10926
10927
10928
10929
10930
10931
10932
10933
10934
10935
10936
10937
10938
10939
10940
10941
10942
10943
10944
10945
10946
10947
10948
10949
10950
10951
10952
10953
10954
10955
10956
10957
10958
10959
10960
10961
10962
10963
10964
10965
10966
10967
10968
10969
10970
10971
10972
10973
10974
10975
10983
10984
10985
10986
10987
10988
10989
10996
10997
10998
10999
11000
11001
11002
11003
11010
11011
11012
11013
11014
11015
11016
11017
11023
11024
11025
11026
11027
11028
11029
11030
11031
11037
11038
11039
11040
11041
11042
11043
11044
11045
11050
11051
11052
11053
11054
11055
11056
11057
11058
11059
11064
11065
11066
11067
11068
11069
11070
11071
11072
11073
11077
11078
11079
11080
11081
11082
11083
11084
11085
11086
11087
11091
11092
11093
11094
11095
11096
11097
11098
11099
11100
11101
11104
11105
11106
11107
11108
11109
11110
11111
11112
11113
11114
11115
11118
11119
11120
11121
11122
11123
11124
11125
11126
11127
11128
11129
11131
11132
11133
11134
11135
11136
11137
11138
11139
11140
11141
11142
11143
11144
11145
11146
11147
11148
11149
11150
11151
11152
11153
11154
11155
11156
11157
11158
11159
11160
11161
11162
11163
11164
11165
11166
11167
11168
11169
11170
11171
)


// ************************************************************************* //
