/*--------------------------------*- C++ -*----------------------------------*\
| =========                 |                                                 |
| \\      /  F ield         | OpenFOAM: The Open Source CFD Toolbox           |
|  \\    /   O peration     | Version:  2206                                  |
|   \\  /    A nd           | Website:  www.openfoam.com                      |
|    \\/     M anipulation  |                                                 |
\*---------------------------------------------------------------------------*/
FoamFile
{
    version     2.0;
    format      ascii;
    arch        "LSB;label=32;scalar=64";
    note        "nPoints:3026  nCells:1396  nFaces:5699  nInternalFaces:2677";
    class       labelList;
    location    "constant/polyMesh";
    object      neighbour;
}
// * * * * * * * * * * * * * * * * * * * * * * * * * * * * * * * * * * * * * //


2677
(
1
7
2
8
3
9
4
10
5
11
6
12
13
8
21
9
22
10
23
11
24
12
25
13
26
14
27
15
28
16
29
17
30
18
31
19
32
20
33
34
1108
22
35
23
36
24
37
25
38
26
39
27
40
28
41
29
42
30
43
31
44
32
45
33
46
34
47
48
1122
36
49
37
50
38
51
39
52
40
53
41
54
42
55
43
56
44
57
45
58
46
59
47
60
48
61
62
1136
50
63
51
64
52
65
53
66
54
67
55
68
56
69
57
70
58
71
59
72
60
73
61
74
62
75
76
1150
64
77
65
78
66
79
67
80
68
81
69
82
70
83
71
84
72
85
73
86
74
87
75
88
76
89
90
1164
78
91
79
92
80
93
81
94
82
95
83
96
84
97
85
98
86
99
87
100
88
101
89
102
90
103
104
1178
92
105
93
106
94
107
95
108
96
109
97
110
98
111
99
112
100
113
101
114
102
115
103
116
104
117
118
1192
106
119
107
120
108
121
109
122
110
123
111
124
112
125
113
126
114
127
115
128
116
129
117
130
118
131
132
1206
120
133
121
134
122
135
123
136
124
137
125
138
126
139
127
140
128
141
129
142
130
143
131
144
132
145
146
1220
134
147
135
148
136
149
137
150
138
151
139
152
140
153
141
154
142
155
143
156
144
157
145
158
146
159
160
1234
148
161
149
162
150
163
151
164
152
165
153
166
154
167
155
168
156
169
157
170
158
171
159
172
160
173
174
1254
162
175
163
176
164
177
165
178
166
179
167
180
168
181
169
182
170
183
171
184
172
185
173
186
174
187
188
1253
176
189
177
190
178
191
179
192
180
193
181
194
182
195
183
196
184
197
185
198
186
199
187
200
188
201
202
1252
190
203
191
204
192
205
193
206
194
207
195
208
196
209
197
210
198
211
199
212
200
213
201
214
202
215
216
1251
204
217
205
218
206
219
207
220
208
221
209
222
210
223
211
224
212
225
213
226
214
227
215
228
216
229
230
1250
218
231
219
232
220
233
221
234
222
235
223
236
224
237
225
238
226
239
227
240
228
241
229
242
230
243
244
1249
232
233
234
235
236
237
238
239
240
241
242
243
244
1248
246
255
385
1094
247
256
1080
248
257
1066
249
258
1052
250
259
1038
251
260
1024
252
261
1010
253
262
996
254
263
982
264
971
256
265
386
257
266
258
267
259
268
260
269
261
270
262
271
263
272
264
273
274
266
275
387
267
276
268
277
269
278
270
279
271
280
272
281
273
282
274
283
284
276
285
388
277
286
278
287
279
288
280
289
281
290
282
291
283
292
284
293
294
286
295
389
287
296
288
297
289
298
290
299
291
300
292
301
293
302
294
303
304
296
305
390
297
306
298
307
299
308
300
309
301
310
302
311
303
312
304
313
314
306
315
391
307
316
308
317
309
318
310
319
311
320
312
321
313
322
314
323
324
316
325
392
317
326
318
327
319
328
320
329
321
330
322
331
323
332
324
333
334
326
335
393
327
336
328
337
329
338
330
339
331
340
332
341
333
342
334
343
344
336
345
394
337
346
338
347
339
348
340
349
341
350
342
351
343
352
344
353
354
346
355
395
347
356
348
357
349
358
350
359
351
360
352
361
353
362
354
363
364
356
365
396
357
366
358
367
359
368
360
369
361
370
362
371
363
372
364
373
374
366
375
397
367
376
368
377
369
378
370
379
371
380
372
381
373
382
374
383
384
376
398
377
378
379
380
381
382
383
384
386
399
970
387
400
388
401
389
402
390
403
391
404
392
405
393
406
394
407
395
408
396
409
397
410
398
411
412
400
413
969
401
414
402
415
403
416
404
417
405
418
406
419
407
420
408
421
409
422
410
423
411
424
412
425
426
414
427
968
415
428
416
429
417
430
418
431
419
432
420
433
421
434
422
435
423
436
424
437
425
438
426
439
440
428
441
967
429
442
430
443
431
444
432
445
433
446
434
447
435
448
436
449
437
450
438
451
439
452
440
453
454
442
455
966
443
456
444
457
445
458
446
459
447
460
448
461
449
462
450
463
451
464
452
465
453
466
454
467
468
456
469
965
457
470
458
471
459
472
460
473
461
474
462
475
463
476
464
477
465
478
466
479
467
480
468
481
482
470
483
964
471
484
472
485
473
486
474
487
475
488
476
489
477
490
478
491
479
492
480
493
481
494
482
495
496
484
497
963
485
498
486
499
487
500
488
501
489
502
490
503
491
504
492
505
493
506
494
507
495
508
496
509
510
498
511
962
499
512
500
513
501
514
502
515
503
516
504
517
505
518
506
519
507
520
508
521
509
522
510
523
524
512
525
961
513
526
514
527
515
528
516
529
517
530
518
531
519
532
520
533
521
534
522
535
523
536
524
537
538
526
539
960
527
540
528
541
529
542
530
543
531
544
532
545
533
546
534
547
535
548
536
549
537
550
538
551
552
540
553
959
541
554
542
555
543
556
544
557
545
558
546
559
547
560
548
561
549
562
550
563
551
564
552
565
566
554
567
958
555
568
556
569
557
570
558
571
559
572
560
573
561
574
562
575
563
576
564
577
565
578
566
579
580
568
592
957
569
591
570
590
571
589
572
588
573
587
574
586
575
585
576
584
577
583
578
582
579
581
580
582
583
584
593
585
594
586
595
587
596
588
597
589
598
590
599
591
600
592
601
602
774
594
595
603
596
604
597
605
598
606
599
607
600
608
601
609
602
610
611
773
604
605
606
612
607
613
608
614
609
615
610
616
611
617
618
772
613
614
619
615
620
616
621
617
622
618
623
624
771
620
621
622
625
623
626
624
627
628
770
626
627
629
628
630
631
769
630
631
632
633
768
633
634
767
766
636
645
637
646
638
647
639
648
640
649
641
650
642
651
643
652
644
653
654
775
646
655
647
656
648
657
649
658
650
659
651
660
652
661
653
662
654
663
664
789
656
665
657
666
658
667
659
668
660
669
661
670
662
671
663
672
664
673
674
803
666
675
667
676
668
677
669
678
670
679
671
680
672
681
673
682
674
683
684
817
676
685
677
686
678
687
679
688
680
689
681
690
682
691
683
692
684
693
694
831
686
695
687
696
688
697
689
698
690
699
691
700
692
701
693
702
694
703
704
845
696
705
697
706
698
707
699
708
700
709
701
710
702
711
703
712
704
713
714
859
706
715
707
716
708
717
709
718
710
719
711
720
712
721
713
722
714
723
724
873
716
725
717
726
718
727
719
728
720
729
721
730
722
731
723
732
724
733
734
887
726
735
727
736
728
737
729
738
730
739
731
740
732
741
733
742
734
743
744
901
736
745
737
746
738
747
739
748
740
749
741
750
742
751
743
752
744
753
754
915
746
755
747
756
748
757
749
758
750
759
751
760
752
761
753
762
754
763
764
929
756
765
757
766
758
767
759
768
760
769
761
770
762
771
763
772
764
773
774
943
766
767
768
769
770
771
772
773
774
957
776
789
777
790
778
791
779
792
780
793
781
794
782
795
783
796
784
797
785
798
786
799
787
800
788
801
802
1107
790
803
791
804
792
805
793
806
794
807
795
808
796
809
797
810
798
811
799
812
800
813
801
814
802
815
816
1106
804
817
805
818
806
819
807
820
808
821
809
822
810
823
811
824
812
825
813
826
814
827
815
828
816
829
830
1105
818
831
819
832
820
833
821
834
822
835
823
836
824
837
825
838
826
839
827
840
828
841
829
842
830
843
844
1104
832
845
833
846
834
847
835
848
836
849
837
850
838
851
839
852
840
853
841
854
842
855
843
856
844
857
858
1103
846
859
847
860
848
861
849
862
850
863
851
864
852
865
853
866
854
867
855
868
856
869
857
870
858
871
872
1102
860
873
861
874
862
875
863
876
864
877
865
878
866
879
867
880
868
881
869
882
870
883
871
884
872
885
886
1101
874
887
875
888
876
889
877
890
878
891
879
892
880
893
881
894
882
895
883
896
884
897
885
898
886
899
900
1100
888
901
889
902
890
903
891
904
892
905
893
906
894
907
895
908
896
909
897
910
898
911
899
912
900
913
914
1099
902
915
903
916
904
917
905
918
906
919
907
920
908
921
909
922
910
923
911
924
912
925
913
926
914
927
928
1098
916
929
917
930
918
931
919
932
920
933
921
934
922
935
923
936
924
937
925
938
926
939
927
940
928
941
942
1097
930
943
931
944
932
945
933
946
934
947
935
948
936
949
937
950
938
951
939
952
940
953
941
954
942
955
956
1096
944
957
945
958
946
959
947
960
948
961
949
962
950
963
951
964
952
965
953
966
954
967
955
968
956
969
970
1095
958
959
960
961
962
963
964
965
966
967
968
969
970
1094
972
982
973
983
974
984
975
985
976
986
977
987
978
988
979
989
980
990
981
991
992
983
996
984
997
985
998
986
999
987
1000
988
1001
989
1002
990
1003
991
1004
992
1005
993
1006
994
1007
995
1008
1009
997
1010
998
1011
999
1012
1000
1013
1001
1014
1002
1015
1003
1016
1004
1017
1005
1018
1006
1019
1007
1020
1008
1021
1009
1022
1023
1011
1024
1012
1025
1013
1026
1014
1027
1015
1028
1016
1029
1017
1030
1018
1031
1019
1032
1020
1033
1021
1034
1022
1035
1023
1036
1037
1025
1038
1026
1039
1027
1040
1028
1041
1029
1042
1030
1043
1031
1044
1032
1045
1033
1046
1034
1047
1035
1048
1036
1049
1037
1050
1051
1039
1052
1040
1053
1041
1054
1042
1055
1043
1056
1044
1057
1045
1058
1046
1059
1047
1060
1048
1061
1049
1062
1050
1063
1051
1064
1065
1053
1066
1054
1067
1055
1068
1056
1069
1057
1070
1058
1071
1059
1072
1060
1073
1061
1074
1062
1075
1063
1076
1064
1077
1065
1078
1079
1067
1080
1068
1081
1069
1082
1070
1083
1071
1084
1072
1085
1073
1086
1074
1087
1075
1088
1076
1089
1077
1090
1078
1091
1079
1092
1093
1081
1094
1082
1095
1083
1096
1084
1097
1085
1098
1086
1099
1087
1100
1088
1101
1089
1102
1090
1103
1091
1104
1092
1105
1093
1106
1107
1095
1096
1097
1098
1099
1100
1101
1102
1103
1104
1105
1106
1107
1109
1122
1110
1123
1111
1124
1112
1125
1113
1126
1114
1127
1115
1128
1116
1129
1117
1130
1118
1131
1119
1132
1120
1133
1121
1134
1135
1123
1136
1124
1137
1125
1138
1126
1139
1127
1140
1128
1141
1129
1142
1130
1143
1131
1144
1132
1145
1133
1146
1134
1147
1135
1148
1149
1137
1150
1138
1151
1139
1152
1140
1153
1141
1154
1142
1155
1143
1156
1144
1157
1145
1158
1146
1159
1147
1160
1148
1161
1149
1162
1163
1151
1164
1152
1165
1153
1166
1154
1167
1155
1168
1156
1169
1157
1170
1158
1171
1159
1172
1160
1173
1161
1174
1162
1175
1163
1176
1177
1165
1178
1166
1179
1167
1180
1168
1181
1169
1182
1170
1183
1171
1184
1172
1185
1173
1186
1174
1187
1175
1188
1176
1189
1177
1190
1191
1179
1192
1180
1193
1181
1194
1182
1195
1183
1196
1184
1197
1185
1198
1186
1199
1187
1200
1188
1201
1189
1202
1190
1203
1191
1204
1205
1193
1206
1194
1207
1195
1208
1196
1209
1197
1210
1198
1211
1199
1212
1200
1213
1201
1214
1202
1215
1203
1216
1204
1217
1205
1218
1219
1207
1220
1208
1221
1209
1222
1210
1223
1211
1224
1212
1225
1213
1226
1214
1227
1215
1228
1216
1229
1217
1230
1218
1231
1219
1232
1233
1221
1234
1222
1235
1223
1236
1224
1237
1225
1238
1226
1239
1227
1240
1228
1241
1229
1242
1230
1243
1231
1244
1232
1245
1233
1246
1247
1235
1254
1236
1262
1237
1270
1238
1279
1239
1288
1240
1298
1241
1308
1242
1319
1243
1330
1244
1342
1245
1354
1246
1367
1247
1381
1395
1249
1256
1250
1257
1251
1258
1252
1259
1253
1260
1254
1261
1262
1256
1263
1257
1264
1258
1265
1259
1266
1260
1267
1261
1268
1262
1269
1270
1264
1272
1265
1273
1266
1274
1267
1275
1268
1276
1269
1277
1270
1278
1279
1272
1280
1273
1281
1274
1282
1275
1283
1276
1284
1277
1285
1278
1286
1279
1287
1288
1281
1290
1282
1291
1283
1292
1284
1293
1285
1294
1286
1295
1287
1296
1288
1297
1298
1290
1299
1291
1300
1292
1301
1293
1302
1294
1303
1295
1304
1296
1305
1297
1306
1298
1307
1308
1300
1310
1301
1311
1302
1312
1303
1313
1304
1314
1305
1315
1306
1316
1307
1317
1308
1318
1319
1310
1320
1311
1321
1312
1322
1313
1323
1314
1324
1315
1325
1316
1326
1317
1327
1318
1328
1319
1329
1330
1321
1332
1322
1333
1323
1334
1324
1335
1325
1336
1326
1337
1327
1338
1328
1339
1329
1340
1330
1341
1342
1332
1343
1333
1344
1334
1345
1335
1346
1336
1347
1337
1348
1338
1349
1339
1350
1340
1351
1341
1352
1342
1353
1354
1344
1356
1345
1357
1346
1358
1347
1359
1348
1360
1349
1361
1350
1362
1351
1363
1352
1364
1353
1365
1354
1366
1367
1356
1369
1357
1370
1358
1371
1359
1372
1360
1373
1361
1374
1362
1375
1363
1376
1364
1377
1365
1378
1366
1379
1367
1380
1381
1369
1382
1370
1383
1371
1384
1372
1385
1373
1386
1374
1387
1375
1388
1376
1389
1377
1390
1378
1391
1379
1392
1380
1393
1381
1394
1395
1383
1384
1385
1386
1387
1388
1389
1390
1391
1392
1393
1394
1395
)


// ************************************************************************* //
