/*--------------------------------*- C++ -*----------------------------------*\
| =========                 |                                                 |
| \\      /  F ield         | OpenFOAM: The Open Source CFD Toolbox           |
|  \\    /   O peration     | Version:  2206                                  |
|   \\  /    A nd           | Website:  www.openfoam.com                      |
|    \\/     M anipulation  |                                                 |
\*---------------------------------------------------------------------------*/
FoamFile
{
    version     2.0;
    format      ascii;
    arch        "LSB;label=32;scalar=64";
    class       vectorField;
    location    "constant/polyMesh";
    object      points;
}
// * * * * * * * * * * * * * * * * * * * * * * * * * * * * * * * * * * * * * //


3026
(
(0.7419932 -0.01825165 0)
(0.5981999 -0.05292 0)
(0.6154815 0.07758369 0)
(0.7904281 0.04904574 0)
(0.69 0.36 0)
(0.69 -0.32 0)
(0.69 5 0)
(0.69 -5 0)
(0.75 -0.3 0)
(0.81 -5 0)
(0.69 5 1)
(0.69 0.36 1)
(0.7904281 0.04904574 1)
(0.69 -0.32 1)
(0.69 -5 1)
(0.75 -0.3 1)
(0.81 -5 1)
(0.7419932 -0.01825165 1)
(0.5981999 -0.05292 1)
(0.6154815 0.07758369 1)
(0.68467725 0.3398274064 0)
(0.6793545 0.3196548129 0)
(0.67403175 0.2994822193 0)
(0.668709 0.2793096257 0)
(0.66338625 0.2591370321 0)
(0.6580635 0.2389644386 0)
(0.65274075 0.218791845 0)
(0.647418 0.1986192514 0)
(0.64209525 0.1784466579 0)
(0.6367725 0.1582740643 0)
(0.63144975 0.1381014707 0)
(0.626127 0.1179288771 0)
(0.62080425 0.09775628357 0)
(0.3757142857 0.3885714286 0)
(0.4071428571 0.3857142857 0)
(0.4385714286 0.3828571429 0)
(0.47 0.38 0)
(0.5014285714 0.3771428571 0)
(0.5328571429 0.3742857143 0)
(0.5642857143 0.3714285714 0)
(0.5957142857 0.3685714286 0)
(0.6271428571 0.3657142857 0)
(0.6585714286 0.3628571429 0)
(0.7057142857 0.3571428571 0)
(0.7214285714 0.3542857143 0)
(0.7371428571 0.3514285714 0)
(0.7528571429 0.3485714286 0)
(0.7685714286 0.3457142857 0)
(0.7842857143 0.3428571429 0)
(0.8 0.34 0)
(0.60475705 -0.07199714286 0)
(0.6113142 -0.09107428571 0)
(0.61787135 -0.1101514286 0)
(0.6244285 -0.1292285714 0)
(0.63098565 -0.1483057143 0)
(0.6375428 -0.1673828571 0)
(0.64409995 -0.18646 0)
(0.6506571 -0.2055371429 0)
(0.65721425 -0.2246142857 0)
(0.6637714 -0.2436914286 0)
(0.67032855 -0.2627685714 0)
(0.6768857 -0.2818457143 0)
(0.68344285 -0.3009228571 0)
(0.3757142857 -0.3771428571 0)
(0.4071428571 -0.3714285714 0)
(0.4385714286 -0.3657142857 0)
(0.47 -0.36 0)
(0.5014285714 -0.3542857143 0)
(0.5328571429 -0.3485714286 0)
(0.5642857143 -0.3428571429 0)
(0.5957142857 -0.3371428571 0)
(0.6271428571 -0.3314285714 0)
(0.6585714286 -0.3257142857 0)
(0.69 0.6914285714 0)
(0.69 1.022857143 0)
(0.69 1.354285714 0)
(0.69 1.685714286 0)
(0.69 2.017142857 0)
(0.69 2.348571429 0)
(0.69 2.68 0)
(0.69 3.011428571 0)
(0.69 3.342857143 0)
(0.69 3.674285714 0)
(0.69 4.005714286 0)
(0.69 4.337142857 0)
(0.69 4.668571429 0)
(0.3442857143 5 0)
(0.3757142857 5 0)
(0.4071428571 5 0)
(0.4385714286 5 0)
(0.47 5 0)
(0.5014285714 5 0)
(0.5328571429 5 0)
(0.5642857143 5 0)
(0.5957142857 5 0)
(0.6271428571 5 0)
(0.6585714286 5 0)
(0.7057142857 5 0)
(0.7214285714 5 0)
(0.7371428571 5 0)
(0.7528571429 5 0)
(0.7685714286 5 0)
(0.7842857143 5 0)
(0.8 5 0)
(0.69 -0.6542857143 0)
(0.69 -0.9885714286 0)
(0.69 -1.322857143 0)
(0.69 -1.657142857 0)
(0.69 -1.991428571 0)
(0.69 -2.325714286 0)
(0.69 -2.66 0)
(0.69 -2.994285714 0)
(0.69 -3.328571429 0)
(0.69 -3.662857143 0)
(0.69 -3.997142857 0)
(0.69 -4.331428571 0)
(0.69 -4.665714286 0)
(0.3757142857 -5 0)
(0.4071428571 -5 0)
(0.4385714286 -5 0)
(0.47 -5 0)
(0.5014285714 -5 0)
(0.5328571429 -5 0)
(0.5642857143 -5 0)
(0.5957142857 -5 0)
(0.6271428571 -5 0)
(0.6585714286 -5 0)
(0.7995483699 0.0007487441269 0)
(0.7937829365 -0.001121216117 0)
(0.7880286558 -0.003025216613 0)
(0.7822820235 -0.004952200562 0)
(0.7765387425 -0.006889160598 0)
(0.7707942713 -0.008822586207 0)
(0.7650451606 -0.01074216866 0)
(0.759290957 -0.01264642631 0)
(0.75353119 -0.0145337873 0)
(0.7477654879 -0.01640293582 0)
(0.7319025259 -0.02140765596 0)
(0.7217767319 -0.0244489792 0)
(0.7116139053 -0.02736413806 0)
(0.7014201498 -0.03016931862 0)
(0.6912002154 -0.03287759505 0)
(0.6809534681 -0.0354825114 0)
(0.6706767148 -0.03796624982 0)
(0.6603701257 -0.04032320712 0)
(0.6500404726 -0.04257709689 0)
(0.6396944558 -0.0447547642 0)
(0.6293360958 -0.04687300294 0)
(0.6189665533 -0.04893580787 0)
(0.6085878177 -0.05095182346 0)
(0.5729928738 -0.05743298728 0)
(0.5477260668 -0.06159829042 0)
(0.5224016297 -0.06539694805 0)
(0.4970107623 -0.06872097736 0)
(0.4715496412 -0.07145371979 0)
(0.4460301685 -0.07357344176 0)
(0.4204696581 -0.07512456532 0)
(0.3948839172 -0.07618536206 0)
(0.369283892 -0.0768162912 0)
(0.3523474181 0.08814856391 0)
(0.3786955428 0.08836180479 0)
(0.4050445111 0.08831811199 0)
(0.4313917793 0.08801512742 0)
(0.4577346519 0.08744801229 0)
(0.4840701484 0.08660585404 0)
(0.5103947209 0.08547221526 0)
(0.5367042009 0.08403062652 0)
(0.5629939256 0.08226599063 0)
(0.5892562652 0.08013272101 0)
(0.6280716397 0.07619094877 0)
(0.6406501429 0.0746969045 0)
(0.6532145215 0.07308850575 0)
(0.6657639143 0.07136686395 0)
(0.67829811 0.06953799574 0)
(0.6908169194 0.06760645545 0)
(0.7033197538 0.06557413842 0)
(0.7158077062 0.06345216814 0)
(0.7282790134 0.06123443291 0)
(0.7407357948 0.05893656025 0)
(0.75317816 0.05656182132 0)
(0.7656067277 0.05411584171 0)
(0.7780227542 0.05160694839 0)
(0.8075098 0.08775349143 0)
(0.79896895 0.06839961571 0)
(0.6942857143 -0.3185714286 0)
(0.6985714286 -0.3171428571 0)
(0.7028571429 -0.3157142857 0)
(0.7071428571 -0.3142857143 0)
(0.7114285714 -0.3128571429 0)
(0.7157142857 -0.3114285714 0)
(0.72 -0.31 0)
(0.7242857143 -0.3085714286 0)
(0.7285714286 -0.3071428571 0)
(0.7328571429 -0.3057142857 0)
(0.7371428571 -0.3042857143 0)
(0.7414285714 -0.3028571429 0)
(0.7457142857 -0.3014285714 0)
(0.7551428571 -0.3 0)
(0.7602857143 -0.3 0)
(0.7654285714 -0.3 0)
(0.7705714286 -0.3 0)
(0.7757142857 -0.3 0)
(0.7808571429 -0.3 0)
(0.786 -0.3 0)
(0.7911428571 -0.3 0)
(0.7962857143 -0.3 0)
(0.8014285714 -0.3 0)
(0.6985714286 -5 0)
(0.7071428571 -5 0)
(0.7157142857 -5 0)
(0.7242857143 -5 0)
(0.7328571429 -5 0)
(0.7414285714 -5 0)
(0.75 -5 0)
(0.7585714286 -5 0)
(0.7671428571 -5 0)
(0.7757142857 -5 0)
(0.7842857143 -5 0)
(0.7928571429 -5 0)
(0.8014285714 -5 0)
(0.8057142857 -4.664285714 0)
(0.8014285714 -4.328571429 0)
(0.7971428571 -3.992857143 0)
(0.7928571429 -3.657142857 0)
(0.7885714286 -3.321428571 0)
(0.7842857143 -2.985714286 0)
(0.78 -2.65 0)
(0.7757142857 -2.314285714 0)
(0.7714285714 -1.978571429 0)
(0.7671428571 -1.642857143 0)
(0.7628571429 -1.307142857 0)
(0.7585714286 -0.9714285714 0)
(0.7542857143 -0.6357142857 0)
(0.7425651143 -0.03837653214 0)
(0.7431370286 -0.05850141429 0)
(0.7437089429 -0.07862629643 0)
(0.7442808571 -0.09875117857 0)
(0.7448527714 -0.1188760607 0)
(0.7454246857 -0.1390009429 0)
(0.7459966 -0.159125825 0)
(0.7465685143 -0.1792507071 0)
(0.7471404286 -0.1993755893 0)
(0.7477123429 -0.2195004714 0)
(0.7482842571 -0.2396253536 0)
(0.7488561714 -0.2597502357 0)
(0.7494280857 -0.2798751179 0)
(0.3442857143 5 1)
(0.3757142857 5 1)
(0.4071428571 5 1)
(0.4385714286 5 1)
(0.47 5 1)
(0.5014285714 5 1)
(0.5328571429 5 1)
(0.5642857143 5 1)
(0.5957142857 5 1)
(0.6271428571 5 1)
(0.6585714286 5 1)
(0.69 4.668571429 1)
(0.69 4.337142857 1)
(0.69 4.005714286 1)
(0.69 3.674285714 1)
(0.69 3.342857143 1)
(0.69 3.011428571 1)
(0.69 2.68 1)
(0.69 2.348571429 1)
(0.69 2.017142857 1)
(0.69 1.685714286 1)
(0.69 1.354285714 1)
(0.69 1.022857143 1)
(0.69 0.6914285714 1)
(0.6585714286 0.3628571429 1)
(0.6271428571 0.3657142857 1)
(0.5957142857 0.3685714286 1)
(0.5642857143 0.3714285714 1)
(0.5328571429 0.3742857143 1)
(0.5014285714 0.3771428571 1)
(0.47 0.38 1)
(0.4385714286 0.3828571429 1)
(0.4071428571 0.3857142857 1)
(0.3757142857 0.3885714286 1)
(0.7057142857 5 1)
(0.7214285714 5 1)
(0.7371428571 5 1)
(0.7528571429 5 1)
(0.7685714286 5 1)
(0.7842857143 5 1)
(0.8 5 1)
(0.8 0.34 1)
(0.7842857143 0.3428571429 1)
(0.7685714286 0.3457142857 1)
(0.7528571429 0.3485714286 1)
(0.7371428571 0.3514285714 1)
(0.7214285714 0.3542857143 1)
(0.7057142857 0.3571428571 1)
(0.79896895 0.06839961571 1)
(0.8075098 0.08775349143 1)
(0.69 -0.6542857143 1)
(0.69 -0.9885714286 1)
(0.69 -1.322857143 1)
(0.69 -1.657142857 1)
(0.69 -1.991428571 1)
(0.69 -2.325714286 1)
(0.69 -2.66 1)
(0.69 -2.994285714 1)
(0.69 -3.328571429 1)
(0.69 -3.662857143 1)
(0.69 -3.997142857 1)
(0.69 -4.331428571 1)
(0.69 -4.665714286 1)
(0.6585714286 -5 1)
(0.6271428571 -5 1)
(0.5957142857 -5 1)
(0.5642857143 -5 1)
(0.5328571429 -5 1)
(0.5014285714 -5 1)
(0.47 -5 1)
(0.4385714286 -5 1)
(0.4071428571 -5 1)
(0.3757142857 -5 1)
(0.3757142857 -0.3771428571 1)
(0.4071428571 -0.3714285714 1)
(0.4385714286 -0.3657142857 1)
(0.47 -0.36 1)
(0.5014285714 -0.3542857143 1)
(0.5328571429 -0.3485714286 1)
(0.5642857143 -0.3428571429 1)
(0.5957142857 -0.3371428571 1)
(0.6271428571 -0.3314285714 1)
(0.6585714286 -0.3257142857 1)
(0.6942857143 -0.3185714286 1)
(0.6985714286 -0.3171428571 1)
(0.7028571429 -0.3157142857 1)
(0.7071428571 -0.3142857143 1)
(0.7114285714 -0.3128571429 1)
(0.7157142857 -0.3114285714 1)
(0.72 -0.31 1)
(0.7242857143 -0.3085714286 1)
(0.7285714286 -0.3071428571 1)
(0.7328571429 -0.3057142857 1)
(0.7371428571 -0.3042857143 1)
(0.7414285714 -0.3028571429 1)
(0.7457142857 -0.3014285714 1)
(0.7542857143 -0.6357142857 1)
(0.7585714286 -0.9714285714 1)
(0.7628571429 -1.307142857 1)
(0.7671428571 -1.642857143 1)
(0.7714285714 -1.978571429 1)
(0.7757142857 -2.314285714 1)
(0.78 -2.65 1)
(0.7842857143 -2.985714286 1)
(0.7885714286 -3.321428571 1)
(0.7928571429 -3.657142857 1)
(0.7971428571 -3.992857143 1)
(0.8014285714 -4.328571429 1)
(0.8057142857 -4.664285714 1)
(0.8014285714 -5 1)
(0.7928571429 -5 1)
(0.7842857143 -5 1)
(0.7757142857 -5 1)
(0.7671428571 -5 1)
(0.7585714286 -5 1)
(0.75 -5 1)
(0.7414285714 -5 1)
(0.7328571429 -5 1)
(0.7242857143 -5 1)
(0.7157142857 -5 1)
(0.7071428571 -5 1)
(0.6985714286 -5 1)
(0.8014285714 -0.3 1)
(0.7962857143 -0.3 1)
(0.7911428571 -0.3 1)
(0.786 -0.3 1)
(0.7808571429 -0.3 1)
(0.7757142857 -0.3 1)
(0.7705714286 -0.3 1)
(0.7654285714 -0.3 1)
(0.7602857143 -0.3 1)
(0.7551428571 -0.3 1)
(0.7494280857 -0.2798751179 1)
(0.7488561714 -0.2597502357 1)
(0.7482842571 -0.2396253536 1)
(0.7477123429 -0.2195004714 1)
(0.7471404286 -0.1993755893 1)
(0.7465685143 -0.1792507071 1)
(0.7459966 -0.159125825 1)
(0.7454246857 -0.1390009429 1)
(0.7448527714 -0.1188760607 1)
(0.7442808571 -0.09875117857 1)
(0.7437089429 -0.07862629643 1)
(0.7431370286 -0.05850141429 1)
(0.7425651143 -0.03837653214 1)
(0.7477654879 -0.01640293582 1)
(0.75353119 -0.0145337873 1)
(0.759290957 -0.01264642631 1)
(0.7650451606 -0.01074216866 1)
(0.7707942713 -0.008822586207 1)
(0.7765387425 -0.006889160598 1)
(0.7822820235 -0.004952200562 1)
(0.7880286558 -0.003025216613 1)
(0.7937829365 -0.001121216117 1)
(0.7995483699 0.0007487441269 1)
(0.68344285 -0.3009228571 1)
(0.6768857 -0.2818457143 1)
(0.67032855 -0.2627685714 1)
(0.6637714 -0.2436914286 1)
(0.65721425 -0.2246142857 1)
(0.6506571 -0.2055371429 1)
(0.64409995 -0.18646 1)
(0.6375428 -0.1673828571 1)
(0.63098565 -0.1483057143 1)
(0.6244285 -0.1292285714 1)
(0.61787135 -0.1101514286 1)
(0.6113142 -0.09107428571 1)
(0.60475705 -0.07199714286 1)
(0.6085878177 -0.05095182346 1)
(0.6189665533 -0.04893580787 1)
(0.6293360958 -0.04687300294 1)
(0.6396944558 -0.0447547642 1)
(0.6500404726 -0.04257709689 1)
(0.6603701257 -0.04032320712 1)
(0.6706767148 -0.03796624982 1)
(0.6809534681 -0.0354825114 1)
(0.6912002154 -0.03287759505 1)
(0.7014201498 -0.03016931862 1)
(0.7116139053 -0.02736413806 1)
(0.7217767319 -0.0244489792 1)
(0.7319025259 -0.02140765596 1)
(0.5729928738 -0.05743298728 1)
(0.5477260668 -0.06159829042 1)
(0.5224016297 -0.06539694805 1)
(0.4970107623 -0.06872097736 1)
(0.4715496412 -0.07145371979 1)
(0.4460301685 -0.07357344176 1)
(0.4204696581 -0.07512456532 1)
(0.3948839172 -0.07618536206 1)
(0.369283892 -0.0768162912 1)
(0.68467725 0.3398274064 1)
(0.6793545 0.3196548129 1)
(0.67403175 0.2994822193 1)
(0.668709 0.2793096257 1)
(0.66338625 0.2591370321 1)
(0.6580635 0.2389644386 1)
(0.65274075 0.218791845 1)
(0.647418 0.1986192514 1)
(0.64209525 0.1784466579 1)
(0.6367725 0.1582740643 1)
(0.63144975 0.1381014707 1)
(0.626127 0.1179288771 1)
(0.62080425 0.09775628357 1)
(0.5892562652 0.08013272101 1)
(0.5629939256 0.08226599063 1)
(0.5367042009 0.08403062652 1)
(0.5103947209 0.08547221526 1)
(0.4840701484 0.08660585404 1)
(0.4577346519 0.08744801229 1)
(0.4313917793 0.08801512742 1)
(0.4050445111 0.08831811199 1)
(0.3786955428 0.08836180479 1)
(0.3523474181 0.08814856391 1)
(0.7780227542 0.05160694839 1)
(0.7656067277 0.05411584171 1)
(0.75317816 0.05656182132 1)
(0.7407357948 0.05893656025 1)
(0.7282790134 0.06123443291 1)
(0.7158077062 0.06345216814 1)
(0.7033197538 0.06557413842 1)
(0.6908169194 0.06760645545 1)
(0.67829811 0.06953799574 1)
(0.6657639143 0.07136686395 1)
(0.6532145215 0.07308850575 1)
(0.6406501429 0.0746969045 1)
(0.6280716397 0.07619094877 1)
(0.3442857143 4.670816327 0)
(0.3442857143 4.341632653 0)
(0.3442857143 4.01244898 0)
(0.3442857143 3.683265306 0)
(0.3442857143 3.354081633 0)
(0.3442857143 3.024897959 0)
(0.3442857143 2.695714286 0)
(0.3757142857 4.670612245 0)
(0.3757142857 4.34122449 0)
(0.3757142857 4.011836735 0)
(0.3757142857 3.68244898 0)
(0.3757142857 3.353061224 0)
(0.3757142857 3.023673469 0)
(0.3757142857 2.694285714 0)
(0.3757142857 2.364897959 0)
(0.3757142857 2.035510204 0)
(0.3757142857 1.706122449 0)
(0.3757142857 1.376734694 0)
(0.3757142857 1.047346939 0)
(0.3757142857 0.7179591837 0)
(0.4071428571 4.670408163 0)
(0.4071428571 4.340816327 0)
(0.4071428571 4.01122449 0)
(0.4071428571 3.681632653 0)
(0.4071428571 3.352040816 0)
(0.4071428571 3.02244898 0)
(0.4071428571 2.692857143 0)
(0.4071428571 2.363265306 0)
(0.4071428571 2.033673469 0)
(0.4071428571 1.704081633 0)
(0.4071428571 1.374489796 0)
(0.4071428571 1.044897959 0)
(0.4071428571 0.7153061224 0)
(0.4385714286 4.670204082 0)
(0.4385714286 4.340408163 0)
(0.4385714286 4.010612245 0)
(0.4385714286 3.680816327 0)
(0.4385714286 3.351020408 0)
(0.4385714286 3.02122449 0)
(0.4385714286 2.691428571 0)
(0.4385714286 2.361632653 0)
(0.4385714286 2.031836735 0)
(0.4385714286 1.702040816 0)
(0.4385714286 1.372244898 0)
(0.4385714286 1.04244898 0)
(0.4385714286 0.7126530612 0)
(0.47 4.67 0)
(0.47 4.34 0)
(0.47 4.01 0)
(0.47 3.68 0)
(0.47 3.35 0)
(0.47 3.02 0)
(0.47 2.69 0)
(0.47 2.36 0)
(0.47 2.03 0)
(0.47 1.7 0)
(0.47 1.37 0)
(0.47 1.04 0)
(0.47 0.71 0)
(0.5014285714 4.669795918 0)
(0.5014285714 4.339591837 0)
(0.5014285714 4.009387755 0)
(0.5014285714 3.679183673 0)
(0.5014285714 3.348979592 0)
(0.5014285714 3.01877551 0)
(0.5014285714 2.688571429 0)
(0.5014285714 2.358367347 0)
(0.5014285714 2.028163265 0)
(0.5014285714 1.697959184 0)
(0.5014285714 1.367755102 0)
(0.5014285714 1.03755102 0)
(0.5014285714 0.7073469388 0)
(0.5328571429 4.669591837 0)
(0.5328571429 4.339183673 0)
(0.5328571429 4.00877551 0)
(0.5328571429 3.678367347 0)
(0.5328571429 3.347959184 0)
(0.5328571429 3.01755102 0)
(0.5328571429 2.687142857 0)
(0.5328571429 2.356734694 0)
(0.5328571429 2.026326531 0)
(0.5328571429 1.695918367 0)
(0.5328571429 1.365510204 0)
(0.5328571429 1.035102041 0)
(0.5328571429 0.7046938776 0)
(0.5642857143 4.669387755 0)
(0.5642857143 4.33877551 0)
(0.5642857143 4.008163265 0)
(0.5642857143 3.67755102 0)
(0.5642857143 3.346938776 0)
(0.5642857143 3.016326531 0)
(0.5642857143 2.685714286 0)
(0.5642857143 2.355102041 0)
(0.5642857143 2.024489796 0)
(0.5642857143 1.693877551 0)
(0.5642857143 1.363265306 0)
(0.5642857143 1.032653061 0)
(0.5642857143 0.7020408163 0)
(0.5957142857 4.669183673 0)
(0.5957142857 4.338367347 0)
(0.5957142857 4.00755102 0)
(0.5957142857 3.676734694 0)
(0.5957142857 3.345918367 0)
(0.5957142857 3.015102041 0)
(0.5957142857 2.684285714 0)
(0.5957142857 2.353469388 0)
(0.5957142857 2.022653061 0)
(0.5957142857 1.691836735 0)
(0.5957142857 1.361020408 0)
(0.5957142857 1.030204082 0)
(0.5957142857 0.6993877551 0)
(0.6271428571 4.668979592 0)
(0.6271428571 4.337959184 0)
(0.6271428571 4.006938776 0)
(0.6271428571 3.675918367 0)
(0.6271428571 3.344897959 0)
(0.6271428571 3.013877551 0)
(0.6271428571 2.682857143 0)
(0.6271428571 2.351836735 0)
(0.6271428571 2.020816327 0)
(0.6271428571 1.689795918 0)
(0.6271428571 1.35877551 0)
(0.6271428571 1.027755102 0)
(0.6271428571 0.6967346939 0)
(0.6585714286 4.66877551 0)
(0.6585714286 4.33755102 0)
(0.6585714286 4.006326531 0)
(0.6585714286 3.675102041 0)
(0.6585714286 3.343877551 0)
(0.6585714286 3.012653061 0)
(0.6585714286 2.681428571 0)
(0.6585714286 2.350204082 0)
(0.6585714286 2.018979592 0)
(0.6585714286 1.687755102 0)
(0.6585714286 1.356530612 0)
(0.6585714286 1.025306122 0)
(0.6585714286 0.6940816327 0)
(0.7057142857 4.668367347 0)
(0.7057142857 4.336734694 0)
(0.7057142857 4.005102041 0)
(0.7057142857 3.673469388 0)
(0.7057142857 3.341836735 0)
(0.7057142857 3.010204082 0)
(0.7057142857 2.678571429 0)
(0.7057142857 2.346938776 0)
(0.7057142857 2.015306122 0)
(0.7057142857 1.683673469 0)
(0.7057142857 1.352040816 0)
(0.7057142857 1.020408163 0)
(0.7057142857 0.6887755102 0)
(0.7214285714 4.668163265 0)
(0.7214285714 4.336326531 0)
(0.7214285714 4.004489796 0)
(0.7214285714 3.672653061 0)
(0.7214285714 3.340816327 0)
(0.7214285714 3.008979592 0)
(0.7214285714 2.677142857 0)
(0.7214285714 2.345306122 0)
(0.7214285714 2.013469388 0)
(0.7214285714 1.681632653 0)
(0.7214285714 1.349795918 0)
(0.7214285714 1.017959184 0)
(0.7214285714 0.686122449 0)
(0.7371428571 4.667959184 0)
(0.7371428571 4.335918367 0)
(0.7371428571 4.003877551 0)
(0.7371428571 3.671836735 0)
(0.7371428571 3.339795918 0)
(0.7371428571 3.007755102 0)
(0.7371428571 2.675714286 0)
(0.7371428571 2.343673469 0)
(0.7371428571 2.011632653 0)
(0.7371428571 1.679591837 0)
(0.7371428571 1.34755102 0)
(0.7371428571 1.015510204 0)
(0.7371428571 0.6834693878 0)
(0.7528571429 4.667755102 0)
(0.7528571429 4.335510204 0)
(0.7528571429 4.003265306 0)
(0.7528571429 3.671020408 0)
(0.7528571429 3.33877551 0)
(0.7528571429 3.006530612 0)
(0.7528571429 2.674285714 0)
(0.7528571429 2.342040816 0)
(0.7528571429 2.009795918 0)
(0.7528571429 1.67755102 0)
(0.7528571429 1.345306122 0)
(0.7528571429 1.013061224 0)
(0.7528571429 0.6808163265 0)
(0.7685714286 4.66755102 0)
(0.7685714286 4.335102041 0)
(0.7685714286 4.002653061 0)
(0.7685714286 3.670204082 0)
(0.7685714286 3.337755102 0)
(0.7685714286 3.005306122 0)
(0.7685714286 2.672857143 0)
(0.7685714286 2.340408163 0)
(0.7685714286 2.007959184 0)
(0.7685714286 1.675510204 0)
(0.7685714286 1.343061224 0)
(0.7685714286 1.010612245 0)
(0.7685714286 0.6781632653 0)
(0.7842857143 4.667346939 0)
(0.7842857143 4.334693878 0)
(0.7842857143 4.002040816 0)
(0.7842857143 3.669387755 0)
(0.7842857143 3.336734694 0)
(0.7842857143 3.004081633 0)
(0.7842857143 2.671428571 0)
(0.7842857143 2.33877551 0)
(0.7842857143 2.006122449 0)
(0.7842857143 1.673469388 0)
(0.7842857143 1.340816327 0)
(0.7842857143 1.008163265 0)
(0.7842857143 0.6755102041 0)
(0.8 4.667142857 0)
(0.8 4.334285714 0)
(0.8 4.001428571 0)
(0.8 3.668571429 0)
(0.8 3.335714286 0)
(0.8 3.002857143 0)
(0.8 2.67 0)
(0.8 2.337142857 0)
(0.8 2.004285714 0)
(0.8 1.671428571 0)
(0.8 1.338571429 0)
(0.8 1.005714286 0)
(0.8 0.6728571429 0)
(0.6585714286 -0.6595918367 0)
(0.6271428571 -0.6648979592 0)
(0.5957142857 -0.6702040816 0)
(0.5642857143 -0.6755102041 0)
(0.5328571429 -0.6808163265 0)
(0.5014285714 -0.686122449 0)
(0.47 -0.6914285714 0)
(0.4385714286 -0.6967346939 0)
(0.4071428571 -0.7020408163 0)
(0.3757142857 -0.7073469388 0)
(0.6585714286 -0.9934693878 0)
(0.6271428571 -0.9983673469 0)
(0.5957142857 -1.003265306 0)
(0.5642857143 -1.008163265 0)
(0.5328571429 -1.013061224 0)
(0.5014285714 -1.017959184 0)
(0.47 -1.022857143 0)
(0.4385714286 -1.027755102 0)
(0.4071428571 -1.032653061 0)
(0.3757142857 -1.03755102 0)
(0.6585714286 -1.327346939 0)
(0.6271428571 -1.331836735 0)
(0.5957142857 -1.336326531 0)
(0.5642857143 -1.340816327 0)
(0.5328571429 -1.345306122 0)
(0.5014285714 -1.349795918 0)
(0.47 -1.354285714 0)
(0.4385714286 -1.35877551 0)
(0.4071428571 -1.363265306 0)
(0.3757142857 -1.367755102 0)
(0.6585714286 -1.66122449 0)
(0.6271428571 -1.665306122 0)
(0.5957142857 -1.669387755 0)
(0.5642857143 -1.673469388 0)
(0.5328571429 -1.67755102 0)
(0.5014285714 -1.681632653 0)
(0.47 -1.685714286 0)
(0.4385714286 -1.689795918 0)
(0.4071428571 -1.693877551 0)
(0.3757142857 -1.697959184 0)
(0.6585714286 -1.995102041 0)
(0.6271428571 -1.99877551 0)
(0.5957142857 -2.00244898 0)
(0.5642857143 -2.006122449 0)
(0.5328571429 -2.009795918 0)
(0.5014285714 -2.013469388 0)
(0.47 -2.017142857 0)
(0.4385714286 -2.020816327 0)
(0.4071428571 -2.024489796 0)
(0.3757142857 -2.028163265 0)
(0.6585714286 -2.328979592 0)
(0.6271428571 -2.332244898 0)
(0.5957142857 -2.335510204 0)
(0.5642857143 -2.33877551 0)
(0.5328571429 -2.342040816 0)
(0.5014285714 -2.345306122 0)
(0.47 -2.348571429 0)
(0.4385714286 -2.351836735 0)
(0.4071428571 -2.355102041 0)
(0.3757142857 -2.358367347 0)
(0.6585714286 -2.662857143 0)
(0.6271428571 -2.665714286 0)
(0.5957142857 -2.668571429 0)
(0.5642857143 -2.671428571 0)
(0.5328571429 -2.674285714 0)
(0.5014285714 -2.677142857 0)
(0.47 -2.68 0)
(0.4385714286 -2.682857143 0)
(0.4071428571 -2.685714286 0)
(0.3757142857 -2.688571429 0)
(0.6585714286 -2.996734694 0)
(0.6271428571 -2.999183673 0)
(0.5957142857 -3.001632653 0)
(0.5642857143 -3.004081633 0)
(0.5328571429 -3.006530612 0)
(0.5014285714 -3.008979592 0)
(0.47 -3.011428571 0)
(0.4385714286 -3.013877551 0)
(0.4071428571 -3.016326531 0)
(0.3757142857 -3.01877551 0)
(0.6585714286 -3.330612245 0)
(0.6271428571 -3.332653061 0)
(0.5957142857 -3.334693878 0)
(0.5642857143 -3.336734694 0)
(0.5328571429 -3.33877551 0)
(0.5014285714 -3.340816327 0)
(0.47 -3.342857143 0)
(0.4385714286 -3.344897959 0)
(0.4071428571 -3.346938776 0)
(0.3757142857 -3.348979592 0)
(0.6585714286 -3.664489796 0)
(0.6271428571 -3.666122449 0)
(0.5957142857 -3.667755102 0)
(0.5642857143 -3.669387755 0)
(0.5328571429 -3.671020408 0)
(0.5014285714 -3.672653061 0)
(0.47 -3.674285714 0)
(0.4385714286 -3.675918367 0)
(0.4071428571 -3.67755102 0)
(0.3757142857 -3.679183673 0)
(0.6585714286 -3.998367347 0)
(0.6271428571 -3.999591837 0)
(0.5957142857 -4.000816327 0)
(0.5642857143 -4.002040816 0)
(0.5328571429 -4.003265306 0)
(0.5014285714 -4.004489796 0)
(0.47 -4.005714286 0)
(0.4385714286 -4.006938776 0)
(0.4071428571 -4.008163265 0)
(0.3757142857 -4.009387755 0)
(0.6585714286 -4.332244898 0)
(0.6271428571 -4.333061224 0)
(0.5957142857 -4.333877551 0)
(0.5642857143 -4.334693878 0)
(0.5328571429 -4.335510204 0)
(0.5014285714 -4.336326531 0)
(0.47 -4.337142857 0)
(0.4385714286 -4.337959184 0)
(0.4071428571 -4.33877551 0)
(0.3757142857 -4.339591837 0)
(0.6585714286 -4.666122449 0)
(0.6271428571 -4.666530612 0)
(0.5957142857 -4.666938776 0)
(0.5642857143 -4.667346939 0)
(0.5328571429 -4.667755102 0)
(0.5014285714 -4.668163265 0)
(0.47 -4.668571429 0)
(0.4385714286 -4.668979592 0)
(0.4071428571 -4.669387755 0)
(0.3757142857 -4.669795918 0)
(0.6945918367 -0.6529591837 0)
(0.6948979592 -0.9873469388 0)
(0.6952040816 -1.321734694 0)
(0.6955102041 -1.656122449 0)
(0.6958163265 -1.990510204 0)
(0.696122449 -2.324897959 0)
(0.6964285714 -2.659285714 0)
(0.6967346939 -2.993673469 0)
(0.6970408163 -3.328061224 0)
(0.6973469388 -3.66244898 0)
(0.6976530612 -3.996836735 0)
(0.6979591837 -4.33122449 0)
(0.6982653061 -4.665612245 0)
(0.6991836735 -0.6516326531 0)
(0.6997959184 -0.986122449 0)
(0.7004081633 -1.320612245 0)
(0.7010204082 -1.655102041 0)
(0.7016326531 -1.989591837 0)
(0.702244898 -2.324081633 0)
(0.7028571429 -2.658571429 0)
(0.7034693878 -2.993061224 0)
(0.7040816327 -3.32755102 0)
(0.7046938776 -3.662040816 0)
(0.7053061224 -3.996530612 0)
(0.7059183673 -4.331020408 0)
(0.7065306122 -4.665510204 0)
(0.7037755102 -0.6503061224 0)
(0.7046938776 -0.9848979592 0)
(0.7056122449 -1.319489796 0)
(0.7065306122 -1.654081633 0)
(0.7074489796 -1.988673469 0)
(0.7083673469 -2.323265306 0)
(0.7092857143 -2.657857143 0)
(0.7102040816 -2.99244898 0)
(0.711122449 -3.327040816 0)
(0.7120408163 -3.661632653 0)
(0.7129591837 -3.99622449 0)
(0.713877551 -4.330816327 0)
(0.7147959184 -4.665408163 0)
(0.7083673469 -0.6489795918 0)
(0.7095918367 -0.9836734694 0)
(0.7108163265 -1.318367347 0)
(0.7120408163 -1.653061224 0)
(0.7132653061 -1.987755102 0)
(0.7144897959 -2.32244898 0)
(0.7157142857 -2.657142857 0)
(0.7169387755 -2.991836735 0)
(0.7181632653 -3.326530612 0)
(0.7193877551 -3.66122449 0)
(0.7206122449 -3.995918367 0)
(0.7218367347 -4.330612245 0)
(0.7230612245 -4.665306122 0)
(0.7129591837 -0.6476530612 0)
(0.7144897959 -0.9824489796 0)
(0.7160204082 -1.317244898 0)
(0.7175510204 -1.652040816 0)
(0.7190816327 -1.986836735 0)
(0.7206122449 -2.321632653 0)
(0.7221428571 -2.656428571 0)
(0.7236734694 -2.99122449 0)
(0.7252040816 -3.326020408 0)
(0.7267346939 -3.660816327 0)
(0.7282653061 -3.995612245 0)
(0.7297959184 -4.330408163 0)
(0.7313265306 -4.665204082 0)
(0.7175510204 -0.6463265306 0)
(0.7193877551 -0.9812244898 0)
(0.7212244898 -1.316122449 0)
(0.7230612245 -1.651020408 0)
(0.7248979592 -1.985918367 0)
(0.7267346939 -2.320816327 0)
(0.7285714286 -2.655714286 0)
(0.7304081633 -2.990612245 0)
(0.732244898 -3.325510204 0)
(0.7340816327 -3.660408163 0)
(0.7359183673 -3.995306122 0)
(0.737755102 -4.330204082 0)
(0.7395918367 -4.665102041 0)
(0.7221428571 -0.645 0)
(0.7242857143 -0.98 0)
(0.7264285714 -1.315 0)
(0.7285714286 -1.65 0)
(0.7307142857 -1.985 0)
(0.7328571429 -2.32 0)
(0.735 -2.655 0)
(0.7371428571 -2.99 0)
(0.7392857143 -3.325 0)
(0.7414285714 -3.66 0)
(0.7435714286 -3.995 0)
(0.7457142857 -4.33 0)
(0.7478571429 -4.665 0)
(0.7267346939 -0.6436734694 0)
(0.7291836735 -0.9787755102 0)
(0.7316326531 -1.313877551 0)
(0.7340816327 -1.648979592 0)
(0.7365306122 -1.984081633 0)
(0.7389795918 -2.319183673 0)
(0.7414285714 -2.654285714 0)
(0.743877551 -2.989387755 0)
(0.7463265306 -3.324489796 0)
(0.7487755102 -3.659591837 0)
(0.7512244898 -3.994693878 0)
(0.7536734694 -4.329795918 0)
(0.756122449 -4.664897959 0)
(0.7313265306 -0.6423469388 0)
(0.7340816327 -0.9775510204 0)
(0.7368367347 -1.312755102 0)
(0.7395918367 -1.647959184 0)
(0.7423469388 -1.983163265 0)
(0.7451020408 -2.318367347 0)
(0.7478571429 -2.653571429 0)
(0.7506122449 -2.98877551 0)
(0.7533673469 -3.323979592 0)
(0.756122449 -3.659183673 0)
(0.758877551 -3.994387755 0)
(0.7616326531 -4.329591837 0)
(0.7643877551 -4.664795918 0)
(0.7359183673 -0.6410204082 0)
(0.7389795918 -0.9763265306 0)
(0.7420408163 -1.311632653 0)
(0.7451020408 -1.646938776 0)
(0.7481632653 -1.982244898 0)
(0.7512244898 -2.31755102 0)
(0.7542857143 -2.652857143 0)
(0.7573469388 -2.988163265 0)
(0.7604081633 -3.323469388 0)
(0.7634693878 -3.65877551 0)
(0.7665306122 -3.994081633 0)
(0.7695918367 -4.329387755 0)
(0.7726530612 -4.664693878 0)
(0.7405102041 -0.6396938776 0)
(0.743877551 -0.9751020408 0)
(0.747244898 -1.310510204 0)
(0.7506122449 -1.645918367 0)
(0.7539795918 -1.981326531 0)
(0.7573469388 -2.316734694 0)
(0.7607142857 -2.652142857 0)
(0.7640816327 -2.98755102 0)
(0.7674489796 -3.322959184 0)
(0.7708163265 -3.658367347 0)
(0.7741836735 -3.99377551 0)
(0.7775510204 -4.329183673 0)
(0.7809183673 -4.664591837 0)
(0.7451020408 -0.6383673469 0)
(0.7487755102 -0.973877551 0)
(0.7524489796 -1.309387755 0)
(0.756122449 -1.644897959 0)
(0.7597959184 -1.980408163 0)
(0.7634693878 -2.315918367 0)
(0.7671428571 -2.651428571 0)
(0.7708163265 -2.986938776 0)
(0.7744897959 -3.32244898 0)
(0.7781632653 -3.657959184 0)
(0.7818367347 -3.993469388 0)
(0.7855102041 -4.328979592 0)
(0.7891836735 -4.664489796 0)
(0.7496938776 -0.6370408163 0)
(0.7536734694 -0.9726530612 0)
(0.7576530612 -1.308265306 0)
(0.7616326531 -1.643877551 0)
(0.7656122449 -1.979489796 0)
(0.7695918367 -2.315102041 0)
(0.7735714286 -2.650714286 0)
(0.7775510204 -2.986326531 0)
(0.7815306122 -3.321938776 0)
(0.7855102041 -3.65755102 0)
(0.7894897959 -3.993163265 0)
(0.7934693878 -4.32877551 0)
(0.7974489796 -4.664387755 0)
(0.8082857143 -4.328571429 0)
(0.8038571429 -3.992857143 0)
(0.7994285714 -3.657142857 0)
(0.795 -3.321428571 0)
(0.7905714286 -2.985714286 0)
(0.7861428571 -2.65 0)
(0.7817142857 -2.314285714 0)
(0.7772857143 -1.978571429 0)
(0.7728571429 -1.642857143 0)
(0.7684285714 -1.307142857 0)
(0.764 -0.9714285714 0)
(0.7595714286 -0.6357142857 0)
(0.806 -3.657142857 0)
(0.8014285714 -3.321428571 0)
(0.7968571429 -2.985714286 0)
(0.7922857143 -2.65 0)
(0.7877142857 -2.314285714 0)
(0.7831428571 -1.978571429 0)
(0.7785714286 -1.642857143 0)
(0.774 -1.307142857 0)
(0.7694285714 -0.9714285714 0)
(0.7648571429 -0.6357142857 0)
(0.8078571429 -3.321428571 0)
(0.8031428571 -2.985714286 0)
(0.7984285714 -2.65 0)
(0.7937142857 -2.314285714 0)
(0.789 -1.978571429 0)
(0.7842857143 -1.642857143 0)
(0.7795714286 -1.307142857 0)
(0.7748571429 -0.9714285714 0)
(0.7701428571 -0.6357142857 0)
(0.8045714286 -2.65 0)
(0.7997142857 -2.314285714 0)
(0.7948571429 -1.978571429 0)
(0.79 -1.642857143 0)
(0.7851428571 -1.307142857 0)
(0.7802857143 -0.9714285714 0)
(0.7754285714 -0.6357142857 0)
(0.8057142857 -2.314285714 0)
(0.8007142857 -1.978571429 0)
(0.7957142857 -1.642857143 0)
(0.7907142857 -1.307142857 0)
(0.7857142857 -0.9714285714 0)
(0.7807142857 -0.6357142857 0)
(0.8014285714 -1.642857143 0)
(0.7962857143 -1.307142857 0)
(0.7911428571 -0.9714285714 0)
(0.786 -0.6357142857 0)
(0.8018571429 -1.307142857 0)
(0.7965714286 -0.9714285714 0)
(0.7912857143 -0.6357142857 0)
(0.802 -0.9714285714 0)
(0.7965714286 -0.6357142857 0)
(0.8018571429 -0.6357142857 0)
(0.79968267 -0.02073330903 0)
(0.7939617063 -0.02246970068 0)
(0.7882510987 -0.02423770114 0)
(0.7825475932 -0.02602704338 0)
(0.7768471997 -0.02782564913 0)
(0.7711457009 -0.02962097291 0)
(0.7654398941 -0.03140344232 0)
(0.7597293581 -0.03317168157 0)
(0.754013656 -0.03492423106 0)
(0.7482924428 -0.03665986898 0)
(0.7998169701 -0.04221536218 0)
(0.7941404761 -0.04381818524 0)
(0.7884735417 -0.04545018567 0)
(0.782813163 -0.0471018862 0)
(0.7771556568 -0.04876213766 0)
(0.7714971305 -0.05041935961 0)
(0.7658346275 -0.05206471599 0)
(0.7601677591 -0.05369693683 0)
(0.754496122 -0.05531467483 0)
(0.7488193978 -0.05691680213 0)
(0.7999512702 -0.06369741533 0)
(0.794319246 -0.06516666981 0)
(0.7886959846 -0.0666626702 0)
(0.7830787327 -0.06817672901 0)
(0.777464114 -0.06969862618 0)
(0.7718485601 -0.07121774631 0)
(0.7662293609 -0.07272598966 0)
(0.7606061601 -0.0742221921 0)
(0.7549785881 -0.07570511859 0)
(0.7493463527 -0.07717373529 0)
(0.8000855703 -0.08517946848 0)
(0.7944980158 -0.08651515437 0)
(0.7889184276 -0.08787515472 0)
(0.7833443025 -0.08925157183 0)
(0.7777725712 -0.09063511471 0)
(0.7721999897 -0.09201613301 0)
(0.7666240943 -0.09338726333 0)
(0.7610445611 -0.09474744736 0)
(0.7554610541 -0.09609556236 0)
(0.7498733077 -0.09743066844 0)
(0.8002198705 -0.1066615216 0)
(0.7946767857 -0.1078636389 0)
(0.7891408705 -0.1090876393 0)
(0.7836098722 -0.1103264146 0)
(0.7780810283 -0.1115716032 0)
(0.7725514193 -0.1128145197 0)
(0.7670188278 -0.114048537 0)
(0.7614829622 -0.1152727026 0)
(0.7559435201 -0.1164860061 0)
(0.7504002626 -0.1176876016 0)
(0.8003541706 -0.1281435748 0)
(0.7948555555 -0.1292121235 0)
(0.7893633135 -0.1303001238 0)
(0.783875442 -0.1314012575 0)
(0.7783894855 -0.1325080918 0)
(0.7729028489 -0.1336129064 0)
(0.7674135612 -0.1347098107 0)
(0.7619213632 -0.1357979579 0)
(0.7564259861 -0.1368764499 0)
(0.7509272176 -0.1379445348 0)
(0.8004884707 -0.1496256279 0)
(0.7950343254 -0.1505606081 0)
(0.7895857565 -0.1515126083 0)
(0.7841410117 -0.1524761003 0)
(0.7786979427 -0.1534445803 0)
(0.7732542785 -0.1544112931 0)
(0.7678082946 -0.1553710843 0)
(0.7623597642 -0.1563232132 0)
(0.7569084521 -0.1572668936 0)
(0.7514541725 -0.1582014679 0)
(0.8006227708 -0.1711076811 0)
(0.7952130952 -0.1719090926 0)
(0.7898081994 -0.1727250928 0)
(0.7844065815 -0.1735509431 0)
(0.7790063999 -0.1743810688 0)
(0.7736057081 -0.1752096798 0)
(0.768203028 -0.176032358 0)
(0.7627981653 -0.1768484684 0)
(0.7573909182 -0.1776573374 0)
(0.7519811275 -0.1784584011 0)
(0.8007570709 -0.1925897342 0)
(0.7953918651 -0.1932575772 0)
(0.7900306424 -0.1939375774 0)
(0.7846721512 -0.1946257859 0)
(0.779314857 -0.1953175574 0)
(0.7739571377 -0.1960080665 0)
(0.7685977615 -0.1966936317 0)
(0.7632365663 -0.1973737237 0)
(0.7578733842 -0.1980477812 0)
(0.7525080824 -0.1987153342 0)
(0.800891371 -0.2140717874 0)
(0.7955706349 -0.2146060617 0)
(0.7902530853 -0.2151500619 0)
(0.784937721 -0.2157006287 0)
(0.7796233142 -0.2162540459 0)
(0.7743085673 -0.2168064532 0)
(0.7689924949 -0.2173549053 0)
(0.7636749673 -0.2178989789 0)
(0.7583558502 -0.2184382249 0)
(0.7530350374 -0.2189722674 0)
(0.8010256711 -0.2355538405 0)
(0.7957494048 -0.2359545463 0)
(0.7904755283 -0.2363625464 0)
(0.7852032907 -0.2367754715 0)
(0.7799317714 -0.2371905344 0)
(0.7746599969 -0.2376048399 0)
(0.7693872283 -0.238016179 0)
(0.7641133683 -0.2384242342 0)
(0.7588383162 -0.2388286687 0)
(0.7535619923 -0.2392292005 0)
(0.8011599712 -0.2570358937 0)
(0.7959281746 -0.2573030309 0)
(0.7906979712 -0.2575750309 0)
(0.7854688605 -0.2578503144 0)
(0.7802402285 -0.2581270229 0)
(0.7750114265 -0.2584032266 0)
(0.7697819617 -0.2586774527 0)
(0.7645517694 -0.2589494895 0)
(0.7593207822 -0.2592191125 0)
(0.7540889473 -0.2594861337 0)
(0.8012942713 -0.2785179468 0)
(0.7961069444 -0.2786515154 0)
(0.7909204142 -0.2787875155 0)
(0.7857344302 -0.2789251572 0)
(0.7805486857 -0.2790635115 0)
(0.7753628561 -0.2792016133 0)
(0.7701766951 -0.2793387263 0)
(0.7649901704 -0.2794747447 0)
(0.7598032483 -0.2796095562 0)
(0.7546159022 -0.2797430668 0)
(0.7328890802 -0.04140914992 0)
(0.7231804347 -0.04433527661 0)
(0.7134374018 -0.04714425064 0)
(0.7036656493 -0.04985110198 0)
(0.6938695877 -0.05246797092 0)
(0.6840486285 -0.05498886262 0)
(0.6741998066 -0.05739723197 0)
(0.66432328 -0.059687876 0)
(0.6544253368 -0.06188281446 0)
(0.6445121987 -0.06400697492 0)
(0.6345875992 -0.0660759517 0)
(0.6246526158 -0.06809345424 0)
(0.614709096 -0.07006750954 0)
(0.7338756345 -0.06141064389 0)
(0.7245841376 -0.06422157401 0)
(0.7152608984 -0.06692436323 0)
(0.7059111488 -0.06953288535 0)
(0.6965389601 -0.07205834678 0)
(0.687143789 -0.07449521385 0)
(0.6777228984 -0.07682821413 0)
(0.6682764343 -0.07905254488 0)
(0.658810201 -0.08118853202 0)
(0.6493299417 -0.08325918564 0)
(0.6398391025 -0.08527890047 0)
(0.6303386783 -0.08725110062 0)
(0.6208303743 -0.08918319562 0)
(0.7348621887 -0.08141213785 0)
(0.7259878404 -0.08410787142 0)
(0.7170843949 -0.08670447582 0)
(0.7081566483 -0.08921466871 0)
(0.6992083325 -0.09164872264 0)
(0.6902389494 -0.09400156508 0)
(0.6812459902 -0.09625919628 0)
(0.6722295886 -0.09841721376 0)
(0.6631950652 -0.1004942496 0)
(0.6541476846 -0.1025113964 0)
(0.6450906059 -0.1044818492 0)
(0.6360247408 -0.106408747 0)
(0.6269516527 -0.1082988817 0)
(0.735848743 -0.1014136318 0)
(0.7273915432 -0.1039941688 0)
(0.7189078915 -0.1064845884 0)
(0.7104021478 -0.1088964521 0)
(0.7018777048 -0.1112390985 0)
(0.6933341099 -0.1135079163 0)
(0.684769082 -0.1156901784 0)
(0.6761827429 -0.1177818826 0)
(0.6675799294 -0.1197999672 0)
(0.6589654276 -0.1217636071 0)
(0.6503421093 -0.123684798 0)
(0.6417108033 -0.1255663934 0)
(0.633072931 -0.1274145678 0)
(0.7368352973 -0.1214151258 0)
(0.728795246 -0.1238804662 0)
(0.7207313881 -0.126264701 0)
(0.7126476473 -0.1285782354 0)
(0.7045470772 -0.1308294744 0)
(0.6964292703 -0.1330142675 0)
(0.6882921738 -0.1351211606 0)
(0.6801358971 -0.1371465515 0)
(0.6719647936 -0.1391056847 0)
(0.6637831705 -0.1410158178 0)
(0.6555936126 -0.1428877468 0)
(0.6473968659 -0.1447240398 0)
(0.6391942093 -0.1465302539 0)
(0.7378218516 -0.1414166197 0)
(0.7301989488 -0.1437667636 0)
(0.7225548846 -0.1460448136 0)
(0.7148931468 -0.1482600188 0)
(0.7072164496 -0.1504198502 0)
(0.6995244307 -0.1525206188 0)
(0.6918152656 -0.1545521428 0)
(0.6840890514 -0.1565112204 0)
(0.6763496578 -0.1584114023 0)
(0.6686009135 -0.1602680285 0)
(0.660845116 -0.1620906956 0)
(0.6530829284 -0.1638816861 0)
(0.6453154876 -0.1656459399 0)
(0.7388084058 -0.1614181137 0)
(0.7316026517 -0.163653061 0)
(0.7243783812 -0.1658249262 0)
(0.7171386463 -0.1679418022 0)
(0.709885822 -0.1700102261 0)
(0.7026195912 -0.17202697 0)
(0.6953383574 -0.1739831249 0)
(0.6880422057 -0.1758758893 0)
(0.680734522 -0.1777171199 0)
(0.6734186564 -0.1795202392 0)
(0.6660966193 -0.1812936443 0)
(0.6587689909 -0.1830393325 0)
(0.651436766 -0.184761626 0)
(0.7397949601 -0.1814196077 0)
(0.7330063545 -0.1835393584 0)
(0.7262018778 -0.1856050388 0)
(0.7193841458 -0.1876235855 0)
(0.7125551943 -0.189600602 0)
(0.7057147516 -0.1915333212 0)
(0.6988614492 -0.1934141071 0)
(0.69199536 -0.1952405582 0)
(0.6851193862 -0.1970228374 0)
(0.6782363994 -0.19877245 0)
(0.6713481227 -0.2004965931 0)
(0.6644550534 -0.2021969789 0)
(0.6575580443 -0.2038773121 0)
(0.7407815144 -0.2014211016 0)
(0.7344100573 -0.2034256558 0)
(0.7280253743 -0.2053851513 0)
(0.7216296453 -0.2073053689 0)
(0.7152245667 -0.2091909778 0)
(0.7088099121 -0.2110396724 0)
(0.702384541 -0.2128450892 0)
(0.6959485143 -0.214605227 0)
(0.6895042504 -0.216328555 0)
(0.6830541424 -0.2180246607 0)
(0.6765996261 -0.2196995419 0)
(0.670141116 -0.2213546253 0)
(0.6636793226 -0.2229929982 0)
(0.7417680686 -0.2214225956 0)
(0.7358137601 -0.2233119532 0)
(0.7298488709 -0.2251652639 0)
(0.7238751448 -0.2269871523 0)
(0.7178939391 -0.2287813537 0)
(0.7119050725 -0.2305460237 0)
(0.7059076328 -0.2322760714 0)
(0.6999016686 -0.2339698959 0)
(0.6938891146 -0.2356342726 0)
(0.6878718853 -0.2372768714 0)
(0.6818511294 -0.2389024906 0)
(0.6758271785 -0.2405122716 0)
(0.669800601 -0.2421086843 0)
(0.7427546229 -0.2414240895 0)
(0.737217463 -0.2431982506 0)
(0.7316723675 -0.2449453765 0)
(0.7261206443 -0.2466689356 0)
(0.7205633115 -0.2483717296 0)
(0.715000233 -0.2500523749 0)
(0.7094307246 -0.2517070535 0)
(0.7038548229 -0.2533345648 0)
(0.6982739788 -0.2549399901 0)
(0.6926896283 -0.2565290821 0)
(0.6871026328 -0.2581054394 0)
(0.681513241 -0.259669918 0)
(0.6759218793 -0.2612243703 0)
(0.7437411772 -0.2614255835 0)
(0.7386211658 -0.263084548 0)
(0.733495864 -0.2647254891 0)
(0.7283661438 -0.266350719 0)
(0.7232326838 -0.2679621054 0)
(0.7180953934 -0.2695587261 0)
(0.7129538164 -0.2711380357 0)
(0.7078079771 -0.2726992337 0)
(0.702658843 -0.2742457077 0)
(0.6975073712 -0.2757812928 0)
(0.6923541361 -0.2773083882 0)
(0.6871993035 -0.2788275644 0)
(0.6820431576 -0.2803400564 0)
(0.7447277314 -0.2814270775 0)
(0.7400248686 -0.2829708455 0)
(0.7353193606 -0.2845056017 0)
(0.7306116434 -0.2860325024 0)
(0.7259020562 -0.2875524813 0)
(0.7211905538 -0.2890650773 0)
(0.7164769082 -0.2905690178 0)
(0.7117611314 -0.2920639025 0)
(0.7070437072 -0.2935514253 0)
(0.7023251142 -0.2950335036 0)
(0.6976056395 -0.2965113369 0)
(0.692885366 -0.2979852108 0)
(0.688164436 -0.2994557425 0)
(0.3734259303 -0.3557088479 0)
(0.3711375749 -0.3342748387 0)
(0.3688492195 -0.3128408295 0)
(0.3665608641 -0.2914068203 0)
(0.3642725087 -0.2699728111 0)
(0.3619841533 -0.2485388018 0)
(0.3596957979 -0.2271047926 0)
(0.3574074425 -0.2056707834 0)
(0.3551190871 -0.1842367742 0)
(0.3528307317 -0.162802765 0)
(0.3505423763 -0.1413687558 0)
(0.4044386453 -0.3503848371 0)
(0.4017344336 -0.3293411028 0)
(0.3990302218 -0.3082973685 0)
(0.39632601 -0.2872536342 0)
(0.3936217982 -0.2662098999 0)
(0.3909175864 -0.2451661656 0)
(0.3882133746 -0.2241224313 0)
(0.3855091628 -0.203078697 0)
(0.382804951 -0.1820349627 0)
(0.3801007392 -0.1609912284 0)
(0.3773965274 -0.1399474941 0)
(0.3746923156 -0.1189037598 0)
(0.3719881038 -0.09786002551 0)
(0.435450892 -0.3450336483 0)
(0.4323303555 -0.3243530109 0)
(0.429209819 -0.3036723735 0)
(0.4260892825 -0.2829917361 0)
(0.4229687459 -0.2623110987 0)
(0.4198482094 -0.2416304613 0)
(0.4167276729 -0.2209498239 0)
(0.4136071364 -0.2002691865 0)
(0.4104865998 -0.1795885491 0)
(0.4073660633 -0.1589079117 0)
(0.4042455268 -0.1382272743 0)
(0.4011249903 -0.1175466369 0)
(0.3980044538 -0.09686599947 0)
(0.4664621184 -0.3396517547 0)
(0.4629242369 -0.3193035093 0)
(0.4593863553 -0.298955264 0)
(0.4558484738 -0.2786070187 0)
(0.4523105922 -0.2582587733 0)
(0.4487727106 -0.237910528 0)
(0.4452348291 -0.2175622827 0)
(0.4416969475 -0.1972140373 0)
(0.4381590659 -0.176865792 0)
(0.4346211844 -0.1565175467 0)
(0.4310833028 -0.1361693013 0)
(0.4275454213 -0.115821056 0)
(0.4240075397 -0.09547281065 0)
(0.4974715427 -0.3342348377 0)
(0.4935145139 -0.3141839611 0)
(0.4895574851 -0.2941330845 0)
(0.4856004563 -0.2740822078 0)
(0.4816434275 -0.2540313312 0)
(0.4776863988 -0.2339804546 0)
(0.47372937 -0.213929578 0)
(0.4697723412 -0.1938787014 0)
(0.4658153124 -0.1738278248 0)
(0.4618582837 -0.1537769482 0)
(0.4579012549 -0.1337260716 0)
(0.4539442261 -0.113675195 0)
(0.4499871973 -0.09362431837 0)
(0.5284780356 -0.3287773065 0)
(0.5240989283 -0.3089831845 0)
(0.5197198211 -0.2891890624 0)
(0.5153407138 -0.2693949403 0)
(0.5109616066 -0.2496008183 0)
(0.5065824993 -0.2298066962 0)
(0.502203392 -0.2100125742 0)
(0.4978242848 -0.1902184521 0)
(0.4934451775 -0.1704243301 0)
(0.4890660703 -0.150630208 0)
(0.484686963 -0.130836086 0)
(0.4803078558 -0.1110419639 0)
(0.4759287485 -0.09124784185 0)
(0.5594803606 -0.3232759882 0)
(0.5546750069 -0.3036948335 0)
(0.5498696531 -0.2841136788 0)
(0.5450642994 -0.2645325241 0)
(0.5402589457 -0.2449513695 0)
(0.535453592 -0.2253702148 0)
(0.5306482383 -0.2057890601 0)
(0.5258428846 -0.1862079054 0)
(0.5210375309 -0.1666267508 0)
(0.5162321771 -0.1470455961 0)
(0.5114268234 -0.1274644414 0)
(0.5066214697 -0.1078832867 0)
(0.501816116 -0.08830213204 0)
(0.5904776674 -0.3177324351 0)
(0.5852410491 -0.298322013 0)
(0.5800044309 -0.2789115909 0)
(0.5747678126 -0.2595011688 0)
(0.5695311943 -0.2400907468 0)
(0.564294576 -0.2206803247 0)
(0.5590579577 -0.2012699026 0)
(0.5538213394 -0.1818594805 0)
(0.5485847211 -0.1624490584 0)
(0.5433481029 -0.1430386364 0)
(0.5381114846 -0.1236282143 0)
(0.5328748663 -0.1042177922 0)
(0.527638248 -0.08480737012 0)
(0.6214702293 -0.3121549799 0)
(0.6157976014 -0.2928813884 0)
(0.6101249735 -0.2736077969 0)
(0.6044523456 -0.2543342054 0)
(0.5987797177 -0.2350606139 0)
(0.5931070898 -0.2157870224 0)
(0.587434462 -0.1965134309 0)
(0.5817618341 -0.1772398394 0)
(0.5760892062 -0.1579662479 0)
(0.5704165783 -0.1386926564 0)
(0.5647439504 -0.1194190649 0)
(0.5590713225 -0.1001454734 0)
(0.5533986947 -0.08087188192 0)
(0.6524586747 -0.3065513358 0)
(0.6463459207 -0.2873883859 0)
(0.6402331668 -0.268225436 0)
(0.6341204129 -0.2490624862 0)
(0.628007659 -0.2298995363 0)
(0.6218949051 -0.2107365864 0)
(0.6157821512 -0.1915736365 0)
(0.6096693973 -0.1724106866 0)
(0.6035566433 -0.1532477367 0)
(0.5974438894 -0.1340847868 0)
(0.5913311355 -0.1149218369 0)
(0.5852183816 -0.09575888705 0)
(0.5791056277 -0.07659593716 0)
(0.3740452237 0.3671126525 0)
(0.3723761618 0.3456538765 0)
(0.3707070998 0.3241951004 0)
(0.3690380378 0.3027363244 0)
(0.3673689758 0.2812775483 0)
(0.3656999139 0.2598187723 0)
(0.3640308519 0.2383599962 0)
(0.3623617899 0.2169012202 0)
(0.3606927279 0.1954424441 0)
(0.359023666 0.1739836681 0)
(0.357354604 0.1525248921 0)
(0.355685542 0.131066116 0)
(0.35401648 0.10960734 0)
(0.4051109061 0.3644748228 0)
(0.4030789551 0.3432353599 0)
(0.4010470041 0.3219958969 0)
(0.399015053 0.300756434 0)
(0.396983102 0.2795169711 0)
(0.394951151 0.2582775082 0)
(0.3929192 0.2370380453 0)
(0.3908872489 0.2157985823 0)
(0.3888552979 0.1945591194 0)
(0.3868233469 0.1733196565 0)
(0.3847913959 0.1520801936 0)
(0.3827594449 0.1308407306 0)
(0.3807274938 0.1096012677 0)
(0.4361766488 0.3618186407 0)
(0.4337818689 0.3407801384 0)
(0.4313870891 0.3197416362 0)
(0.4289923093 0.298703134 0)
(0.4265975295 0.2776646318 0)
(0.4242027497 0.2566261296 0)
(0.4218079698 0.2355876274 0)
(0.41941319 0.2145491252 0)
(0.4170184102 0.193510623 0)
(0.4146236304 0.1724721208 0)
(0.4122288506 0.1514336186 0)
(0.4098340707 0.1303951164 0)
(0.4074392909 0.1093566142 0)
(0.46724227 0.3591439377 0)
(0.4644845399 0.3382878753 0)
(0.4617268099 0.317431813 0)
(0.4589690798 0.2965757507 0)
(0.4562113498 0.2757196884 0)
(0.4534536197 0.254863626 0)
(0.4506958897 0.2340075637 0)
(0.4479381596 0.2131515014 0)
(0.4451804296 0.1922954391 0)
(0.4424226995 0.1714393767 0)
(0.4396649695 0.1505833144 0)
(0.4369072394 0.1297272521 0)
(0.4341495094 0.1088711897 0)
(0.4983075772 0.3564503682 0)
(0.4951865829 0.3357578793 0)
(0.4920655887 0.3150653904 0)
(0.4889445944 0.2943729015 0)
(0.4858236002 0.2736804126 0)
(0.4827026059 0.2529879236 0)
(0.4795816117 0.2322954347 0)
(0.4764606174 0.2116029458 0)
(0.4733396232 0.1909104569 0)
(0.4702186289 0.170217968 0)
(0.4670976347 0.149525479 0)
(0.4639766404 0.1288329901 0)
(0.4608556462 0.1081405012 0)
(0.5293723575 0.3537371528 0)
(0.5258875722 0.3331885914 0)
(0.5224027869 0.3126400299 0)
(0.5189180016 0.2920914685 0)
(0.5154332163 0.2715429071 0)
(0.511948431 0.2509943456 0)
(0.5084636456 0.2304457842 0)
(0.5049788603 0.2098972227 0)
(0.501494075 0.1893486613 0)
(0.4980092897 0.1688000998 0)
(0.4945245044 0.1482515384 0)
(0.4910397191 0.1277029769 0)
(0.4875549337 0.1071544155 0)
(0.5604363576 0.3510031174 0)
(0.5565870009 0.3305776634 0)
(0.5527376443 0.3101522094 0)
(0.5488882876 0.2897267554 0)
(0.5450389309 0.2693013014 0)
(0.5411895743 0.2488758474 0)
(0.5373402176 0.2284503933 0)
(0.5334908609 0.2080249393 0)
(0.5296415042 0.1875994853 0)
(0.5257921476 0.1671740313 0)
(0.5219427909 0.1467485773 0)
(0.5180934342 0.1263231233 0)
(0.5142440775 0.1058976693 0)
(0.5914992797 0.3482470856 0)
(0.5872842736 0.3279227426 0)
(0.5830692675 0.3075983996 0)
(0.5788542615 0.2872740566 0)
(0.5746392554 0.2669497136 0)
(0.5704242494 0.2466253706 0)
(0.5662092433 0.2263010275 0)
(0.5619942372 0.2059766845 0)
(0.5577792312 0.1856523415 0)
(0.5535642251 0.1653279985 0)
(0.5493492191 0.1450036555 0)
(0.545134213 0.1246793125 0)
(0.5409192069 0.1043549695 0)
(0.6225607906 0.3454679789 0)
(0.6179787241 0.3252216721 0)
(0.6133966575 0.3049753653 0)
(0.608814591 0.2847290585 0)
(0.6042325245 0.2644827518 0)
(0.5996504579 0.244236445 0)
(0.5950683914 0.2239901382 0)
(0.5904863249 0.2037438314 0)
(0.5859042583 0.1834975246 0)
(0.5813221918 0.1632512178 0)
(0.5767401252 0.143004911 0)
(0.5721580587 0.1227586042 0)
(0.5675759922 0.1025122974 0)
(0.6536203455 0.3426625413 0)
(0.6486692624 0.3224679397 0)
(0.6437181793 0.3022733382 0)
(0.6387670962 0.2820787366 0)
(0.6338160131 0.2618841351 0)
(0.62886493 0.2416895335 0)
(0.6239138469 0.2214949319 0)
(0.6189627638 0.2013003304 0)
(0.6140116807 0.1811057288 0)
(0.6090605976 0.1609111273 0)
(0.6041095145 0.1407165257 0)
(0.5991584314 0.1205219241 0)
(0.5942073483 0.1003273226 0)
(0.8085781015 0.3175935222 0)
(0.7930942681 0.3203981527 0)
(0.7776093718 0.3231963795 0)
(0.7621233344 0.3259874079 0)
(0.746636198 0.3287711025 0)
(0.731147976 0.3315471382 0)
(0.7156586837 0.334315085 0)
(0.7001683824 0.3370748637 0)
(0.8014419172 0.2980441873 0)
(0.7861885363 0.3007963055 0)
(0.7709330293 0.3035356161 0)
(0.7556752402 0.30626053 0)
(0.7404152531 0.3089707765 0)
(0.7251530949 0.3116657049 0)
(0.7098887959 0.3143444557 0)
(0.6946224791 0.3170068702 0)
(0.8093250947 0.2757747254 0)
(0.794305733 0.2784948524 0)
(0.7792828044 0.2811944582 0)
(0.7642566868 0.2838748527 0)
(0.749227146 0.2865336521 0)
(0.7341943082 0.2891704504 0)
(0.7191582138 0.2917842716 0)
(0.7041189082 0.2943738265 0)
(0.6890765759 0.2969388768 0)
(0.8019572691 0.2562710625 0)
(0.7871695487 0.2589455174 0)
(0.7723770725 0.261592611 0)
(0.7575803443 0.2642140893 0)
(0.7427790518 0.2668067743 0)
(0.7279733633 0.2693701244 0)
(0.7131633327 0.2719028384 0)
(0.6983490204 0.2744031972 0)
(0.6835306726 0.2768708833 0)
(0.8091403349 0.234109996 0)
(0.7945894436 0.2367673995 0)
(0.7800333645 0.2393961825 0)
(0.7654713407 0.2419907637 0)
(0.7509040018 0.2445533259 0)
(0.7363309577 0.2470798964 0)
(0.7217524184 0.2495697984 0)
(0.7071684516 0.2520214051 0)
(0.6925791327 0.2544325679 0)
(0.6779847693 0.2568028899 0)
(0.8015398304 0.2146462809 0)
(0.787221618 0.2172637366 0)
(0.7728971802 0.2198468476 0)
(0.7585656088 0.2223889165 0)
(0.7442276594 0.2248925625 0)
(0.7298828635 0.2273530186 0)
(0.7155314735 0.2297694723 0)
(0.7011735705 0.2321399719 0)
(0.6868092449 0.2344619387 0)
(0.672438866 0.2367348964 0)
(0.8080176514 0.1925666249 0)
(0.793939326 0.1951825658 0)
(0.7798537924 0.1977600736 0)
(0.765760996 0.2002975126 0)
(0.7516598769 0.2027870692 0)
(0.7375513169 0.2052317992 0)
(0.7234347693 0.2076261407 0)
(0.7093105286 0.2099691463 0)
(0.6951786893 0.2122585386 0)
(0.6810393572 0.2144913094 0)
(0.6668929627 0.216666903 0)
(0.8001834384 0.1731373673 0)
(0.7863388215 0.1757188508 0)
(0.7724859668 0.1782564106 0)
(0.7586248117 0.1807481777 0)
(0.7447541451 0.183185222 0)
(0.7308749744 0.1855710358 0)
(0.7169866751 0.1878992629 0)
(0.7030895837 0.1901688202 0)
(0.6891838082 0.1923771053 0)
(0.6752694694 0.1945206801 0)
(0.6613470594 0.1965989095 0)
(0.8059512637 0.151115286 0)
(0.7923492253 0.1537081096 0)
(0.7787383171 0.1562551357 0)
(0.7651181413 0.1587527477 0)
(0.7514886275 0.1611988428 0)
(0.7378484132 0.1635833747 0)
(0.7241986319 0.1659102724 0)
(0.7105385809 0.168172385 0)
(0.6968686388 0.1703684942 0)
(0.6831889271 0.1724956721 0)
(0.6694995817 0.1745500509 0)
(0.6558011561 0.176530916 0)
(0.7978823565 0.1317153971 0)
(0.7845150122 0.134278852 0)
(0.7711378126 0.1367914206 0)
(0.7577503157 0.1392490847 0)
(0.7443524432 0.1416495079 0)
(0.7309426813 0.1439815274 0)
(0.7175222894 0.146249509 0)
(0.7040904868 0.1484455072 0)
(0.6906476939 0.1505681681 0)
(0.677194046 0.1526142388 0)
(0.6637296939 0.1545794216 0)
(0.6502552529 0.1564629226 0)
(0.8029362456 0.1097319901 0)
(0.7898134493 0.1123155083 0)
(0.7766807992 0.1148495943 0)
(0.7635373081 0.1173277055 0)
(0.7503824901 0.1197454218 0)
(0.737216259 0.1221001729 0)
(0.7240369494 0.1243796802 0)
(0.7108459469 0.1265887456 0)
(0.6976423926 0.1287186293 0)
(0.684426749 0.1307678421 0)
(0.6711991649 0.1327328055 0)
(0.6579598062 0.1346087923 0)
(0.6447093496 0.1363949291 0)
(0.7946317485 0.09035697617 0)
(0.7817445421 0.09291561943 0)
(0.7688465861 0.09542033664 0)
(0.7559368037 0.09786399042 0)
(0.7430146645 0.1002417588 0)
(0.7300800747 0.102550838 0)
(0.7171312176 0.1047778329 0)
(0.7041696044 0.1069279822 0)
(0.6911942984 0.1089917515 0)
(0.6782058041 0.110967516 0)
(0.6652042838 0.1128513723 0)
(0.6521899184 0.114638163 0)
(0.6391634463 0.1163269357 0)
(0.7863272513 0.07098196228 0)
(0.7736756349 0.07351573057 0)
(0.7610123731 0.07599107898 0)
(0.7483362992 0.07840027534 0)
(0.7356468389 0.08073809587 0)
(0.7229438905 0.08300150307 0)
(0.7102254857 0.08517598568 0)
(0.6974932619 0.08726721884 0)
(0.6847462042 0.0892648736 0)
(0.6719848592 0.09116719 0)
(0.6592094027 0.09296993901 0)
(0.6464200307 0.09466753377 0)
(0.633617543 0.09625894223 0)
(0.3442857143 4.670816327 1)
(0.3442857143 4.341632653 1)
(0.3442857143 4.01244898 1)
(0.3442857143 3.683265306 1)
(0.3442857143 3.354081633 1)
(0.3442857143 3.024897959 1)
(0.3442857143 2.695714286 1)
(0.3757142857 4.670612245 1)
(0.3757142857 4.34122449 1)
(0.3757142857 4.011836735 1)
(0.3757142857 3.68244898 1)
(0.3757142857 3.353061224 1)
(0.3757142857 3.023673469 1)
(0.3757142857 2.694285714 1)
(0.3757142857 2.364897959 1)
(0.3757142857 2.035510204 1)
(0.3757142857 1.706122449 1)
(0.3757142857 1.376734694 1)
(0.3757142857 1.047346939 1)
(0.3757142857 0.7179591837 1)
(0.4071428571 4.670408163 1)
(0.4071428571 4.340816327 1)
(0.4071428571 4.01122449 1)
(0.4071428571 3.681632653 1)
(0.4071428571 3.352040816 1)
(0.4071428571 3.02244898 1)
(0.4071428571 2.692857143 1)
(0.4071428571 2.363265306 1)
(0.4071428571 2.033673469 1)
(0.4071428571 1.704081633 1)
(0.4071428571 1.374489796 1)
(0.4071428571 1.044897959 1)
(0.4071428571 0.7153061224 1)
(0.4385714286 4.670204082 1)
(0.4385714286 4.340408163 1)
(0.4385714286 4.010612245 1)
(0.4385714286 3.680816327 1)
(0.4385714286 3.351020408 1)
(0.4385714286 3.02122449 1)
(0.4385714286 2.691428571 1)
(0.4385714286 2.361632653 1)
(0.4385714286 2.031836735 1)
(0.4385714286 1.702040816 1)
(0.4385714286 1.372244898 1)
(0.4385714286 1.04244898 1)
(0.4385714286 0.7126530612 1)
(0.47 4.67 1)
(0.47 4.34 1)
(0.47 4.01 1)
(0.47 3.68 1)
(0.47 3.35 1)
(0.47 3.02 1)
(0.47 2.69 1)
(0.47 2.36 1)
(0.47 2.03 1)
(0.47 1.7 1)
(0.47 1.37 1)
(0.47 1.04 1)
(0.47 0.71 1)
(0.5014285714 4.669795918 1)
(0.5014285714 4.339591837 1)
(0.5014285714 4.009387755 1)
(0.5014285714 3.679183673 1)
(0.5014285714 3.348979592 1)
(0.5014285714 3.01877551 1)
(0.5014285714 2.688571429 1)
(0.5014285714 2.358367347 1)
(0.5014285714 2.028163265 1)
(0.5014285714 1.697959184 1)
(0.5014285714 1.367755102 1)
(0.5014285714 1.03755102 1)
(0.5014285714 0.7073469388 1)
(0.5328571429 4.669591837 1)
(0.5328571429 4.339183673 1)
(0.5328571429 4.00877551 1)
(0.5328571429 3.678367347 1)
(0.5328571429 3.347959184 1)
(0.5328571429 3.01755102 1)
(0.5328571429 2.687142857 1)
(0.5328571429 2.356734694 1)
(0.5328571429 2.026326531 1)
(0.5328571429 1.695918367 1)
(0.5328571429 1.365510204 1)
(0.5328571429 1.035102041 1)
(0.5328571429 0.7046938776 1)
(0.5642857143 4.669387755 1)
(0.5642857143 4.33877551 1)
(0.5642857143 4.008163265 1)
(0.5642857143 3.67755102 1)
(0.5642857143 3.346938776 1)
(0.5642857143 3.016326531 1)
(0.5642857143 2.685714286 1)
(0.5642857143 2.355102041 1)
(0.5642857143 2.024489796 1)
(0.5642857143 1.693877551 1)
(0.5642857143 1.363265306 1)
(0.5642857143 1.032653061 1)
(0.5642857143 0.7020408163 1)
(0.5957142857 4.669183673 1)
(0.5957142857 4.338367347 1)
(0.5957142857 4.00755102 1)
(0.5957142857 3.676734694 1)
(0.5957142857 3.345918367 1)
(0.5957142857 3.015102041 1)
(0.5957142857 2.684285714 1)
(0.5957142857 2.353469388 1)
(0.5957142857 2.022653061 1)
(0.5957142857 1.691836735 1)
(0.5957142857 1.361020408 1)
(0.5957142857 1.030204082 1)
(0.5957142857 0.6993877551 1)
(0.6271428571 4.668979592 1)
(0.6271428571 4.337959184 1)
(0.6271428571 4.006938776 1)
(0.6271428571 3.675918367 1)
(0.6271428571 3.344897959 1)
(0.6271428571 3.013877551 1)
(0.6271428571 2.682857143 1)
(0.6271428571 2.351836735 1)
(0.6271428571 2.020816327 1)
(0.6271428571 1.689795918 1)
(0.6271428571 1.35877551 1)
(0.6271428571 1.027755102 1)
(0.6271428571 0.6967346939 1)
(0.6585714286 4.66877551 1)
(0.6585714286 4.33755102 1)
(0.6585714286 4.006326531 1)
(0.6585714286 3.675102041 1)
(0.6585714286 3.343877551 1)
(0.6585714286 3.012653061 1)
(0.6585714286 2.681428571 1)
(0.6585714286 2.350204082 1)
(0.6585714286 2.018979592 1)
(0.6585714286 1.687755102 1)
(0.6585714286 1.356530612 1)
(0.6585714286 1.025306122 1)
(0.6585714286 0.6940816327 1)
(0.7057142857 4.668367347 1)
(0.7057142857 4.336734694 1)
(0.7057142857 4.005102041 1)
(0.7057142857 3.673469388 1)
(0.7057142857 3.341836735 1)
(0.7057142857 3.010204082 1)
(0.7057142857 2.678571429 1)
(0.7057142857 2.346938776 1)
(0.7057142857 2.015306122 1)
(0.7057142857 1.683673469 1)
(0.7057142857 1.352040816 1)
(0.7057142857 1.020408163 1)
(0.7057142857 0.6887755102 1)
(0.7214285714 4.668163265 1)
(0.7214285714 4.336326531 1)
(0.7214285714 4.004489796 1)
(0.7214285714 3.672653061 1)
(0.7214285714 3.340816327 1)
(0.7214285714 3.008979592 1)
(0.7214285714 2.677142857 1)
(0.7214285714 2.345306122 1)
(0.7214285714 2.013469388 1)
(0.7214285714 1.681632653 1)
(0.7214285714 1.349795918 1)
(0.7214285714 1.017959184 1)
(0.7214285714 0.686122449 1)
(0.7371428571 4.667959184 1)
(0.7371428571 4.335918367 1)
(0.7371428571 4.003877551 1)
(0.7371428571 3.671836735 1)
(0.7371428571 3.339795918 1)
(0.7371428571 3.007755102 1)
(0.7371428571 2.675714286 1)
(0.7371428571 2.343673469 1)
(0.7371428571 2.011632653 1)
(0.7371428571 1.679591837 1)
(0.7371428571 1.34755102 1)
(0.7371428571 1.015510204 1)
(0.7371428571 0.6834693878 1)
(0.7528571429 4.667755102 1)
(0.7528571429 4.335510204 1)
(0.7528571429 4.003265306 1)
(0.7528571429 3.671020408 1)
(0.7528571429 3.33877551 1)
(0.7528571429 3.006530612 1)
(0.7528571429 2.674285714 1)
(0.7528571429 2.342040816 1)
(0.7528571429 2.009795918 1)
(0.7528571429 1.67755102 1)
(0.7528571429 1.345306122 1)
(0.7528571429 1.013061224 1)
(0.7528571429 0.6808163265 1)
(0.7685714286 4.66755102 1)
(0.7685714286 4.335102041 1)
(0.7685714286 4.002653061 1)
(0.7685714286 3.670204082 1)
(0.7685714286 3.337755102 1)
(0.7685714286 3.005306122 1)
(0.7685714286 2.672857143 1)
(0.7685714286 2.340408163 1)
(0.7685714286 2.007959184 1)
(0.7685714286 1.675510204 1)
(0.7685714286 1.343061224 1)
(0.7685714286 1.010612245 1)
(0.7685714286 0.6781632653 1)
(0.7842857143 4.667346939 1)
(0.7842857143 4.334693878 1)
(0.7842857143 4.002040816 1)
(0.7842857143 3.669387755 1)
(0.7842857143 3.336734694 1)
(0.7842857143 3.004081633 1)
(0.7842857143 2.671428571 1)
(0.7842857143 2.33877551 1)
(0.7842857143 2.006122449 1)
(0.7842857143 1.673469388 1)
(0.7842857143 1.340816327 1)
(0.7842857143 1.008163265 1)
(0.7842857143 0.6755102041 1)
(0.8 4.667142857 1)
(0.8 4.334285714 1)
(0.8 4.001428571 1)
(0.8 3.668571429 1)
(0.8 3.335714286 1)
(0.8 3.002857143 1)
(0.8 2.67 1)
(0.8 2.337142857 1)
(0.8 2.004285714 1)
(0.8 1.671428571 1)
(0.8 1.338571429 1)
(0.8 1.005714286 1)
(0.8 0.6728571429 1)
(0.6585714286 -0.6595918367 1)
(0.6271428571 -0.6648979592 1)
(0.5957142857 -0.6702040816 1)
(0.5642857143 -0.6755102041 1)
(0.5328571429 -0.6808163265 1)
(0.5014285714 -0.686122449 1)
(0.47 -0.6914285714 1)
(0.4385714286 -0.6967346939 1)
(0.4071428571 -0.7020408163 1)
(0.3757142857 -0.7073469388 1)
(0.6585714286 -0.9934693878 1)
(0.6271428571 -0.9983673469 1)
(0.5957142857 -1.003265306 1)
(0.5642857143 -1.008163265 1)
(0.5328571429 -1.013061224 1)
(0.5014285714 -1.017959184 1)
(0.47 -1.022857143 1)
(0.4385714286 -1.027755102 1)
(0.4071428571 -1.032653061 1)
(0.3757142857 -1.03755102 1)
(0.6585714286 -1.327346939 1)
(0.6271428571 -1.331836735 1)
(0.5957142857 -1.336326531 1)
(0.5642857143 -1.340816327 1)
(0.5328571429 -1.345306122 1)
(0.5014285714 -1.349795918 1)
(0.47 -1.354285714 1)
(0.4385714286 -1.35877551 1)
(0.4071428571 -1.363265306 1)
(0.3757142857 -1.367755102 1)
(0.6585714286 -1.66122449 1)
(0.6271428571 -1.665306122 1)
(0.5957142857 -1.669387755 1)
(0.5642857143 -1.673469388 1)
(0.5328571429 -1.67755102 1)
(0.5014285714 -1.681632653 1)
(0.47 -1.685714286 1)
(0.4385714286 -1.689795918 1)
(0.4071428571 -1.693877551 1)
(0.3757142857 -1.697959184 1)
(0.6585714286 -1.995102041 1)
(0.6271428571 -1.99877551 1)
(0.5957142857 -2.00244898 1)
(0.5642857143 -2.006122449 1)
(0.5328571429 -2.009795918 1)
(0.5014285714 -2.013469388 1)
(0.47 -2.017142857 1)
(0.4385714286 -2.020816327 1)
(0.4071428571 -2.024489796 1)
(0.3757142857 -2.028163265 1)
(0.6585714286 -2.328979592 1)
(0.6271428571 -2.332244898 1)
(0.5957142857 -2.335510204 1)
(0.5642857143 -2.33877551 1)
(0.5328571429 -2.342040816 1)
(0.5014285714 -2.345306122 1)
(0.47 -2.348571429 1)
(0.4385714286 -2.351836735 1)
(0.4071428571 -2.355102041 1)
(0.3757142857 -2.358367347 1)
(0.6585714286 -2.662857143 1)
(0.6271428571 -2.665714286 1)
(0.5957142857 -2.668571429 1)
(0.5642857143 -2.671428571 1)
(0.5328571429 -2.674285714 1)
(0.5014285714 -2.677142857 1)
(0.47 -2.68 1)
(0.4385714286 -2.682857143 1)
(0.4071428571 -2.685714286 1)
(0.3757142857 -2.688571429 1)
(0.6585714286 -2.996734694 1)
(0.6271428571 -2.999183673 1)
(0.5957142857 -3.001632653 1)
(0.5642857143 -3.004081633 1)
(0.5328571429 -3.006530612 1)
(0.5014285714 -3.008979592 1)
(0.47 -3.011428571 1)
(0.4385714286 -3.013877551 1)
(0.4071428571 -3.016326531 1)
(0.3757142857 -3.01877551 1)
(0.6585714286 -3.330612245 1)
(0.6271428571 -3.332653061 1)
(0.5957142857 -3.334693878 1)
(0.5642857143 -3.336734694 1)
(0.5328571429 -3.33877551 1)
(0.5014285714 -3.340816327 1)
(0.47 -3.342857143 1)
(0.4385714286 -3.344897959 1)
(0.4071428571 -3.346938776 1)
(0.3757142857 -3.348979592 1)
(0.6585714286 -3.664489796 1)
(0.6271428571 -3.666122449 1)
(0.5957142857 -3.667755102 1)
(0.5642857143 -3.669387755 1)
(0.5328571429 -3.671020408 1)
(0.5014285714 -3.672653061 1)
(0.47 -3.674285714 1)
(0.4385714286 -3.675918367 1)
(0.4071428571 -3.67755102 1)
(0.3757142857 -3.679183673 1)
(0.6585714286 -3.998367347 1)
(0.6271428571 -3.999591837 1)
(0.5957142857 -4.000816327 1)
(0.5642857143 -4.002040816 1)
(0.5328571429 -4.003265306 1)
(0.5014285714 -4.004489796 1)
(0.47 -4.005714286 1)
(0.4385714286 -4.006938776 1)
(0.4071428571 -4.008163265 1)
(0.3757142857 -4.009387755 1)
(0.6585714286 -4.332244898 1)
(0.6271428571 -4.333061224 1)
(0.5957142857 -4.333877551 1)
(0.5642857143 -4.334693878 1)
(0.5328571429 -4.335510204 1)
(0.5014285714 -4.336326531 1)
(0.47 -4.337142857 1)
(0.4385714286 -4.337959184 1)
(0.4071428571 -4.33877551 1)
(0.3757142857 -4.339591837 1)
(0.6585714286 -4.666122449 1)
(0.6271428571 -4.666530612 1)
(0.5957142857 -4.666938776 1)
(0.5642857143 -4.667346939 1)
(0.5328571429 -4.667755102 1)
(0.5014285714 -4.668163265 1)
(0.47 -4.668571429 1)
(0.4385714286 -4.668979592 1)
(0.4071428571 -4.669387755 1)
(0.3757142857 -4.669795918 1)
(0.6945918367 -0.6529591837 1)
(0.6948979592 -0.9873469388 1)
(0.6952040816 -1.321734694 1)
(0.6955102041 -1.656122449 1)
(0.6958163265 -1.990510204 1)
(0.696122449 -2.324897959 1)
(0.6964285714 -2.659285714 1)
(0.6967346939 -2.993673469 1)
(0.6970408163 -3.328061224 1)
(0.6973469388 -3.66244898 1)
(0.6976530612 -3.996836735 1)
(0.6979591837 -4.33122449 1)
(0.6982653061 -4.665612245 1)
(0.6991836735 -0.6516326531 1)
(0.6997959184 -0.986122449 1)
(0.7004081633 -1.320612245 1)
(0.7010204082 -1.655102041 1)
(0.7016326531 -1.989591837 1)
(0.702244898 -2.324081633 1)
(0.7028571429 -2.658571429 1)
(0.7034693878 -2.993061224 1)
(0.7040816327 -3.32755102 1)
(0.7046938776 -3.662040816 1)
(0.7053061224 -3.996530612 1)
(0.7059183673 -4.331020408 1)
(0.7065306122 -4.665510204 1)
(0.7037755102 -0.6503061224 1)
(0.7046938776 -0.9848979592 1)
(0.7056122449 -1.319489796 1)
(0.7065306122 -1.654081633 1)
(0.7074489796 -1.988673469 1)
(0.7083673469 -2.323265306 1)
(0.7092857143 -2.657857143 1)
(0.7102040816 -2.99244898 1)
(0.711122449 -3.327040816 1)
(0.7120408163 -3.661632653 1)
(0.7129591837 -3.99622449 1)
(0.713877551 -4.330816327 1)
(0.7147959184 -4.665408163 1)
(0.7083673469 -0.6489795918 1)
(0.7095918367 -0.9836734694 1)
(0.7108163265 -1.318367347 1)
(0.7120408163 -1.653061224 1)
(0.7132653061 -1.987755102 1)
(0.7144897959 -2.32244898 1)
(0.7157142857 -2.657142857 1)
(0.7169387755 -2.991836735 1)
(0.7181632653 -3.326530612 1)
(0.7193877551 -3.66122449 1)
(0.7206122449 -3.995918367 1)
(0.7218367347 -4.330612245 1)
(0.7230612245 -4.665306122 1)
(0.7129591837 -0.6476530612 1)
(0.7144897959 -0.9824489796 1)
(0.7160204082 -1.317244898 1)
(0.7175510204 -1.652040816 1)
(0.7190816327 -1.986836735 1)
(0.7206122449 -2.321632653 1)
(0.7221428571 -2.656428571 1)
(0.7236734694 -2.99122449 1)
(0.7252040816 -3.326020408 1)
(0.7267346939 -3.660816327 1)
(0.7282653061 -3.995612245 1)
(0.7297959184 -4.330408163 1)
(0.7313265306 -4.665204082 1)
(0.7175510204 -0.6463265306 1)
(0.7193877551 -0.9812244898 1)
(0.7212244898 -1.316122449 1)
(0.7230612245 -1.651020408 1)
(0.7248979592 -1.985918367 1)
(0.7267346939 -2.320816327 1)
(0.7285714286 -2.655714286 1)
(0.7304081633 -2.990612245 1)
(0.732244898 -3.325510204 1)
(0.7340816327 -3.660408163 1)
(0.7359183673 -3.995306122 1)
(0.737755102 -4.330204082 1)
(0.7395918367 -4.665102041 1)
(0.7221428571 -0.645 1)
(0.7242857143 -0.98 1)
(0.7264285714 -1.315 1)
(0.7285714286 -1.65 1)
(0.7307142857 -1.985 1)
(0.7328571429 -2.32 1)
(0.735 -2.655 1)
(0.7371428571 -2.99 1)
(0.7392857143 -3.325 1)
(0.7414285714 -3.66 1)
(0.7435714286 -3.995 1)
(0.7457142857 -4.33 1)
(0.7478571429 -4.665 1)
(0.7267346939 -0.6436734694 1)
(0.7291836735 -0.9787755102 1)
(0.7316326531 -1.313877551 1)
(0.7340816327 -1.648979592 1)
(0.7365306122 -1.984081633 1)
(0.7389795918 -2.319183673 1)
(0.7414285714 -2.654285714 1)
(0.743877551 -2.989387755 1)
(0.7463265306 -3.324489796 1)
(0.7487755102 -3.659591837 1)
(0.7512244898 -3.994693878 1)
(0.7536734694 -4.329795918 1)
(0.756122449 -4.664897959 1)
(0.7313265306 -0.6423469388 1)
(0.7340816327 -0.9775510204 1)
(0.7368367347 -1.312755102 1)
(0.7395918367 -1.647959184 1)
(0.7423469388 -1.983163265 1)
(0.7451020408 -2.318367347 1)
(0.7478571429 -2.653571429 1)
(0.7506122449 -2.98877551 1)
(0.7533673469 -3.323979592 1)
(0.756122449 -3.659183673 1)
(0.758877551 -3.994387755 1)
(0.7616326531 -4.329591837 1)
(0.7643877551 -4.664795918 1)
(0.7359183673 -0.6410204082 1)
(0.7389795918 -0.9763265306 1)
(0.7420408163 -1.311632653 1)
(0.7451020408 -1.646938776 1)
(0.7481632653 -1.982244898 1)
(0.7512244898 -2.31755102 1)
(0.7542857143 -2.652857143 1)
(0.7573469388 -2.988163265 1)
(0.7604081633 -3.323469388 1)
(0.7634693878 -3.65877551 1)
(0.7665306122 -3.994081633 1)
(0.7695918367 -4.329387755 1)
(0.7726530612 -4.664693878 1)
(0.7405102041 -0.6396938776 1)
(0.743877551 -0.9751020408 1)
(0.747244898 -1.310510204 1)
(0.7506122449 -1.645918367 1)
(0.7539795918 -1.981326531 1)
(0.7573469388 -2.316734694 1)
(0.7607142857 -2.652142857 1)
(0.7640816327 -2.98755102 1)
(0.7674489796 -3.322959184 1)
(0.7708163265 -3.658367347 1)
(0.7741836735 -3.99377551 1)
(0.7775510204 -4.329183673 1)
(0.7809183673 -4.664591837 1)
(0.7451020408 -0.6383673469 1)
(0.7487755102 -0.973877551 1)
(0.7524489796 -1.309387755 1)
(0.756122449 -1.644897959 1)
(0.7597959184 -1.980408163 1)
(0.7634693878 -2.315918367 1)
(0.7671428571 -2.651428571 1)
(0.7708163265 -2.986938776 1)
(0.7744897959 -3.32244898 1)
(0.7781632653 -3.657959184 1)
(0.7818367347 -3.993469388 1)
(0.7855102041 -4.328979592 1)
(0.7891836735 -4.664489796 1)
(0.7496938776 -0.6370408163 1)
(0.7536734694 -0.9726530612 1)
(0.7576530612 -1.308265306 1)
(0.7616326531 -1.643877551 1)
(0.7656122449 -1.979489796 1)
(0.7695918367 -2.315102041 1)
(0.7735714286 -2.650714286 1)
(0.7775510204 -2.986326531 1)
(0.7815306122 -3.321938776 1)
(0.7855102041 -3.65755102 1)
(0.7894897959 -3.993163265 1)
(0.7934693878 -4.32877551 1)
(0.7974489796 -4.664387755 1)
(0.8082857143 -4.328571429 1)
(0.8038571429 -3.992857143 1)
(0.7994285714 -3.657142857 1)
(0.795 -3.321428571 1)
(0.7905714286 -2.985714286 1)
(0.7861428571 -2.65 1)
(0.7817142857 -2.314285714 1)
(0.7772857143 -1.978571429 1)
(0.7728571429 -1.642857143 1)
(0.7684285714 -1.307142857 1)
(0.764 -0.9714285714 1)
(0.7595714286 -0.6357142857 1)
(0.806 -3.657142857 1)
(0.8014285714 -3.321428571 1)
(0.7968571429 -2.985714286 1)
(0.7922857143 -2.65 1)
(0.7877142857 -2.314285714 1)
(0.7831428571 -1.978571429 1)
(0.7785714286 -1.642857143 1)
(0.774 -1.307142857 1)
(0.7694285714 -0.9714285714 1)
(0.7648571429 -0.6357142857 1)
(0.8078571429 -3.321428571 1)
(0.8031428571 -2.985714286 1)
(0.7984285714 -2.65 1)
(0.7937142857 -2.314285714 1)
(0.789 -1.978571429 1)
(0.7842857143 -1.642857143 1)
(0.7795714286 -1.307142857 1)
(0.7748571429 -0.9714285714 1)
(0.7701428571 -0.6357142857 1)
(0.8045714286 -2.65 1)
(0.7997142857 -2.314285714 1)
(0.7948571429 -1.978571429 1)
(0.79 -1.642857143 1)
(0.7851428571 -1.307142857 1)
(0.7802857143 -0.9714285714 1)
(0.7754285714 -0.6357142857 1)
(0.8057142857 -2.314285714 1)
(0.8007142857 -1.978571429 1)
(0.7957142857 -1.642857143 1)
(0.7907142857 -1.307142857 1)
(0.7857142857 -0.9714285714 1)
(0.7807142857 -0.6357142857 1)
(0.8014285714 -1.642857143 1)
(0.7962857143 -1.307142857 1)
(0.7911428571 -0.9714285714 1)
(0.786 -0.6357142857 1)
(0.8018571429 -1.307142857 1)
(0.7965714286 -0.9714285714 1)
(0.7912857143 -0.6357142857 1)
(0.802 -0.9714285714 1)
(0.7965714286 -0.6357142857 1)
(0.8018571429 -0.6357142857 1)
(0.79968267 -0.02073330903 1)
(0.7939617063 -0.02246970068 1)
(0.7882510987 -0.02423770114 1)
(0.7825475932 -0.02602704338 1)
(0.7768471997 -0.02782564913 1)
(0.7711457009 -0.02962097291 1)
(0.7654398941 -0.03140344232 1)
(0.7597293581 -0.03317168157 1)
(0.754013656 -0.03492423106 1)
(0.7482924428 -0.03665986898 1)
(0.7998169701 -0.04221536218 1)
(0.7941404761 -0.04381818524 1)
(0.7884735417 -0.04545018567 1)
(0.782813163 -0.0471018862 1)
(0.7771556568 -0.04876213766 1)
(0.7714971305 -0.05041935961 1)
(0.7658346275 -0.05206471599 1)
(0.7601677591 -0.05369693683 1)
(0.754496122 -0.05531467483 1)
(0.7488193978 -0.05691680213 1)
(0.7999512702 -0.06369741533 1)
(0.794319246 -0.06516666981 1)
(0.7886959846 -0.0666626702 1)
(0.7830787327 -0.06817672901 1)
(0.777464114 -0.06969862618 1)
(0.7718485601 -0.07121774631 1)
(0.7662293609 -0.07272598966 1)
(0.7606061601 -0.0742221921 1)
(0.7549785881 -0.07570511859 1)
(0.7493463527 -0.07717373529 1)
(0.8000855703 -0.08517946848 1)
(0.7944980158 -0.08651515437 1)
(0.7889184276 -0.08787515472 1)
(0.7833443025 -0.08925157183 1)
(0.7777725712 -0.09063511471 1)
(0.7721999897 -0.09201613301 1)
(0.7666240943 -0.09338726333 1)
(0.7610445611 -0.09474744736 1)
(0.7554610541 -0.09609556236 1)
(0.7498733077 -0.09743066844 1)
(0.8002198705 -0.1066615216 1)
(0.7946767857 -0.1078636389 1)
(0.7891408705 -0.1090876393 1)
(0.7836098722 -0.1103264146 1)
(0.7780810283 -0.1115716032 1)
(0.7725514193 -0.1128145197 1)
(0.7670188278 -0.114048537 1)
(0.7614829622 -0.1152727026 1)
(0.7559435201 -0.1164860061 1)
(0.7504002626 -0.1176876016 1)
(0.8003541706 -0.1281435748 1)
(0.7948555555 -0.1292121235 1)
(0.7893633135 -0.1303001238 1)
(0.783875442 -0.1314012575 1)
(0.7783894855 -0.1325080918 1)
(0.7729028489 -0.1336129064 1)
(0.7674135612 -0.1347098107 1)
(0.7619213632 -0.1357979579 1)
(0.7564259861 -0.1368764499 1)
(0.7509272176 -0.1379445348 1)
(0.8004884707 -0.1496256279 1)
(0.7950343254 -0.1505606081 1)
(0.7895857565 -0.1515126083 1)
(0.7841410117 -0.1524761003 1)
(0.7786979427 -0.1534445803 1)
(0.7732542785 -0.1544112931 1)
(0.7678082946 -0.1553710843 1)
(0.7623597642 -0.1563232132 1)
(0.7569084521 -0.1572668936 1)
(0.7514541725 -0.1582014679 1)
(0.8006227708 -0.1711076811 1)
(0.7952130952 -0.1719090926 1)
(0.7898081994 -0.1727250928 1)
(0.7844065815 -0.1735509431 1)
(0.7790063999 -0.1743810688 1)
(0.7736057081 -0.1752096798 1)
(0.768203028 -0.176032358 1)
(0.7627981653 -0.1768484684 1)
(0.7573909182 -0.1776573374 1)
(0.7519811275 -0.1784584011 1)
(0.8007570709 -0.1925897342 1)
(0.7953918651 -0.1932575772 1)
(0.7900306424 -0.1939375774 1)
(0.7846721512 -0.1946257859 1)
(0.779314857 -0.1953175574 1)
(0.7739571377 -0.1960080665 1)
(0.7685977615 -0.1966936317 1)
(0.7632365663 -0.1973737237 1)
(0.7578733842 -0.1980477812 1)
(0.7525080824 -0.1987153342 1)
(0.800891371 -0.2140717874 1)
(0.7955706349 -0.2146060617 1)
(0.7902530853 -0.2151500619 1)
(0.784937721 -0.2157006287 1)
(0.7796233142 -0.2162540459 1)
(0.7743085673 -0.2168064532 1)
(0.7689924949 -0.2173549053 1)
(0.7636749673 -0.2178989789 1)
(0.7583558502 -0.2184382249 1)
(0.7530350374 -0.2189722674 1)
(0.8010256711 -0.2355538405 1)
(0.7957494048 -0.2359545463 1)
(0.7904755283 -0.2363625464 1)
(0.7852032907 -0.2367754715 1)
(0.7799317714 -0.2371905344 1)
(0.7746599969 -0.2376048399 1)
(0.7693872283 -0.238016179 1)
(0.7641133683 -0.2384242342 1)
(0.7588383162 -0.2388286687 1)
(0.7535619923 -0.2392292005 1)
(0.8011599712 -0.2570358937 1)
(0.7959281746 -0.2573030309 1)
(0.7906979712 -0.2575750309 1)
(0.7854688605 -0.2578503144 1)
(0.7802402285 -0.2581270229 1)
(0.7750114265 -0.2584032266 1)
(0.7697819617 -0.2586774527 1)
(0.7645517694 -0.2589494895 1)
(0.7593207822 -0.2592191125 1)
(0.7540889473 -0.2594861337 1)
(0.8012942713 -0.2785179468 1)
(0.7961069444 -0.2786515154 1)
(0.7909204142 -0.2787875155 1)
(0.7857344302 -0.2789251572 1)
(0.7805486857 -0.2790635115 1)
(0.7753628561 -0.2792016133 1)
(0.7701766951 -0.2793387263 1)
(0.7649901704 -0.2794747447 1)
(0.7598032483 -0.2796095562 1)
(0.7546159022 -0.2797430668 1)
(0.7328890802 -0.04140914992 1)
(0.7231804347 -0.04433527661 1)
(0.7134374018 -0.04714425064 1)
(0.7036656493 -0.04985110198 1)
(0.6938695877 -0.05246797092 1)
(0.6840486285 -0.05498886262 1)
(0.6741998066 -0.05739723197 1)
(0.66432328 -0.059687876 1)
(0.6544253368 -0.06188281446 1)
(0.6445121987 -0.06400697492 1)
(0.6345875992 -0.0660759517 1)
(0.6246526158 -0.06809345424 1)
(0.614709096 -0.07006750954 1)
(0.7338756345 -0.06141064389 1)
(0.7245841376 -0.06422157401 1)
(0.7152608984 -0.06692436323 1)
(0.7059111488 -0.06953288535 1)
(0.6965389601 -0.07205834678 1)
(0.687143789 -0.07449521385 1)
(0.6777228984 -0.07682821413 1)
(0.6682764343 -0.07905254488 1)
(0.658810201 -0.08118853202 1)
(0.6493299417 -0.08325918564 1)
(0.6398391025 -0.08527890047 1)
(0.6303386783 -0.08725110062 1)
(0.6208303743 -0.08918319562 1)
(0.7348621887 -0.08141213785 1)
(0.7259878404 -0.08410787142 1)
(0.7170843949 -0.08670447582 1)
(0.7081566483 -0.08921466871 1)
(0.6992083325 -0.09164872264 1)
(0.6902389494 -0.09400156508 1)
(0.6812459902 -0.09625919628 1)
(0.6722295886 -0.09841721376 1)
(0.6631950652 -0.1004942496 1)
(0.6541476846 -0.1025113964 1)
(0.6450906059 -0.1044818492 1)
(0.6360247408 -0.106408747 1)
(0.6269516527 -0.1082988817 1)
(0.735848743 -0.1014136318 1)
(0.7273915432 -0.1039941688 1)
(0.7189078915 -0.1064845884 1)
(0.7104021478 -0.1088964521 1)
(0.7018777048 -0.1112390985 1)
(0.6933341099 -0.1135079163 1)
(0.684769082 -0.1156901784 1)
(0.6761827429 -0.1177818826 1)
(0.6675799294 -0.1197999672 1)
(0.6589654276 -0.1217636071 1)
(0.6503421093 -0.123684798 1)
(0.6417108033 -0.1255663934 1)
(0.633072931 -0.1274145678 1)
(0.7368352973 -0.1214151258 1)
(0.728795246 -0.1238804662 1)
(0.7207313881 -0.126264701 1)
(0.7126476473 -0.1285782354 1)
(0.7045470772 -0.1308294744 1)
(0.6964292703 -0.1330142675 1)
(0.6882921738 -0.1351211606 1)
(0.6801358971 -0.1371465515 1)
(0.6719647936 -0.1391056847 1)
(0.6637831705 -0.1410158178 1)
(0.6555936126 -0.1428877468 1)
(0.6473968659 -0.1447240398 1)
(0.6391942093 -0.1465302539 1)
(0.7378218516 -0.1414166197 1)
(0.7301989488 -0.1437667636 1)
(0.7225548846 -0.1460448136 1)
(0.7148931468 -0.1482600188 1)
(0.7072164496 -0.1504198502 1)
(0.6995244307 -0.1525206188 1)
(0.6918152656 -0.1545521428 1)
(0.6840890514 -0.1565112204 1)
(0.6763496578 -0.1584114023 1)
(0.6686009135 -0.1602680285 1)
(0.660845116 -0.1620906956 1)
(0.6530829284 -0.1638816861 1)
(0.6453154876 -0.1656459399 1)
(0.7388084058 -0.1614181137 1)
(0.7316026517 -0.163653061 1)
(0.7243783812 -0.1658249262 1)
(0.7171386463 -0.1679418022 1)
(0.709885822 -0.1700102261 1)
(0.7026195912 -0.17202697 1)
(0.6953383574 -0.1739831249 1)
(0.6880422057 -0.1758758893 1)
(0.680734522 -0.1777171199 1)
(0.6734186564 -0.1795202392 1)
(0.6660966193 -0.1812936443 1)
(0.6587689909 -0.1830393325 1)
(0.651436766 -0.184761626 1)
(0.7397949601 -0.1814196077 1)
(0.7330063545 -0.1835393584 1)
(0.7262018778 -0.1856050388 1)
(0.7193841458 -0.1876235855 1)
(0.7125551943 -0.189600602 1)
(0.7057147516 -0.1915333212 1)
(0.6988614492 -0.1934141071 1)
(0.69199536 -0.1952405582 1)
(0.6851193862 -0.1970228374 1)
(0.6782363994 -0.19877245 1)
(0.6713481227 -0.2004965931 1)
(0.6644550534 -0.2021969789 1)
(0.6575580443 -0.2038773121 1)
(0.7407815144 -0.2014211016 1)
(0.7344100573 -0.2034256558 1)
(0.7280253743 -0.2053851513 1)
(0.7216296453 -0.2073053689 1)
(0.7152245667 -0.2091909778 1)
(0.7088099121 -0.2110396724 1)
(0.702384541 -0.2128450892 1)
(0.6959485143 -0.214605227 1)
(0.6895042504 -0.216328555 1)
(0.6830541424 -0.2180246607 1)
(0.6765996261 -0.2196995419 1)
(0.670141116 -0.2213546253 1)
(0.6636793226 -0.2229929982 1)
(0.7417680686 -0.2214225956 1)
(0.7358137601 -0.2233119532 1)
(0.7298488709 -0.2251652639 1)
(0.7238751448 -0.2269871523 1)
(0.7178939391 -0.2287813537 1)
(0.7119050725 -0.2305460237 1)
(0.7059076328 -0.2322760714 1)
(0.6999016686 -0.2339698959 1)
(0.6938891146 -0.2356342726 1)
(0.6878718853 -0.2372768714 1)
(0.6818511294 -0.2389024906 1)
(0.6758271785 -0.2405122716 1)
(0.669800601 -0.2421086843 1)
(0.7427546229 -0.2414240895 1)
(0.737217463 -0.2431982506 1)
(0.7316723675 -0.2449453765 1)
(0.7261206443 -0.2466689356 1)
(0.7205633115 -0.2483717296 1)
(0.715000233 -0.2500523749 1)
(0.7094307246 -0.2517070535 1)
(0.7038548229 -0.2533345648 1)
(0.6982739788 -0.2549399901 1)
(0.6926896283 -0.2565290821 1)
(0.6871026328 -0.2581054394 1)
(0.681513241 -0.259669918 1)
(0.6759218793 -0.2612243703 1)
(0.7437411772 -0.2614255835 1)
(0.7386211658 -0.263084548 1)
(0.733495864 -0.2647254891 1)
(0.7283661438 -0.266350719 1)
(0.7232326838 -0.2679621054 1)
(0.7180953934 -0.2695587261 1)
(0.7129538164 -0.2711380357 1)
(0.7078079771 -0.2726992337 1)
(0.702658843 -0.2742457077 1)
(0.6975073712 -0.2757812928 1)
(0.6923541361 -0.2773083882 1)
(0.6871993035 -0.2788275644 1)
(0.6820431576 -0.2803400564 1)
(0.7447277314 -0.2814270775 1)
(0.7400248686 -0.2829708455 1)
(0.7353193606 -0.2845056017 1)
(0.7306116434 -0.2860325024 1)
(0.7259020562 -0.2875524813 1)
(0.7211905538 -0.2890650773 1)
(0.7164769082 -0.2905690178 1)
(0.7117611314 -0.2920639025 1)
(0.7070437072 -0.2935514253 1)
(0.7023251142 -0.2950335036 1)
(0.6976056395 -0.2965113369 1)
(0.692885366 -0.2979852108 1)
(0.688164436 -0.2994557425 1)
(0.3734259303 -0.3557088479 1)
(0.3711375749 -0.3342748387 1)
(0.3688492195 -0.3128408295 1)
(0.3665608641 -0.2914068203 1)
(0.3642725087 -0.2699728111 1)
(0.3619841533 -0.2485388018 1)
(0.3596957979 -0.2271047926 1)
(0.3574074425 -0.2056707834 1)
(0.3551190871 -0.1842367742 1)
(0.3528307317 -0.162802765 1)
(0.3505423763 -0.1413687558 1)
(0.4044386453 -0.3503848371 1)
(0.4017344336 -0.3293411028 1)
(0.3990302218 -0.3082973685 1)
(0.39632601 -0.2872536342 1)
(0.3936217982 -0.2662098999 1)
(0.3909175864 -0.2451661656 1)
(0.3882133746 -0.2241224313 1)
(0.3855091628 -0.203078697 1)
(0.382804951 -0.1820349627 1)
(0.3801007392 -0.1609912284 1)
(0.3773965274 -0.1399474941 1)
(0.3746923156 -0.1189037598 1)
(0.3719881038 -0.09786002551 1)
(0.435450892 -0.3450336483 1)
(0.4323303555 -0.3243530109 1)
(0.429209819 -0.3036723735 1)
(0.4260892825 -0.2829917361 1)
(0.4229687459 -0.2623110987 1)
(0.4198482094 -0.2416304613 1)
(0.4167276729 -0.2209498239 1)
(0.4136071364 -0.2002691865 1)
(0.4104865998 -0.1795885491 1)
(0.4073660633 -0.1589079117 1)
(0.4042455268 -0.1382272743 1)
(0.4011249903 -0.1175466369 1)
(0.3980044538 -0.09686599947 1)
(0.4664621184 -0.3396517547 1)
(0.4629242369 -0.3193035093 1)
(0.4593863553 -0.298955264 1)
(0.4558484738 -0.2786070187 1)
(0.4523105922 -0.2582587733 1)
(0.4487727106 -0.237910528 1)
(0.4452348291 -0.2175622827 1)
(0.4416969475 -0.1972140373 1)
(0.4381590659 -0.176865792 1)
(0.4346211844 -0.1565175467 1)
(0.4310833028 -0.1361693013 1)
(0.4275454213 -0.115821056 1)
(0.4240075397 -0.09547281065 1)
(0.4974715427 -0.3342348377 1)
(0.4935145139 -0.3141839611 1)
(0.4895574851 -0.2941330845 1)
(0.4856004563 -0.2740822078 1)
(0.4816434275 -0.2540313312 1)
(0.4776863988 -0.2339804546 1)
(0.47372937 -0.213929578 1)
(0.4697723412 -0.1938787014 1)
(0.4658153124 -0.1738278248 1)
(0.4618582837 -0.1537769482 1)
(0.4579012549 -0.1337260716 1)
(0.4539442261 -0.113675195 1)
(0.4499871973 -0.09362431837 1)
(0.5284780356 -0.3287773065 1)
(0.5240989283 -0.3089831845 1)
(0.5197198211 -0.2891890624 1)
(0.5153407138 -0.2693949403 1)
(0.5109616066 -0.2496008183 1)
(0.5065824993 -0.2298066962 1)
(0.502203392 -0.2100125742 1)
(0.4978242848 -0.1902184521 1)
(0.4934451775 -0.1704243301 1)
(0.4890660703 -0.150630208 1)
(0.484686963 -0.130836086 1)
(0.4803078558 -0.1110419639 1)
(0.4759287485 -0.09124784185 1)
(0.5594803606 -0.3232759882 1)
(0.5546750069 -0.3036948335 1)
(0.5498696531 -0.2841136788 1)
(0.5450642994 -0.2645325241 1)
(0.5402589457 -0.2449513695 1)
(0.535453592 -0.2253702148 1)
(0.5306482383 -0.2057890601 1)
(0.5258428846 -0.1862079054 1)
(0.5210375309 -0.1666267508 1)
(0.5162321771 -0.1470455961 1)
(0.5114268234 -0.1274644414 1)
(0.5066214697 -0.1078832867 1)
(0.501816116 -0.08830213204 1)
(0.5904776674 -0.3177324351 1)
(0.5852410491 -0.298322013 1)
(0.5800044309 -0.2789115909 1)
(0.5747678126 -0.2595011688 1)
(0.5695311943 -0.2400907468 1)
(0.564294576 -0.2206803247 1)
(0.5590579577 -0.2012699026 1)
(0.5538213394 -0.1818594805 1)
(0.5485847211 -0.1624490584 1)
(0.5433481029 -0.1430386364 1)
(0.5381114846 -0.1236282143 1)
(0.5328748663 -0.1042177922 1)
(0.527638248 -0.08480737012 1)
(0.6214702293 -0.3121549799 1)
(0.6157976014 -0.2928813884 1)
(0.6101249735 -0.2736077969 1)
(0.6044523456 -0.2543342054 1)
(0.5987797177 -0.2350606139 1)
(0.5931070898 -0.2157870224 1)
(0.587434462 -0.1965134309 1)
(0.5817618341 -0.1772398394 1)
(0.5760892062 -0.1579662479 1)
(0.5704165783 -0.1386926564 1)
(0.5647439504 -0.1194190649 1)
(0.5590713225 -0.1001454734 1)
(0.5533986947 -0.08087188192 1)
(0.6524586747 -0.3065513358 1)
(0.6463459207 -0.2873883859 1)
(0.6402331668 -0.268225436 1)
(0.6341204129 -0.2490624862 1)
(0.628007659 -0.2298995363 1)
(0.6218949051 -0.2107365864 1)
(0.6157821512 -0.1915736365 1)
(0.6096693973 -0.1724106866 1)
(0.6035566433 -0.1532477367 1)
(0.5974438894 -0.1340847868 1)
(0.5913311355 -0.1149218369 1)
(0.5852183816 -0.09575888705 1)
(0.5791056277 -0.07659593716 1)
(0.3740452237 0.3671126525 1)
(0.3723761618 0.3456538765 1)
(0.3707070998 0.3241951004 1)
(0.3690380378 0.3027363244 1)
(0.3673689758 0.2812775483 1)
(0.3656999139 0.2598187723 1)
(0.3640308519 0.2383599962 1)
(0.3623617899 0.2169012202 1)
(0.3606927279 0.1954424441 1)
(0.359023666 0.1739836681 1)
(0.357354604 0.1525248921 1)
(0.355685542 0.131066116 1)
(0.35401648 0.10960734 1)
(0.4051109061 0.3644748228 1)
(0.4030789551 0.3432353599 1)
(0.4010470041 0.3219958969 1)
(0.399015053 0.300756434 1)
(0.396983102 0.2795169711 1)
(0.394951151 0.2582775082 1)
(0.3929192 0.2370380453 1)
(0.3908872489 0.2157985823 1)
(0.3888552979 0.1945591194 1)
(0.3868233469 0.1733196565 1)
(0.3847913959 0.1520801936 1)
(0.3827594449 0.1308407306 1)
(0.3807274938 0.1096012677 1)
(0.4361766488 0.3618186407 1)
(0.4337818689 0.3407801384 1)
(0.4313870891 0.3197416362 1)
(0.4289923093 0.298703134 1)
(0.4265975295 0.2776646318 1)
(0.4242027497 0.2566261296 1)
(0.4218079698 0.2355876274 1)
(0.41941319 0.2145491252 1)
(0.4170184102 0.193510623 1)
(0.4146236304 0.1724721208 1)
(0.4122288506 0.1514336186 1)
(0.4098340707 0.1303951164 1)
(0.4074392909 0.1093566142 1)
(0.46724227 0.3591439377 1)
(0.4644845399 0.3382878753 1)
(0.4617268099 0.317431813 1)
(0.4589690798 0.2965757507 1)
(0.4562113498 0.2757196884 1)
(0.4534536197 0.254863626 1)
(0.4506958897 0.2340075637 1)
(0.4479381596 0.2131515014 1)
(0.4451804296 0.1922954391 1)
(0.4424226995 0.1714393767 1)
(0.4396649695 0.1505833144 1)
(0.4369072394 0.1297272521 1)
(0.4341495094 0.1088711897 1)
(0.4983075772 0.3564503682 1)
(0.4951865829 0.3357578793 1)
(0.4920655887 0.3150653904 1)
(0.4889445944 0.2943729015 1)
(0.4858236002 0.2736804126 1)
(0.4827026059 0.2529879236 1)
(0.4795816117 0.2322954347 1)
(0.4764606174 0.2116029458 1)
(0.4733396232 0.1909104569 1)
(0.4702186289 0.170217968 1)
(0.4670976347 0.149525479 1)
(0.4639766404 0.1288329901 1)
(0.4608556462 0.1081405012 1)
(0.5293723575 0.3537371528 1)
(0.5258875722 0.3331885914 1)
(0.5224027869 0.3126400299 1)
(0.5189180016 0.2920914685 1)
(0.5154332163 0.2715429071 1)
(0.511948431 0.2509943456 1)
(0.5084636456 0.2304457842 1)
(0.5049788603 0.2098972227 1)
(0.501494075 0.1893486613 1)
(0.4980092897 0.1688000998 1)
(0.4945245044 0.1482515384 1)
(0.4910397191 0.1277029769 1)
(0.4875549337 0.1071544155 1)
(0.5604363576 0.3510031174 1)
(0.5565870009 0.3305776634 1)
(0.5527376443 0.3101522094 1)
(0.5488882876 0.2897267554 1)
(0.5450389309 0.2693013014 1)
(0.5411895743 0.2488758474 1)
(0.5373402176 0.2284503933 1)
(0.5334908609 0.2080249393 1)
(0.5296415042 0.1875994853 1)
(0.5257921476 0.1671740313 1)
(0.5219427909 0.1467485773 1)
(0.5180934342 0.1263231233 1)
(0.5142440775 0.1058976693 1)
(0.5914992797 0.3482470856 1)
(0.5872842736 0.3279227426 1)
(0.5830692675 0.3075983996 1)
(0.5788542615 0.2872740566 1)
(0.5746392554 0.2669497136 1)
(0.5704242494 0.2466253706 1)
(0.5662092433 0.2263010275 1)
(0.5619942372 0.2059766845 1)
(0.5577792312 0.1856523415 1)
(0.5535642251 0.1653279985 1)
(0.5493492191 0.1450036555 1)
(0.545134213 0.1246793125 1)
(0.5409192069 0.1043549695 1)
(0.6225607906 0.3454679789 1)
(0.6179787241 0.3252216721 1)
(0.6133966575 0.3049753653 1)
(0.608814591 0.2847290585 1)
(0.6042325245 0.2644827518 1)
(0.5996504579 0.244236445 1)
(0.5950683914 0.2239901382 1)
(0.5904863249 0.2037438314 1)
(0.5859042583 0.1834975246 1)
(0.5813221918 0.1632512178 1)
(0.5767401252 0.143004911 1)
(0.5721580587 0.1227586042 1)
(0.5675759922 0.1025122974 1)
(0.6536203455 0.3426625413 1)
(0.6486692624 0.3224679397 1)
(0.6437181793 0.3022733382 1)
(0.6387670962 0.2820787366 1)
(0.6338160131 0.2618841351 1)
(0.62886493 0.2416895335 1)
(0.6239138469 0.2214949319 1)
(0.6189627638 0.2013003304 1)
(0.6140116807 0.1811057288 1)
(0.6090605976 0.1609111273 1)
(0.6041095145 0.1407165257 1)
(0.5991584314 0.1205219241 1)
(0.5942073483 0.1003273226 1)
(0.8085781015 0.3175935222 1)
(0.7930942681 0.3203981527 1)
(0.7776093718 0.3231963795 1)
(0.7621233344 0.3259874079 1)
(0.746636198 0.3287711025 1)
(0.731147976 0.3315471382 1)
(0.7156586837 0.334315085 1)
(0.7001683824 0.3370748637 1)
(0.8014419172 0.2980441873 1)
(0.7861885363 0.3007963055 1)
(0.7709330293 0.3035356161 1)
(0.7556752402 0.30626053 1)
(0.7404152531 0.3089707765 1)
(0.7251530949 0.3116657049 1)
(0.7098887959 0.3143444557 1)
(0.6946224791 0.3170068702 1)
(0.8093250947 0.2757747254 1)
(0.794305733 0.2784948524 1)
(0.7792828044 0.2811944582 1)
(0.7642566868 0.2838748527 1)
(0.749227146 0.2865336521 1)
(0.7341943082 0.2891704504 1)
(0.7191582138 0.2917842716 1)
(0.7041189082 0.2943738265 1)
(0.6890765759 0.2969388768 1)
(0.8019572691 0.2562710625 1)
(0.7871695487 0.2589455174 1)
(0.7723770725 0.261592611 1)
(0.7575803443 0.2642140893 1)
(0.7427790518 0.2668067743 1)
(0.7279733633 0.2693701244 1)
(0.7131633327 0.2719028384 1)
(0.6983490204 0.2744031972 1)
(0.6835306726 0.2768708833 1)
(0.8091403349 0.234109996 1)
(0.7945894436 0.2367673995 1)
(0.7800333645 0.2393961825 1)
(0.7654713407 0.2419907637 1)
(0.7509040018 0.2445533259 1)
(0.7363309577 0.2470798964 1)
(0.7217524184 0.2495697984 1)
(0.7071684516 0.2520214051 1)
(0.6925791327 0.2544325679 1)
(0.6779847693 0.2568028899 1)
(0.8015398304 0.2146462809 1)
(0.787221618 0.2172637366 1)
(0.7728971802 0.2198468476 1)
(0.7585656088 0.2223889165 1)
(0.7442276594 0.2248925625 1)
(0.7298828635 0.2273530186 1)
(0.7155314735 0.2297694723 1)
(0.7011735705 0.2321399719 1)
(0.6868092449 0.2344619387 1)
(0.672438866 0.2367348964 1)
(0.8080176514 0.1925666249 1)
(0.793939326 0.1951825658 1)
(0.7798537924 0.1977600736 1)
(0.765760996 0.2002975126 1)
(0.7516598769 0.2027870692 1)
(0.7375513169 0.2052317992 1)
(0.7234347693 0.2076261407 1)
(0.7093105286 0.2099691463 1)
(0.6951786893 0.2122585386 1)
(0.6810393572 0.2144913094 1)
(0.6668929627 0.216666903 1)
(0.8001834384 0.1731373673 1)
(0.7863388215 0.1757188508 1)
(0.7724859668 0.1782564106 1)
(0.7586248117 0.1807481777 1)
(0.7447541451 0.183185222 1)
(0.7308749744 0.1855710358 1)
(0.7169866751 0.1878992629 1)
(0.7030895837 0.1901688202 1)
(0.6891838082 0.1923771053 1)
(0.6752694694 0.1945206801 1)
(0.6613470594 0.1965989095 1)
(0.8059512637 0.151115286 1)
(0.7923492253 0.1537081096 1)
(0.7787383171 0.1562551357 1)
(0.7651181413 0.1587527477 1)
(0.7514886275 0.1611988428 1)
(0.7378484132 0.1635833747 1)
(0.7241986319 0.1659102724 1)
(0.7105385809 0.168172385 1)
(0.6968686388 0.1703684942 1)
(0.6831889271 0.1724956721 1)
(0.6694995817 0.1745500509 1)
(0.6558011561 0.176530916 1)
(0.7978823565 0.1317153971 1)
(0.7845150122 0.134278852 1)
(0.7711378126 0.1367914206 1)
(0.7577503157 0.1392490847 1)
(0.7443524432 0.1416495079 1)
(0.7309426813 0.1439815274 1)
(0.7175222894 0.146249509 1)
(0.7040904868 0.1484455072 1)
(0.6906476939 0.1505681681 1)
(0.677194046 0.1526142388 1)
(0.6637296939 0.1545794216 1)
(0.6502552529 0.1564629226 1)
(0.8029362456 0.1097319901 1)
(0.7898134493 0.1123155083 1)
(0.7766807992 0.1148495943 1)
(0.7635373081 0.1173277055 1)
(0.7503824901 0.1197454218 1)
(0.737216259 0.1221001729 1)
(0.7240369494 0.1243796802 1)
(0.7108459469 0.1265887456 1)
(0.6976423926 0.1287186293 1)
(0.684426749 0.1307678421 1)
(0.6711991649 0.1327328055 1)
(0.6579598062 0.1346087923 1)
(0.6447093496 0.1363949291 1)
(0.7946317485 0.09035697617 1)
(0.7817445421 0.09291561943 1)
(0.7688465861 0.09542033664 1)
(0.7559368037 0.09786399042 1)
(0.7430146645 0.1002417588 1)
(0.7300800747 0.102550838 1)
(0.7171312176 0.1047778329 1)
(0.7041696044 0.1069279822 1)
(0.6911942984 0.1089917515 1)
(0.6782058041 0.110967516 1)
(0.6652042838 0.1128513723 1)
(0.6521899184 0.114638163 1)
(0.6391634463 0.1163269357 1)
(0.7863272513 0.07098196228 1)
(0.7736756349 0.07351573057 1)
(0.7610123731 0.07599107898 1)
(0.7483362992 0.07840027534 1)
(0.7356468389 0.08073809587 1)
(0.7229438905 0.08300150307 1)
(0.7102254857 0.08517598568 1)
(0.6974932619 0.08726721884 1)
(0.6847462042 0.0892648736 1)
(0.6719848592 0.09116719 1)
(0.6592094027 0.09296993901 1)
(0.6464200307 0.09466753377 1)
(0.633617543 0.09625894223 1)
)


// ************************************************************************* //
