/*--------------------------------*- C++ -*----------------------------------*\
| =========                 |                                                 |
| \\      /  F ield         | OpenFOAM: The Open Source CFD Toolbox           |
|  \\    /   O peration     | Version:  2206                                  |
|   \\  /    A nd           | Website:  www.openfoam.com                      |
|    \\/     M anipulation  |                                                 |
\*---------------------------------------------------------------------------*/
FoamFile
{
    version     2.0;
    format      ascii;
    arch        "LSB;label=32;scalar=64";
    class       labelList;
    location    "constant/polyMesh";
    object      pointProcAddressing;
}
// * * * * * * * * * * * * * * * * * * * * * * * * * * * * * * * * * * * * * //


3026
(
2
3
8
9
26
46
53
58
63
76
85
86
123
145
146
147
148
151
152
157
249
250
251
252
253
254
255
256
257
258
259
260
261
278
279
280
281
282
283
284
285
286
287
288
289
290
291
292
293
294
613
614
615
616
617
618
619
620
621
622
623
624
625
629
630
631
632
633
634
635
636
637
638
691
692
693
694
695
696
697
698
699
700
701
702
703
758
759
760
761
762
763
764
765
766
767
768
769
770
771
772
773
774
775
847
848
849
850
851
852
853
854
855
856
857
858
859
928
929
930
931
932
933
934
935
936
937
993
994
995
996
997
998
999
1000
1001
1002
1003
1004
1005
1006
1007
1008
1009
1010
1011
1012
1013
1014
1015
1016
1017
1018
1019
1020
1021
1022
1023
1024
1071
1072
1073
1074
1075
1076
1077
1078
1079
1080
1081
1082
1083
1084
1085
1086
1087
1088
1089
1090
1091
1092
1093
1261
1262
1718
1719
1720
1721
1722
1723
1724
1725
1726
1727
1728
1729
1730
1731
1732
1733
1734
1735
1736
1737
1738
1739
1740
1744
1745
1746
1747
1748
1749
1750
1751
1752
1753
1754
1755
1756
1770
1771
1772
1773
1774
1775
1776
1777
1778
1779
1780
1781
1782
1783
1784
1785
1786
1787
1788
1789
1790
1791
1792
1793
1794
1795
2032
2033
2034
2035
2036
2037
2038
2039
2040
2041
2042
2043
2044
2045
2046
2047
2048
2049
2050
2051
2052
2053
2054
2055
2056
2057
2058
2059
2060
2061
2062
2063
2064
2065
2069
2070
2071
2072
2073
2074
2075
2101
2102
2103
2104
2105
2106
2107
2836
2837
3369
3370
3371
3372
3373
3374
3375
3376
3377
3378
3379
3380
3381
3382
3383
3384
3385
3386
3387
3388
3389
3390
3391
3398
3399
3400
3401
3402
3403
3404
3405
3406
3407
3408
3409
3410
3411
3412
3413
3414
3415
3416
3417
3418
3419
3420
3421
3422
3423
3424
3425
3426
3427
3428
3429
3430
3431
3432
3433
3434
3435
3436
3437
3438
3439
3440
3441
3442
3443
3444
3445
3446
3476
3477
3478
3479
3480
3481
3482
3483
3484
3485
3525
3526
3527
3528
3529
3530
3531
3532
3533
3534
3535
3536
3537
3538
3539
3540
3541
3542
3543
3544
3545
3546
3547
3551
3552
3553
3554
3555
3556
3557
3558
3559
3560
3561
3562
3563
3564
3565
3566
3567
3568
3569
3570
3571
3572
3573
3574
3575
3576
3577
3578
3579
3580
3581
3582
3583
3584
3585
3681
3682
3683
3684
3685
3686
3687
3688
3689
3690
3691
3692
3693
3694
3695
3696
3697
3698
3699
3700
3701
3702
3703
3707
3708
3709
3710
3711
3712
3713
3714
3715
3716
3717
3718
3719
4084
4085
4086
4087
4088
4089
4090
4097
4098
4099
4100
4101
4102
4103
4104
4105
4106
4107
4108
4109
4110
4111
4112
4113
4114
4115
4116
4117
4118
4119
4120
4121
4122
4123
4124
4125
4126
4127
4128
4129
4130
4131
4132
4133
4134
4135
4136
4137
4138
4139
4140
4141
4142
4143
4144
4145
4146
4147
4148
4149
4150
4151
4152
4153
4154
4155
4156
4157
4158
4159
4160
4161
4162
4163
4164
4165
4166
4167
4168
4169
4170
4171
4172
4173
4174
4175
4176
4177
4178
4179
4180
4181
4182
4183
4184
4185
4186
4187
4188
4189
4190
4191
4192
4193
4194
4195
4196
4197
4198
4199
4200
4201
4202
4203
4204
4205
4206
4207
4208
4209
4210
4211
4212
4213
4214
4215
4216
4217
4218
4219
4220
4221
4222
4223
4224
4225
4226
4227
4228
4229
4230
4231
4232
4233
4234
4235
4236
4237
4238
4239
4240
4241
4242
4243
4244
4245
4246
4247
4248
4249
4250
4251
4252
4253
4254
4255
4256
4257
4258
4259
4260
4261
4262
4263
4264
4265
4266
4267
4268
4269
4270
4271
4272
4273
4274
4275
4276
4277
4278
4279
4280
4281
4282
4283
4284
4285
4286
4287
4288
4289
4290
4291
4292
4293
4294
4295
4296
4297
4298
4299
4300
4301
4302
4303
4304
4305
4306
4307
4308
4309
4310
4311
4312
4313
4314
4315
4316
4317
11156
11157
11158
11159
11160
11161
11162
11163
11164
11165
11169
11170
11171
11172
11173
11174
11175
11176
11177
11178
11182
11183
11184
11185
11186
11187
11188
11189
11190
11191
11195
11196
11197
11198
11199
11200
11201
11202
11203
11204
11208
11209
11210
11211
11212
11213
11214
11215
11216
11217
11221
11222
11223
11224
11225
11226
11227
11228
11229
11230
11234
11235
11236
11237
11238
11239
11240
11241
11242
11243
11247
11248
11249
11250
11251
11252
11253
11254
11255
11256
11260
11261
11262
11263
11264
11265
11266
11267
11268
11269
11273
11274
11275
11276
11277
11278
11279
11280
11281
11282
11286
11287
11288
11289
11290
11291
11292
11293
11294
11295
11299
11300
11301
11302
11303
11304
11305
11306
11307
11308
11312
11313
11314
11315
11316
11317
11318
11319
11320
11321
11325
11326
11327
11328
11329
11330
11331
11332
11333
11334
11335
11336
11337
11338
11339
11340
11341
11342
11343
11344
11345
11346
11347
11348
11349
11350
11351
11352
11353
11354
11355
11356
11357
11358
11359
11360
11361
11362
11363
11364
11365
11366
11367
11368
11369
11370
11371
11372
11373
11374
11375
11376
11377
11378
11379
11380
11381
11382
11383
11384
11385
11386
11387
11388
11389
11390
11391
11392
11393
11394
11395
11396
11397
11398
11399
11400
11401
11402
11403
11404
11405
11406
11407
11408
11409
11410
11411
11412
11413
11414
11415
11416
11417
11418
11419
11420
11421
11422
11423
11424
11425
11426
11427
11428
11429
11430
11431
11432
11433
11434
11435
11436
11437
11438
11439
11440
11441
11442
11443
11444
11445
11446
11447
11448
11449
11450
11451
11452
11453
11454
11455
11456
11457
11458
11459
11460
11461
11462
11463
11464
11465
11466
11467
11468
11469
11470
11471
11472
11473
11474
11475
11476
11477
11478
11479
11480
11481
11482
11483
11484
11485
11486
11487
11488
11489
11490
11491
11492
11493
11495
11496
11497
11498
11499
11500
11501
11502
11503
11504
11505
11506
11510
11511
11512
11513
11514
11515
11516
11517
11518
11519
11524
11525
11526
11527
11528
11529
11530
11531
11532
11539
11540
11541
11542
11543
11544
11545
11553
11554
11555
11556
11557
11558
11568
11569
11570
11571
11582
11583
11584
11596
11597
11610
12004
12005
12006
12007
12008
12009
12010
12011
12012
12013
12017
12018
12019
12020
12021
12022
12023
12024
12025
12026
12030
12031
12032
12033
12034
12035
12036
12037
12038
12039
12043
12044
12045
12046
12047
12048
12049
12050
12051
12052
12056
12057
12058
12059
12060
12061
12062
12063
12064
12065
12069
12070
12071
12072
12073
12074
12075
12076
12077
12078
12082
12083
12084
12085
12086
12087
12088
12089
12090
12091
12095
12096
12097
12098
12099
12100
12101
12102
12103
12104
12108
12109
12110
12111
12112
12113
12114
12115
12116
12117
12121
12122
12123
12124
12125
12126
12127
12128
12129
12130
12134
12135
12136
12137
12138
12139
12140
12141
12142
12143
12147
12148
12149
12150
12151
12152
12153
12154
12155
12156
12160
12161
12162
12163
12164
12165
12166
12167
12168
12169
12170
12171
12172
12173
12174
12175
12176
12177
12178
12179
12180
12181
12182
12183
12184
12185
12186
12187
12188
12189
12190
12191
12192
12193
12194
12195
12196
12197
12198
12199
12200
12201
12202
12203
12204
12205
12206
12207
12208
12209
12210
12211
12212
12213
12214
12215
12216
12217
12218
12219
12220
12221
12222
12223
12224
12225
12226
12227
12228
12229
12230
12231
12232
12233
12234
12235
12236
12237
12238
12239
12240
12241
12242
12243
12244
12245
12246
12247
12248
12249
12250
12251
12252
12253
12254
12255
12256
12257
12258
12259
12260
12261
12262
12263
12264
12265
12266
12267
12268
12269
12270
12271
12272
12273
12274
12275
12276
12277
12278
12279
12280
12281
12282
12283
12284
12285
12286
12287
12288
12289
12290
12291
12292
12293
12294
12295
12296
12297
12298
12299
12300
12301
12302
12303
12304
12305
12306
12307
12308
12309
12310
12311
12312
12313
12314
12315
12316
12317
12318
12319
12320
12321
12322
12323
12324
12325
12326
12327
12328
12329
12330
12331
12332
12333
12334
12335
12336
12337
12338
12378
12379
12380
12381
12382
12383
12384
12385
12386
12387
12388
12391
12392
12393
12394
12395
12396
12397
12398
12399
12400
12401
12402
12403
12404
12405
12406
12407
12408
12409
12410
12411
12412
12413
12414
12415
12416
12417
12418
12419
12420
12421
12422
12423
12424
12425
12426
12427
12428
12429
12430
12431
12432
12433
12434
12435
12436
12437
12438
12439
12440
12441
12442
12443
12444
12445
12446
12447
12448
12449
12450
12451
12452
12453
12454
12455
12456
12457
12458
12459
12460
12461
12462
12463
12464
12465
12466
12467
12468
12469
12470
12471
12472
12473
12474
12475
12476
12477
12478
12479
12480
12481
12482
12483
12484
12485
12486
12487
12488
12489
12490
12491
12492
12493
12494
12495
12496
12497
12498
12499
12500
12501
12502
12503
12504
12505
12506
12507
13054
13055
13056
13057
13058
13059
13060
13061
13062
13063
13064
13065
13066
13067
13068
13069
13070
13071
13072
13073
13074
13075
13076
13077
13078
13079
13080
13081
13082
13083
13084
13085
13086
13087
13088
13089
13090
13091
13092
13093
13094
13095
13096
13097
13098
13099
13100
13101
13102
13103
13104
13105
13106
13107
13108
13109
13110
13111
13112
13113
13114
13115
13116
13117
13118
13119
13120
13121
13122
13123
13124
13125
13126
13127
13128
13129
13130
13131
13132
13133
13134
13135
13136
13137
13138
13139
13140
13141
13142
13143
13144
13145
13146
13147
13148
13149
13150
13151
13152
13153
13154
13155
13156
13157
13158
13159
13160
13161
13162
13163
13164
13165
13166
13167
13168
13169
13170
13171
13172
13173
13174
13175
13176
13177
13178
13179
13180
13181
13182
13183
13189
13190
13191
13192
13193
13194
13195
13196
13202
13203
13204
13205
13206
13207
13208
13209
13214
13215
13216
13217
13218
13219
13220
13221
13222
13227
13228
13229
13230
13231
13232
13233
13234
13235
13239
13240
13241
13242
13243
13244
13245
13246
13247
13248
13252
13253
13254
13255
13256
13257
13258
13259
13260
13261
13264
13265
13266
13267
13268
13269
13270
13271
13272
13273
13274
13277
13278
13279
13280
13281
13282
13283
13284
13285
13286
13287
13289
13290
13291
13292
13293
13294
13295
13296
13297
13298
13299
13300
13302
13303
13304
13305
13306
13307
13308
13309
13310
13311
13312
13313
13314
13315
13316
13317
13318
13319
13320
13321
13322
13323
13324
13325
13326
13327
13328
13329
13330
13331
13332
13333
13334
13335
13336
13337
13338
13339
13340
13341
13342
13343
13344
13345
13346
13347
13348
13349
13350
13351
13352
13717
13718
13719
13720
13721
13722
13723
13730
13731
13732
13733
13734
13735
13736
13737
13738
13739
13740
13741
13742
13743
13744
13745
13746
13747
13748
13749
13750
13751
13752
13753
13754
13755
13756
13757
13758
13759
13760
13761
13762
13763
13764
13765
13766
13767
13768
13769
13770
13771
13772
13773
13774
13775
13776
13777
13778
13779
13780
13781
13782
13783
13784
13785
13786
13787
13788
13789
13790
13791
13792
13793
13794
13795
13796
13797
13798
13799
13800
13801
13802
13803
13804
13805
13806
13807
13808
13809
13810
13811
13812
13813
13814
13815
13816
13817
13818
13819
13820
13821
13822
13823
13824
13825
13826
13827
13828
13829
13830
13831
13832
13833
13834
13835
13836
13837
13838
13839
13840
13841
13842
13843
13844
13845
13846
13847
13848
13849
13850
13851
13852
13853
13854
13855
13856
13857
13858
13859
13860
13861
13862
13863
13864
13865
13866
13867
13868
13869
13870
13871
13872
13873
13874
13875
13876
13877
13878
13879
13880
13881
13882
13883
13884
13885
13886
13887
13888
13889
13890
13891
13892
13893
13894
13895
13896
13897
13898
13899
13900
13901
13902
13903
13904
13905
13906
13907
13908
13909
13910
13911
13912
13913
13914
13915
13916
13917
13918
13919
13920
13921
13922
13923
13924
13925
13926
13927
13928
13929
13930
13931
13932
13933
13934
13935
13936
13937
13938
13939
13940
13941
13942
13943
13944
13945
13946
13947
13948
13949
13950
20789
20790
20791
20792
20793
20794
20795
20796
20797
20798
20802
20803
20804
20805
20806
20807
20808
20809
20810
20811
20815
20816
20817
20818
20819
20820
20821
20822
20823
20824
20828
20829
20830
20831
20832
20833
20834
20835
20836
20837
20841
20842
20843
20844
20845
20846
20847
20848
20849
20850
20854
20855
20856
20857
20858
20859
20860
20861
20862
20863
20867
20868
20869
20870
20871
20872
20873
20874
20875
20876
20880
20881
20882
20883
20884
20885
20886
20887
20888
20889
20893
20894
20895
20896
20897
20898
20899
20900
20901
20902
20906
20907
20908
20909
20910
20911
20912
20913
20914
20915
20919
20920
20921
20922
20923
20924
20925
20926
20927
20928
20932
20933
20934
20935
20936
20937
20938
20939
20940
20941
20945
20946
20947
20948
20949
20950
20951
20952
20953
20954
20958
20959
20960
20961
20962
20963
20964
20965
20966
20967
20968
20969
20970
20971
20972
20973
20974
20975
20976
20977
20978
20979
20980
20981
20982
20983
20984
20985
20986
20987
20988
20989
20990
20991
20992
20993
20994
20995
20996
20997
20998
20999
21000
21001
21002
21003
21004
21005
21006
21007
21008
21009
21010
21011
21012
21013
21014
21015
21016
21017
21018
21019
21020
21021
21022
21023
21024
21025
21026
21027
21028
21029
21030
21031
21032
21033
21034
21035
21036
21037
21038
21039
21040
21041
21042
21043
21044
21045
21046
21047
21048
21049
21050
21051
21052
21053
21054
21055
21056
21057
21058
21059
21060
21061
21062
21063
21064
21065
21066
21067
21068
21069
21070
21071
21072
21073
21074
21075
21076
21077
21078
21079
21080
21081
21082
21083
21084
21085
21086
21087
21088
21089
21090
21091
21092
21093
21094
21095
21096
21097
21098
21099
21100
21101
21102
21103
21104
21105
21106
21107
21108
21109
21110
21111
21112
21113
21114
21115
21116
21117
21118
21119
21120
21121
21122
21123
21124
21125
21126
21128
21129
21130
21131
21132
21133
21134
21135
21136
21137
21138
21139
21143
21144
21145
21146
21147
21148
21149
21150
21151
21152
21157
21158
21159
21160
21161
21162
21163
21164
21165
21172
21173
21174
21175
21176
21177
21178
21186
21187
21188
21189
21190
21191
21201
21202
21203
21204
21215
21216
21217
21229
21230
21243
21637
21638
21639
21640
21641
21642
21643
21644
21645
21646
21650
21651
21652
21653
21654
21655
21656
21657
21658
21659
21663
21664
21665
21666
21667
21668
21669
21670
21671
21672
21676
21677
21678
21679
21680
21681
21682
21683
21684
21685
21689
21690
21691
21692
21693
21694
21695
21696
21697
21698
21702
21703
21704
21705
21706
21707
21708
21709
21710
21711
21715
21716
21717
21718
21719
21720
21721
21722
21723
21724
21728
21729
21730
21731
21732
21733
21734
21735
21736
21737
21741
21742
21743
21744
21745
21746
21747
21748
21749
21750
21754
21755
21756
21757
21758
21759
21760
21761
21762
21763
21767
21768
21769
21770
21771
21772
21773
21774
21775
21776
21780
21781
21782
21783
21784
21785
21786
21787
21788
21789
21793
21794
21795
21796
21797
21798
21799
21800
21801
21802
21803
21804
21805
21806
21807
21808
21809
21810
21811
21812
21813
21814
21815
21816
21817
21818
21819
21820
21821
21822
21823
21824
21825
21826
21827
21828
21829
21830
21831
21832
21833
21834
21835
21836
21837
21838
21839
21840
21841
21842
21843
21844
21845
21846
21847
21848
21849
21850
21851
21852
21853
21854
21855
21856
21857
21858
21859
21860
21861
21862
21863
21864
21865
21866
21867
21868
21869
21870
21871
21872
21873
21874
21875
21876
21877
21878
21879
21880
21881
21882
21883
21884
21885
21886
21887
21888
21889
21890
21891
21892
21893
21894
21895
21896
21897
21898
21899
21900
21901
21902
21903
21904
21905
21906
21907
21908
21909
21910
21911
21912
21913
21914
21915
21916
21917
21918
21919
21920
21921
21922
21923
21924
21925
21926
21927
21928
21929
21930
21931
21932
21933
21934
21935
21936
21937
21938
21939
21940
21941
21942
21943
21944
21945
21946
21947
21948
21949
21950
21951
21952
21953
21954
21955
21956
21957
21958
21959
21960
21961
21962
21963
21964
21965
21966
21967
21968
21969
21970
21971
22011
22012
22013
22014
22015
22016
22017
22018
22019
22020
22021
22024
22025
22026
22027
22028
22029
22030
22031
22032
22033
22034
22035
22036
22037
22038
22039
22040
22041
22042
22043
22044
22045
22046
22047
22048
22049
22050
22051
22052
22053
22054
22055
22056
22057
22058
22059
22060
22061
22062
22063
22064
22065
22066
22067
22068
22069
22070
22071
22072
22073
22074
22075
22076
22077
22078
22079
22080
22081
22082
22083
22084
22085
22086
22087
22088
22089
22090
22091
22092
22093
22094
22095
22096
22097
22098
22099
22100
22101
22102
22103
22104
22105
22106
22107
22108
22109
22110
22111
22112
22113
22114
22115
22116
22117
22118
22119
22120
22121
22122
22123
22124
22125
22126
22127
22128
22129
22130
22131
22132
22133
22134
22135
22136
22137
22138
22139
22140
22687
22688
22689
22690
22691
22692
22693
22694
22695
22696
22697
22698
22699
22700
22701
22702
22703
22704
22705
22706
22707
22708
22709
22710
22711
22712
22713
22714
22715
22716
22717
22718
22719
22720
22721
22722
22723
22724
22725
22726
22727
22728
22729
22730
22731
22732
22733
22734
22735
22736
22737
22738
22739
22740
22741
22742
22743
22744
22745
22746
22747
22748
22749
22750
22751
22752
22753
22754
22755
22756
22757
22758
22759
22760
22761
22762
22763
22764
22765
22766
22767
22768
22769
22770
22771
22772
22773
22774
22775
22776
22777
22778
22779
22780
22781
22782
22783
22784
22785
22786
22787
22788
22789
22790
22791
22792
22793
22794
22795
22796
22797
22798
22799
22800
22801
22802
22803
22804
22805
22806
22807
22808
22809
22810
22811
22812
22813
22814
22815
22816
22822
22823
22824
22825
22826
22827
22828
22829
22835
22836
22837
22838
22839
22840
22841
22842
22847
22848
22849
22850
22851
22852
22853
22854
22855
22860
22861
22862
22863
22864
22865
22866
22867
22868
22872
22873
22874
22875
22876
22877
22878
22879
22880
22881
22885
22886
22887
22888
22889
22890
22891
22892
22893
22894
22897
22898
22899
22900
22901
22902
22903
22904
22905
22906
22907
22910
22911
22912
22913
22914
22915
22916
22917
22918
22919
22920
22922
22923
22924
22925
22926
22927
22928
22929
22930
22931
22932
22933
22935
22936
22937
22938
22939
22940
22941
22942
22943
22944
22945
22946
22947
22948
22949
22950
22951
22952
22953
22954
22955
22956
22957
22958
22959
22960
22961
22962
22963
22964
22965
22966
22967
22968
22969
22970
22971
22972
22973
22974
22975
22976
22977
22978
22979
22980
22981
22982
22983
22984
22985
)


// ************************************************************************* //
