/*--------------------------------*- C++ -*----------------------------------*\
| =========                 |                                                 |
| \\      /  F ield         | OpenFOAM: The Open Source CFD Toolbox           |
|  \\    /   O peration     | Version:  2206                                  |
|   \\  /    A nd           | Website:  www.openfoam.com                      |
|    \\/     M anipulation  |                                                 |
\*---------------------------------------------------------------------------*/
FoamFile
{
    version     2.0;
    format      ascii;
    arch        "LSB;label=32;scalar=64";
    class       vectorField;
    location    "constant/polyMesh";
    object      points;
}
// * * * * * * * * * * * * * * * * * * * * * * * * * * * * * * * * * * * * * //


2952
(
(0.24129 -0.07453155 0)
(0.06409442 -0.05223759 0)
(0.06124258 0.06211984 0)
(0.247021 0.08454438 0)
(-1 5 0)
(-1 -5 0)
(-0.1 0.4 0)
(-0.1 -0.4 0)
(0.25 0.4 0)
(0.25 -0.4 0)
(0.25 5 0)
(0.25 -5 0)
(-1 5 1)
(-1 -5 1)
(-0.1 -0.4 1)
(-0.1 0.4 1)
(0.25 5 1)
(0.25 0.4 1)
(0.25 -0.4 1)
(0.25 -5 1)
(0.24129 -0.07453155 1)
(0.06409442 -0.05223759 1)
(0.06124258 0.06211984 1)
(0.247021 0.08454438 1)
(-1.955484481 4.70913754 0)
(-2.835935251 4.237589025 0)
(-3.607568134 3.603448458 0)
(-4.240774447 2.831048741 0)
(-4.711257146 1.950027972 0)
(-5.000963119 0.9941922062 0)
(-5.098775928 0.000218253509 0)
(-5.000942352 -0.9937536507 0)
(-4.71121641 -1.949583359 0)
(-4.240715311 -2.830594291 0)
(-3.607492864 -3.602980778 0)
(-2.835846741 -4.237105221 0)
(-1.955386124 -4.708635343 0)
(-0.08848267286 0.3758657029 0)
(-0.07696534571 0.3517314057 0)
(-0.06544801857 0.3275971086 0)
(-0.05393069143 0.3034628114 0)
(-0.04241336429 0.2793285143 0)
(-0.03089603714 0.2551942171 0)
(-0.01937871 0.23105992 0)
(-0.007861382857 0.2069256229 0)
(0.003655944286 0.1827913257 0)
(0.01517327143 0.1586570286 0)
(0.02669059857 0.1345227314 0)
(0.03820792571 0.1103884343 0)
(0.04972525286 0.08625413714 0)
(-0.9357142857 4.671428571 0)
(-0.8714285714 4.342857143 0)
(-0.8071428571 4.014285714 0)
(-0.7428571429 3.685714286 0)
(-0.6785714286 3.357142857 0)
(-0.6142857143 3.028571429 0)
(-0.55 2.7 0)
(-0.4857142857 2.371428571 0)
(-0.4214285714 2.042857143 0)
(-0.3571428571 1.714285714 0)
(-0.2928571429 1.385714286 0)
(-0.2285714286 1.057142857 0)
(-0.1642857143 0.7285714286 0)
(-0.9357142857 -4.671428571 0)
(-0.8714285714 -4.342857143 0)
(-0.8071428571 -4.014285714 0)
(-0.7428571429 -3.685714286 0)
(-0.6785714286 -3.357142857 0)
(-0.6142857143 -3.028571429 0)
(-0.55 -2.7 0)
(-0.4857142857 -2.371428571 0)
(-0.4214285714 -2.042857143 0)
(-0.3571428571 -1.714285714 0)
(-0.2928571429 -1.385714286 0)
(-0.2285714286 -1.057142857 0)
(-0.1642857143 -0.7285714286 0)
(-0.08827897 -0.3751598279 0)
(-0.07655794 -0.3503196557 0)
(-0.06483691 -0.3254794836 0)
(-0.05311588 -0.3006393114 0)
(-0.04139485 -0.2757991393 0)
(-0.02967382 -0.2509589671 0)
(-0.01795279 -0.226118795 0)
(-0.00623176 -0.2012786229 0)
(0.00548927 -0.1764384507 0)
(0.0172103 -0.1515982786 0)
(0.02893133 -0.1267581064 0)
(0.04065236 -0.1019179343 0)
(0.05237339 -0.07707776214 0)
(-0.1734734652 0.3740280678 0)
(-0.2407428338 0.3346869514 0)
(-0.2994018961 0.2833838733 0)
(-0.3473524309 0.2219539329 0)
(-0.3828792592 0.1525944643 0)
(-0.4047115943 0.07778643986 0)
(-0.4120684989 0.0002057247546 0)
(-0.4046868184 -0.07737263605 0)
(-0.3828305936 -0.1521736843 0)
(-0.3472816166 -0.2215218033 0)
(-0.2993114659 -0.2829364271 0)
(-0.2406360225 -0.3342207691 0)
(-0.1733540934 -0.3735404003 0)
(0.2497872143 0.3774674557 0)
(0.2495744286 0.3549349114 0)
(0.2493616429 0.3324023671 0)
(0.2491488571 0.3098698229 0)
(0.2489360714 0.2873372786 0)
(0.2487232857 0.2648047343 0)
(0.2485105 0.24227219 0)
(0.2482977143 0.2197396457 0)
(0.2480849286 0.1972071014 0)
(0.2478721429 0.1746745571 0)
(0.2476593571 0.1521420129 0)
(0.2474465714 0.1296094686 0)
(0.2472337857 0.1070769243 0)
(-0.075 0.4 0)
(-0.05 0.4 0)
(-0.025 0.4 0)
(-2.362693374e-13 0.4 0)
(0.025 0.4 0)
(0.05 0.4 0)
(0.075 0.4 0)
(0.1 0.4 0)
(0.125 0.4 0)
(0.15 0.4 0)
(0.175 0.4 0)
(0.2 0.4 0)
(0.225 0.4 0)
(0.2814285714 0.3971428571 0)
(0.3128571429 0.3942857143 0)
(0.3442857143 0.3914285714 0)
(0.3757142857 0.3885714286 0)
(0.2419121429 -0.09777929643 0)
(0.2425342857 -0.1210270429 0)
(0.2431564286 -0.1442747893 0)
(0.2437785714 -0.1675225357 0)
(0.2444007143 -0.1907702821 0)
(0.2450228571 -0.2140180286 0)
(0.245645 -0.237265775 0)
(0.2462671429 -0.2605135214 0)
(0.2468892857 -0.2837612679 0)
(0.2475114286 -0.3070090143 0)
(0.2481335714 -0.3302567607 0)
(0.2487557143 -0.3535045071 0)
(0.2493778571 -0.3767522536 0)
(-0.075 -0.4 0)
(-0.05 -0.4 0)
(-0.025 -0.4 0)
(-2.362693374e-13 -0.4 0)
(0.025 -0.4 0)
(0.05 -0.4 0)
(0.075 -0.4 0)
(0.1 -0.4 0)
(0.125 -0.4 0)
(0.15 -0.4 0)
(0.175 -0.4 0)
(0.2 -0.4 0)
(0.225 -0.4 0)
(0.2814285714 -0.3942857143 0)
(0.3128571429 -0.3885714286 0)
(0.3442857143 -0.3828571429 0)
(0.3757142857 -0.3771428571 0)
(0.25 0.7285714286 0)
(0.25 1.057142857 0)
(0.25 1.385714286 0)
(0.25 1.714285714 0)
(0.25 2.042857143 0)
(0.25 2.371428571 0)
(0.25 2.7 0)
(0.25 3.028571429 0)
(0.25 3.357142857 0)
(0.25 3.685714286 0)
(0.25 4.014285714 0)
(0.25 4.342857143 0)
(0.25 4.671428571 0)
(-0.9107142857 5 0)
(-0.8214285714 5 0)
(-0.7321428571 5 0)
(-0.6428571429 5 0)
(-0.5535714286 5 0)
(-0.4642857143 5 0)
(-0.375 5 0)
(-0.2857142857 5 0)
(-0.1964285714 5 0)
(-0.1071428571 5 0)
(-0.01785714286 5 0)
(0.07142857143 5 0)
(0.1607142857 5 0)
(0.2814285714 5 0)
(0.3128571429 5 0)
(0.3442857143 5 0)
(0.25 -0.7285714286 0)
(0.25 -1.057142857 0)
(0.25 -1.385714286 0)
(0.25 -1.714285714 0)
(0.25 -2.042857143 0)
(0.25 -2.371428571 0)
(0.25 -2.7 0)
(0.25 -3.028571429 0)
(0.25 -3.357142857 0)
(0.25 -3.685714286 0)
(0.25 -4.014285714 0)
(0.25 -4.342857143 0)
(0.25 -4.671428571 0)
(-0.9107142857 -5 0)
(-0.8214285714 -5 0)
(-0.7321428571 -5 0)
(-0.6428571429 -5 0)
(-0.5535714286 -5 0)
(-0.4642857143 -5 0)
(-0.375 -5 0)
(-0.2857142857 -5 0)
(-0.1964285714 -5 0)
(-0.1071428571 -5 0)
(-0.01785714286 -5 0)
(0.07142857143 -5 0)
(0.1607142857 -5 0)
(0.2814285714 -5 0)
(0.3128571429 -5 0)
(0.3442857143 -5 0)
(0.3757142857 -5 0)
(0.369283892 -0.0768162912 0)
(0.34367731 -0.07706672811 0)
(0.318069636 -0.07697201764 0)
(0.2924657299 -0.07652593499 0)
(0.2668713272 -0.07569566389 0)
(0.2285383393 -0.07379013065 0)
(0.2157928915 -0.07294870986 0)
(0.2030542801 -0.07200952836 0)
(0.1903236832 -0.07096740612 0)
(0.1776027578 -0.06981328642 0)
(0.1648937708 -0.06853441352 0)
(0.1521992988 -0.06711876326 0)
(0.1395204806 -0.06556923861 0)
(0.1268592744 -0.06388186066 0)
(0.1142203684 -0.06203524803 0)
(0.1016115471 -0.05999312185 0)
(0.08904385422 -0.05771239743 0)
(0.0765305924 -0.05515026785 0)
(0.0513114136 -0.04870099082 0)
(0.03875807514 -0.04442158385 0)
(0.02662251785 -0.0390858316 0)
(0.01539966554 -0.03205338923 0)
(0.006287520966 -0.02248927699 0)
(0.001007223157 -0.01041113268 0)
(8.520558551e-05 0.002772511023 0)
(0.002238994154 0.01584078631 0)
(0.006940658789 0.02821376306 0)
(0.01430170965 0.03921020969 0)
(0.02422200023 0.04794441176 0)
(0.0360277636 0.05395268607 0)
(0.04848264572 0.05850382037 0)
(0.07429551571 0.06506147007 0)
(0.08743395413 0.06759708735 0)
(0.1006242286 0.06984836313 0)
(0.1138512079 0.0718732867 0)
(0.1271052335 0.07371331677 0)
(0.1403811112 0.07538853597 0)
(0.1536735686 0.07692676973 0)
(0.1669808762 0.07833089297 0)
(0.1802999513 0.07961849239 0)
(0.1936291574 0.08079666373 0)
(0.2069670203 0.08187253432 0)
(0.2203122993 0.08285216801 0)
(0.2336639431 0.08374088889 0)
(0.2733359993 0.0858816948 0)
(0.2996645253 0.08691925301 0)
(0.3260027664 0.0876710395 0)
(0.3523474181 0.08814856391 0)
(-1.955484481 4.70913754 1)
(-2.835935251 4.237589025 1)
(-3.607568134 3.603448458 1)
(-4.240774447 2.831048741 1)
(-4.711257146 1.950027972 1)
(-5.000963119 0.9941922062 1)
(-5.098775928 0.000218253509 1)
(-5.000942352 -0.9937536507 1)
(-4.71121641 -1.949583359 1)
(-4.240715311 -2.830594291 1)
(-3.607492864 -3.602980778 1)
(-2.835846741 -4.237105221 1)
(-1.955386124 -4.708635343 1)
(-0.9357142857 -4.671428571 1)
(-0.8714285714 -4.342857143 1)
(-0.8071428571 -4.014285714 1)
(-0.7428571429 -3.685714286 1)
(-0.6785714286 -3.357142857 1)
(-0.6142857143 -3.028571429 1)
(-0.55 -2.7 1)
(-0.4857142857 -2.371428571 1)
(-0.4214285714 -2.042857143 1)
(-0.3571428571 -1.714285714 1)
(-0.2928571429 -1.385714286 1)
(-0.2285714286 -1.057142857 1)
(-0.1642857143 -0.7285714286 1)
(-0.1733540934 -0.3735404003 1)
(-0.2406360225 -0.3342207691 1)
(-0.2993114659 -0.2829364271 1)
(-0.3472816166 -0.2215218033 1)
(-0.3828305936 -0.1521736843 1)
(-0.4046868184 -0.07737263605 1)
(-0.4120684989 0.0002057247546 1)
(-0.4047115943 0.07778643986 1)
(-0.3828792592 0.1525944643 1)
(-0.3473524309 0.2219539329 1)
(-0.2994018961 0.2833838733 1)
(-0.2407428338 0.3346869514 1)
(-0.1734734652 0.3740280678 1)
(-0.1642857143 0.7285714286 1)
(-0.2285714286 1.057142857 1)
(-0.2928571429 1.385714286 1)
(-0.3571428571 1.714285714 1)
(-0.4214285714 2.042857143 1)
(-0.4857142857 2.371428571 1)
(-0.55 2.7 1)
(-0.6142857143 3.028571429 1)
(-0.6785714286 3.357142857 1)
(-0.7428571429 3.685714286 1)
(-0.8071428571 4.014285714 1)
(-0.8714285714 4.342857143 1)
(-0.9357142857 4.671428571 1)
(-0.9107142857 5 1)
(-0.8214285714 5 1)
(-0.7321428571 5 1)
(-0.6428571429 5 1)
(-0.5535714286 5 1)
(-0.4642857143 5 1)
(-0.375 5 1)
(-0.2857142857 5 1)
(-0.1964285714 5 1)
(-0.1071428571 5 1)
(-0.01785714286 5 1)
(0.07142857143 5 1)
(0.1607142857 5 1)
(0.25 4.671428571 1)
(0.25 4.342857143 1)
(0.25 4.014285714 1)
(0.25 3.685714286 1)
(0.25 3.357142857 1)
(0.25 3.028571429 1)
(0.25 2.7 1)
(0.25 2.371428571 1)
(0.25 2.042857143 1)
(0.25 1.714285714 1)
(0.25 1.385714286 1)
(0.25 1.057142857 1)
(0.25 0.7285714286 1)
(0.225 0.4 1)
(0.2 0.4 1)
(0.175 0.4 1)
(0.15 0.4 1)
(0.125 0.4 1)
(0.1 0.4 1)
(0.075 0.4 1)
(0.05 0.4 1)
(0.025 0.4 1)
(-2.362693374e-13 0.4 1)
(-0.025 0.4 1)
(-0.05 0.4 1)
(-0.075 0.4 1)
(0.2814285714 5 1)
(0.3128571429 5 1)
(0.3442857143 5 1)
(0.3757142857 0.3885714286 1)
(0.3442857143 0.3914285714 1)
(0.3128571429 0.3942857143 1)
(0.2814285714 0.3971428571 1)
(-0.075 -0.4 1)
(-0.05 -0.4 1)
(-0.025 -0.4 1)
(-2.362693374e-13 -0.4 1)
(0.025 -0.4 1)
(0.05 -0.4 1)
(0.075 -0.4 1)
(0.1 -0.4 1)
(0.125 -0.4 1)
(0.15 -0.4 1)
(0.175 -0.4 1)
(0.2 -0.4 1)
(0.225 -0.4 1)
(0.25 -0.7285714286 1)
(0.25 -1.057142857 1)
(0.25 -1.385714286 1)
(0.25 -1.714285714 1)
(0.25 -2.042857143 1)
(0.25 -2.371428571 1)
(0.25 -2.7 1)
(0.25 -3.028571429 1)
(0.25 -3.357142857 1)
(0.25 -3.685714286 1)
(0.25 -4.014285714 1)
(0.25 -4.342857143 1)
(0.25 -4.671428571 1)
(0.1607142857 -5 1)
(0.07142857143 -5 1)
(-0.01785714286 -5 1)
(-0.1071428571 -5 1)
(-0.1964285714 -5 1)
(-0.2857142857 -5 1)
(-0.375 -5 1)
(-0.4642857143 -5 1)
(-0.5535714286 -5 1)
(-0.6428571429 -5 1)
(-0.7321428571 -5 1)
(-0.8214285714 -5 1)
(-0.9107142857 -5 1)
(0.3757142857 -5 1)
(0.3442857143 -5 1)
(0.3128571429 -5 1)
(0.2814285714 -5 1)
(0.2814285714 -0.3942857143 1)
(0.3128571429 -0.3885714286 1)
(0.3442857143 -0.3828571429 1)
(0.3757142857 -0.3771428571 1)
(0.369283892 -0.0768162912 1)
(0.34367731 -0.07706672811 1)
(0.318069636 -0.07697201764 1)
(0.2924657299 -0.07652593499 1)
(0.2668713272 -0.07569566389 1)
(0.2419121429 -0.09777929643 1)
(0.2425342857 -0.1210270429 1)
(0.2431564286 -0.1442747893 1)
(0.2437785714 -0.1675225357 1)
(0.2444007143 -0.1907702821 1)
(0.2450228571 -0.2140180286 1)
(0.245645 -0.237265775 1)
(0.2462671429 -0.2605135214 1)
(0.2468892857 -0.2837612679 1)
(0.2475114286 -0.3070090143 1)
(0.2481335714 -0.3302567607 1)
(0.2487557143 -0.3535045071 1)
(0.2493778571 -0.3767522536 1)
(-0.08827897 -0.3751598279 1)
(-0.07655794 -0.3503196557 1)
(-0.06483691 -0.3254794836 1)
(-0.05311588 -0.3006393114 1)
(-0.04139485 -0.2757991393 1)
(-0.02967382 -0.2509589671 1)
(-0.01795279 -0.226118795 1)
(-0.00623176 -0.2012786229 1)
(0.00548927 -0.1764384507 1)
(0.0172103 -0.1515982786 1)
(0.02893133 -0.1267581064 1)
(0.04065236 -0.1019179343 1)
(0.05237339 -0.07707776214 1)
(0.0765305924 -0.05515026785 1)
(0.08904385422 -0.05771239743 1)
(0.1016115471 -0.05999312185 1)
(0.1142203684 -0.06203524803 1)
(0.1268592744 -0.06388186066 1)
(0.1395204806 -0.06556923861 1)
(0.1521992988 -0.06711876326 1)
(0.1648937708 -0.06853441352 1)
(0.1776027578 -0.06981328642 1)
(0.1903236832 -0.07096740612 1)
(0.2030542801 -0.07200952836 1)
(0.2157928915 -0.07294870986 1)
(0.2285383393 -0.07379013065 1)
(-0.08848267286 0.3758657029 1)
(-0.07696534571 0.3517314057 1)
(-0.06544801857 0.3275971086 1)
(-0.05393069143 0.3034628114 1)
(-0.04241336429 0.2793285143 1)
(-0.03089603714 0.2551942171 1)
(-0.01937871 0.23105992 1)
(-0.007861382857 0.2069256229 1)
(0.003655944286 0.1827913257 1)
(0.01517327143 0.1586570286 1)
(0.02669059857 0.1345227314 1)
(0.03820792571 0.1103884343 1)
(0.04972525286 0.08625413714 1)
(0.04848264572 0.05850382037 1)
(0.0360277636 0.05395268607 1)
(0.02422200023 0.04794441176 1)
(0.01430170965 0.03921020969 1)
(0.006940658789 0.02821376306 1)
(0.002238994154 0.01584078631 1)
(8.520558551e-05 0.002772511023 1)
(0.001007223157 -0.01041113268 1)
(0.006287520966 -0.02248927699 1)
(0.01539966554 -0.03205338923 1)
(0.02662251785 -0.0390858316 1)
(0.03875807514 -0.04442158385 1)
(0.0513114136 -0.04870099082 1)
(0.2497872143 0.3774674557 1)
(0.2495744286 0.3549349114 1)
(0.2493616429 0.3324023671 1)
(0.2491488571 0.3098698229 1)
(0.2489360714 0.2873372786 1)
(0.2487232857 0.2648047343 1)
(0.2485105 0.24227219 1)
(0.2482977143 0.2197396457 1)
(0.2480849286 0.1972071014 1)
(0.2478721429 0.1746745571 1)
(0.2476593571 0.1521420129 1)
(0.2474465714 0.1296094686 1)
(0.2472337857 0.1070769243 1)
(0.2336639431 0.08374088889 1)
(0.2203122993 0.08285216801 1)
(0.2069670203 0.08187253432 1)
(0.1936291574 0.08079666373 1)
(0.1802999513 0.07961849239 1)
(0.1669808762 0.07833089297 1)
(0.1536735686 0.07692676973 1)
(0.1403811112 0.07538853597 1)
(0.1271052335 0.07371331677 1)
(0.1138512079 0.0718732867 1)
(0.1006242286 0.06984836313 1)
(0.08743395413 0.06759708735 1)
(0.07429551571 0.06506147007 1)
(0.3523474181 0.08814856391 1)
(0.3260027664 0.0876710395 1)
(0.2996645253 0.08691925301 1)
(0.2733359993 0.0858816948 1)
(-1.828197979 4.399486863 0)
(-1.700911478 4.089836186 0)
(-1.573624977 3.78018551 0)
(-1.446338476 3.470534833 0)
(-1.319051975 3.160884157 0)
(-1.191765474 2.85123348 0)
(-1.064478973 2.541582804 0)
(-0.9371924718 2.231932127 0)
(-0.8099059707 1.922281451 0)
(-0.6826194696 1.612630774 0)
(-0.5553329685 1.302980097 0)
(-0.4280464674 0.9933294209 0)
(-0.3007599663 0.6836787443 0)
(-2.650564364 3.958810305 0)
(-2.465193477 3.680031586 0)
(-2.27982259 3.401252866 0)
(-2.094451703 3.122474147 0)
(-1.909080816 2.843695427 0)
(-1.723709929 2.564916708 0)
(-1.538339042 2.286137988 0)
(-1.352968156 2.007359269 0)
(-1.167597269 1.728580549 0)
(-0.9822263816 1.449801829 0)
(-0.7968554947 1.17102311 0)
(-0.6114846077 0.8922443905 0)
(-0.4261137208 0.6134656709 0)
(-3.371270546 3.366300987 0)
(-3.134972957 3.129153517 0)
(-2.898675369 2.892006047 0)
(-2.662377781 2.654858577 0)
(-2.426080192 2.417711106 0)
(-2.189782604 2.180563636 0)
(-1.953485015 1.943416166 0)
(-1.717187427 1.706268695 0)
(-1.480889838 1.469121225 0)
(-1.24459225 1.231973755 0)
(-1.008294661 0.9948262843 0)
(-0.771997073 0.757678814 0)
(-0.5356994845 0.5205313437 0)
(-3.962672875 2.644684826 0)
(-3.684571302 2.458320911 0)
(-3.40646973 2.271956996 0)
(-3.128368157 2.085593081 0)
(-2.850266584 1.899229167 0)
(-2.572165012 1.712865252 0)
(-2.294063439 1.526501337 0)
(-2.015961867 1.340137422 0)
(-1.737860294 1.153773507 0)
(-1.459758721 0.9674095923 0)
(-1.181657149 0.7810456775 0)
(-0.9035555761 0.5946817626 0)
(-0.6254540035 0.4083178477 0)
(-4.402087296 1.821639865 0)
(-4.092917447 1.693251757 0)
(-3.783747598 1.564863649 0)
(-3.474577749 1.436475541 0)
(-3.1654079 1.308087434 0)
(-2.856238051 1.179699326 0)
(-2.547068202 1.051311218 0)
(-2.237898353 0.9229231106 0)
(-1.928728504 0.7945350029 0)
(-1.619558655 0.6661468951 0)
(-1.310388806 0.5377587874 0)
(-1.001218957 0.4093706797 0)
(-0.6920491082 0.280982572 0)
(-4.672659439 0.9287346515 0)
(-4.344355758 0.8632770968 0)
(-4.016052078 0.797819542 0)
(-3.687748398 0.7323619873 0)
(-3.359444717 0.6669044325 0)
(-3.031141037 0.6014468778 0)
(-2.702837357 0.5359893231 0)
(-2.374533676 0.4705317683 0)
(-2.046229996 0.4050742136 0)
(-1.717926316 0.3396166588 0)
(-1.389622635 0.2741591041 0)
(-1.061318955 0.2087015493 0)
(-0.7330152746 0.1432439946 0)
(-4.764011111 0.000217358598 0)
(-4.429246295 0.0002164636869 0)
(-4.094481479 0.0002155687759 0)
(-3.759716662 0.0002146738649 0)
(-3.424951846 0.0002137789539 0)
(-3.09018703 0.0002128840428 0)
(-2.755422213 0.0002119891318 0)
(-2.420657397 0.0002110942208 0)
(-2.085892581 0.0002101993098 0)
(-1.751127764 0.0002093043987 0)
(-1.416362948 0.0002084094877 0)
(-1.081598132 0.0002075145767 0)
(-0.7468333153 0.0002066196657 0)
(-4.672638385 -0.9282978639 0)
(-4.344334419 -0.8628420771 0)
(-4.016030452 -0.7973862904 0)
(-3.687726485 -0.7319305036 0)
(-3.359422519 -0.6664747169 0)
(-3.031118552 -0.6010189301 0)
(-2.702814585 -0.5355631434 0)
(-2.374510618 -0.4701073566 0)
(-2.046206652 -0.4046515698 0)
(-1.717902685 -0.3391957831 0)
(-1.389598718 -0.2737399963 0)
(-1.061294752 -0.2082842096 0)
(-0.7329907851 -0.1428284228 0)
(-4.402045995 -1.821196954 0)
(-4.092875579 -1.692810548 0)
(-3.783705164 -1.564424143 0)
(-3.474534748 -1.436037738 0)
(-3.165364333 -1.307651332 0)
(-2.856193917 -1.179264927 0)
(-2.547023502 -1.050878522 0)
(-2.237853086 -0.9224921163 0)
(-1.928682671 -0.7941057109 0)
(-1.619512255 -0.6657193056 0)
(-1.31034184 -0.5373329003 0)
(-1.001171425 -0.4089464949 0)
(-0.6920010091 -0.2805600896 0)
(-3.962612904 -2.64423197 0)
(-3.684510497 -2.45786965 0)
(-3.406408091 -2.271507329 0)
(-3.128305684 -2.085145009 0)
(-2.850203277 -1.898782688 0)
(-2.57210087 -1.712420368 0)
(-2.293998464 -1.526058047 0)
(-2.015896057 -1.339695726 0)
(-1.73779365 -1.153333406 0)
(-1.459691243 -0.9669710854 0)
(-1.181588837 -0.7806087649 0)
(-0.90348643 -0.5942464443 0)
(-0.6253840233 -0.4078841238 0)
(-3.371194193 -3.365834753 0)
(-3.134895521 -3.128688728 0)
(-2.89859685 -2.891542702 0)
(-2.662298179 -2.654396677 0)
(-2.425999508 -2.417250652 0)
(-2.189700836 -2.180104627 0)
(-1.953402165 -1.942958602 0)
(-1.717103494 -1.705812577 0)
(-1.480804822 -1.468666552 0)
(-1.244506151 -1.231520527 0)
(-1.00820748 -0.9943745022 0)
(-0.7719088085 -0.7572284772 0)
(-0.5356101372 -0.5200824521 0)
(-2.650474547 -3.95832776 0)
(-2.465102352 -3.679550299 0)
(-2.279730158 -3.400772838 0)
(-2.094357964 -3.121995377 0)
(-1.90898577 -2.843217917 0)
(-1.723613576 -2.564440456 0)
(-1.538241382 -2.285662995 0)
(-1.352869187 -2.006885534 0)
(-1.167496993 -1.728108073 0)
(-0.9821247991 -1.449330612 0)
(-0.796752605 -1.170553152 0)
(-0.6113804108 -0.8917756907 0)
(-0.4260082166 -0.6129982299 0)
(-1.828098122 -4.398985704 0)
(-1.70081012 -4.089336065 0)
(-1.573522118 -3.779686427 0)
(-1.446234116 -3.470036788 0)
(-1.318946113 -3.160387149 0)
(-1.191658111 -2.85073751 0)
(-1.064370109 -2.541087872 0)
(-0.9370821067 -2.231438233 0)
(-0.8097941045 -1.921788594 0)
(-0.6825061023 -1.612138955 0)
(-0.5552181001 -1.302489317 0)
(-0.4279300978 -0.9928396778 0)
(-0.3006420956 -0.683190039 0)
(-0.8510204082 4.671428571 0)
(-0.7913265306 4.342857143 0)
(-0.7316326531 4.014285714 0)
(-0.6719387755 3.685714286 0)
(-0.612244898 3.357142857 0)
(-0.5525510204 3.028571429 0)
(-0.4928571429 2.7 0)
(-0.4331632653 2.371428571 0)
(-0.3734693878 2.042857143 0)
(-0.3137755102 1.714285714 0)
(-0.2540816327 1.385714286 0)
(-0.1943877551 1.057142857 0)
(-0.1346938776 0.7285714286 0)
(-0.7663265306 4.671428571 0)
(-0.7112244898 4.342857143 0)
(-0.656122449 4.014285714 0)
(-0.6010204082 3.685714286 0)
(-0.5459183673 3.357142857 0)
(-0.4908163265 3.028571429 0)
(-0.4357142857 2.7 0)
(-0.3806122449 2.371428571 0)
(-0.3255102041 2.042857143 0)
(-0.2704081633 1.714285714 0)
(-0.2153061224 1.385714286 0)
(-0.1602040816 1.057142857 0)
(-0.1051020408 0.7285714286 0)
(-0.6816326531 4.671428571 0)
(-0.631122449 4.342857143 0)
(-0.5806122449 4.014285714 0)
(-0.5301020408 3.685714286 0)
(-0.4795918367 3.357142857 0)
(-0.4290816327 3.028571429 0)
(-0.3785714286 2.7 0)
(-0.3280612245 2.371428571 0)
(-0.2775510204 2.042857143 0)
(-0.2270408163 1.714285714 0)
(-0.1765306122 1.385714286 0)
(-0.1260204082 1.057142857 0)
(-0.07551020408 0.7285714286 0)
(-0.5969387755 4.671428571 0)
(-0.5510204082 4.342857143 0)
(-0.5051020408 4.014285714 0)
(-0.4591836735 3.685714286 0)
(-0.4132653061 3.357142857 0)
(-0.3673469388 3.028571429 0)
(-0.3214285714 2.7 0)
(-0.2755102041 2.371428571 0)
(-0.2295918367 2.042857143 0)
(-0.1836734694 1.714285714 0)
(-0.137755102 1.385714286 0)
(-0.09183673469 1.057142857 0)
(-0.04591836735 0.7285714286 0)
(-0.512244898 4.671428571 0)
(-0.4709183673 4.342857143 0)
(-0.4295918367 4.014285714 0)
(-0.3882653061 3.685714286 0)
(-0.3469387755 3.357142857 0)
(-0.3056122449 3.028571429 0)
(-0.2642857143 2.7 0)
(-0.2229591837 2.371428571 0)
(-0.1816326531 2.042857143 0)
(-0.1403061224 1.714285714 0)
(-0.09897959184 1.385714286 0)
(-0.05765306122 1.057142857 0)
(-0.01632653061 0.7285714286 0)
(-0.4275510204 4.671428571 0)
(-0.3908163265 4.342857143 0)
(-0.3540816327 4.014285714 0)
(-0.3173469388 3.685714286 0)
(-0.2806122449 3.357142857 0)
(-0.243877551 3.028571429 0)
(-0.2071428571 2.7 0)
(-0.1704081633 2.371428571 0)
(-0.1336734694 2.042857143 0)
(-0.09693877551 1.714285714 0)
(-0.06020408163 1.385714286 0)
(-0.02346938776 1.057142857 0)
(0.01326530612 0.7285714286 0)
(-0.3428571429 4.671428571 0)
(-0.3107142857 4.342857143 0)
(-0.2785714286 4.014285714 0)
(-0.2464285714 3.685714286 0)
(-0.2142857143 3.357142857 0)
(-0.1821428571 3.028571429 0)
(-0.15 2.7 0)
(-0.1178571429 2.371428571 0)
(-0.08571428572 2.042857143 0)
(-0.05357142857 1.714285714 0)
(-0.02142857143 1.385714286 0)
(0.01071428571 1.057142857 0)
(0.04285714286 0.7285714286 0)
(-0.2581632653 4.671428571 0)
(-0.2306122449 4.342857143 0)
(-0.2030612245 4.014285714 0)
(-0.1755102041 3.685714286 0)
(-0.1479591837 3.357142857 0)
(-0.1204081633 3.028571429 0)
(-0.09285714286 2.7 0)
(-0.06530612245 2.371428571 0)
(-0.03775510204 2.042857143 0)
(-0.01020408163 1.714285714 0)
(0.01734693878 1.385714286 0)
(0.04489795918 1.057142857 0)
(0.07244897959 0.7285714286 0)
(-0.1734693878 4.671428571 0)
(-0.1505102041 4.342857143 0)
(-0.1275510204 4.014285714 0)
(-0.1045918367 3.685714286 0)
(-0.08163265306 3.357142857 0)
(-0.05867346939 3.028571429 0)
(-0.03571428571 2.7 0)
(-0.01275510204 2.371428571 0)
(0.01020408163 2.042857143 0)
(0.03316326531 1.714285714 0)
(0.05612244898 1.385714286 0)
(0.07908163265 1.057142857 0)
(0.1020408163 0.7285714286 0)
(-0.0887755102 4.671428571 0)
(-0.07040816327 4.342857143 0)
(-0.05204081633 4.014285714 0)
(-0.03367346939 3.685714286 0)
(-0.01530612245 3.357142857 0)
(0.003061224489 3.028571429 0)
(0.02142857143 2.7 0)
(0.03979591837 2.371428571 0)
(0.05816326531 2.042857143 0)
(0.07653061224 1.714285714 0)
(0.09489795918 1.385714286 0)
(0.1132653061 1.057142857 0)
(0.1316326531 0.7285714286 0)
(-0.004081632653 4.671428571 0)
(0.009693877551 4.342857143 0)
(0.02346938775 4.014285714 0)
(0.03724489796 3.685714286 0)
(0.05102040816 3.357142857 0)
(0.06479591837 3.028571429 0)
(0.07857142857 2.7 0)
(0.09234693878 2.371428571 0)
(0.106122449 2.042857143 0)
(0.1198979592 1.714285714 0)
(0.1336734694 1.385714286 0)
(0.1474489796 1.057142857 0)
(0.1612244898 0.7285714286 0)
(0.0806122449 4.671428571 0)
(0.08979591837 4.342857143 0)
(0.09897959184 4.014285714 0)
(0.1081632653 3.685714286 0)
(0.1173469388 3.357142857 0)
(0.1265306122 3.028571429 0)
(0.1357142857 2.7 0)
(0.1448979592 2.371428571 0)
(0.1540816327 2.042857143 0)
(0.1632653061 1.714285714 0)
(0.1724489796 1.385714286 0)
(0.1816326531 1.057142857 0)
(0.1908163265 0.7285714286 0)
(0.1653061224 4.671428571 0)
(0.1698979592 4.342857143 0)
(0.1744897959 4.014285714 0)
(0.1790816327 3.685714286 0)
(0.1836734694 3.357142857 0)
(0.1882653061 3.028571429 0)
(0.1928571429 2.7 0)
(0.1974489796 2.371428571 0)
(0.2020408163 2.042857143 0)
(0.2066326531 1.714285714 0)
(0.2112244898 1.385714286 0)
(0.2158163265 1.057142857 0)
(0.2204081633 0.7285714286 0)
(0.2814285714 4.67122449 0)
(0.2814285714 4.34244898 0)
(0.2814285714 4.013673469 0)
(0.2814285714 3.684897959 0)
(0.2814285714 3.356122449 0)
(0.2814285714 3.027346939 0)
(0.2814285714 2.698571429 0)
(0.2814285714 2.369795918 0)
(0.2814285714 2.041020408 0)
(0.2814285714 1.712244898 0)
(0.2814285714 1.383469388 0)
(0.2814285714 1.054693878 0)
(0.2814285714 0.7259183673 0)
(0.3128571429 4.671020408 0)
(0.3128571429 4.342040816 0)
(0.3128571429 4.013061224 0)
(0.3128571429 3.684081633 0)
(0.3128571429 3.355102041 0)
(0.3128571429 3.026122449 0)
(0.3128571429 2.697142857 0)
(0.3128571429 2.368163265 0)
(0.3128571429 2.039183673 0)
(0.3128571429 1.710204082 0)
(0.3128571429 1.38122449 0)
(0.3128571429 1.052244898 0)
(0.3128571429 0.7232653061 0)
(0.3442857143 4.670816327 0)
(0.3442857143 4.341632653 0)
(0.3442857143 4.01244898 0)
(0.3442857143 3.683265306 0)
(0.3442857143 3.354081633 0)
(0.3442857143 3.024897959 0)
(0.3442857143 2.695714286 0)
(0.3442857143 2.366530612 0)
(0.3442857143 2.037346939 0)
(0.3442857143 1.708163265 0)
(0.3442857143 1.378979592 0)
(0.3442857143 1.049795918 0)
(0.3442857143 0.7206122449 0)
(0.3757142857 2.694285714 0)
(0.3757142857 2.364897959 0)
(0.3757142857 2.035510204 0)
(0.3757142857 1.706122449 0)
(0.3757142857 1.376734694 0)
(0.3757142857 1.047346939 0)
(0.3757142857 0.7179591837 0)
(-0.8510204082 -4.671428571 0)
(-0.7663265306 -4.671428571 0)
(-0.6816326531 -4.671428571 0)
(-0.5969387755 -4.671428571 0)
(-0.512244898 -4.671428571 0)
(-0.4275510204 -4.671428571 0)
(-0.3428571429 -4.671428571 0)
(-0.2581632653 -4.671428571 0)
(-0.1734693878 -4.671428571 0)
(-0.0887755102 -4.671428571 0)
(-0.004081632653 -4.671428571 0)
(0.0806122449 -4.671428571 0)
(0.1653061224 -4.671428571 0)
(-0.7913265306 -4.342857143 0)
(-0.7112244898 -4.342857143 0)
(-0.631122449 -4.342857143 0)
(-0.5510204082 -4.342857143 0)
(-0.4709183673 -4.342857143 0)
(-0.3908163265 -4.342857143 0)
(-0.3107142857 -4.342857143 0)
(-0.2306122449 -4.342857143 0)
(-0.1505102041 -4.342857143 0)
(-0.07040816327 -4.342857143 0)
(0.009693877551 -4.342857143 0)
(0.08979591837 -4.342857143 0)
(0.1698979592 -4.342857143 0)
(-0.7316326531 -4.014285714 0)
(-0.656122449 -4.014285714 0)
(-0.5806122449 -4.014285714 0)
(-0.5051020408 -4.014285714 0)
(-0.4295918367 -4.014285714 0)
(-0.3540816327 -4.014285714 0)
(-0.2785714286 -4.014285714 0)
(-0.2030612245 -4.014285714 0)
(-0.1275510204 -4.014285714 0)
(-0.05204081633 -4.014285714 0)
(0.02346938775 -4.014285714 0)
(0.09897959184 -4.014285714 0)
(0.1744897959 -4.014285714 0)
(-0.6719387755 -3.685714286 0)
(-0.6010204082 -3.685714286 0)
(-0.5301020408 -3.685714286 0)
(-0.4591836735 -3.685714286 0)
(-0.3882653061 -3.685714286 0)
(-0.3173469388 -3.685714286 0)
(-0.2464285714 -3.685714286 0)
(-0.1755102041 -3.685714286 0)
(-0.1045918367 -3.685714286 0)
(-0.03367346939 -3.685714286 0)
(0.03724489796 -3.685714286 0)
(0.1081632653 -3.685714286 0)
(0.1790816327 -3.685714286 0)
(-0.612244898 -3.357142857 0)
(-0.5459183673 -3.357142857 0)
(-0.4795918367 -3.357142857 0)
(-0.4132653061 -3.357142857 0)
(-0.3469387755 -3.357142857 0)
(-0.2806122449 -3.357142857 0)
(-0.2142857143 -3.357142857 0)
(-0.1479591837 -3.357142857 0)
(-0.08163265306 -3.357142857 0)
(-0.01530612245 -3.357142857 0)
(0.05102040816 -3.357142857 0)
(0.1173469388 -3.357142857 0)
(0.1836734694 -3.357142857 0)
(-0.5525510204 -3.028571429 0)
(-0.4908163265 -3.028571429 0)
(-0.4290816327 -3.028571429 0)
(-0.3673469388 -3.028571429 0)
(-0.3056122449 -3.028571429 0)
(-0.243877551 -3.028571429 0)
(-0.1821428571 -3.028571429 0)
(-0.1204081633 -3.028571429 0)
(-0.05867346939 -3.028571429 0)
(0.003061224489 -3.028571429 0)
(0.06479591837 -3.028571429 0)
(0.1265306122 -3.028571429 0)
(0.1882653061 -3.028571429 0)
(-0.4928571429 -2.7 0)
(-0.4357142857 -2.7 0)
(-0.3785714286 -2.7 0)
(-0.3214285714 -2.7 0)
(-0.2642857143 -2.7 0)
(-0.2071428571 -2.7 0)
(-0.15 -2.7 0)
(-0.09285714286 -2.7 0)
(-0.03571428571 -2.7 0)
(0.02142857143 -2.7 0)
(0.07857142857 -2.7 0)
(0.1357142857 -2.7 0)
(0.1928571429 -2.7 0)
(-0.4331632653 -2.371428571 0)
(-0.3806122449 -2.371428571 0)
(-0.3280612245 -2.371428571 0)
(-0.2755102041 -2.371428571 0)
(-0.2229591837 -2.371428571 0)
(-0.1704081633 -2.371428571 0)
(-0.1178571429 -2.371428571 0)
(-0.06530612245 -2.371428571 0)
(-0.01275510204 -2.371428571 0)
(0.03979591837 -2.371428571 0)
(0.09234693878 -2.371428571 0)
(0.1448979592 -2.371428571 0)
(0.1974489796 -2.371428571 0)
(-0.3734693878 -2.042857143 0)
(-0.3255102041 -2.042857143 0)
(-0.2775510204 -2.042857143 0)
(-0.2295918367 -2.042857143 0)
(-0.1816326531 -2.042857143 0)
(-0.1336734694 -2.042857143 0)
(-0.08571428572 -2.042857143 0)
(-0.03775510204 -2.042857143 0)
(0.01020408163 -2.042857143 0)
(0.05816326531 -2.042857143 0)
(0.106122449 -2.042857143 0)
(0.1540816327 -2.042857143 0)
(0.2020408163 -2.042857143 0)
(-0.3137755102 -1.714285714 0)
(-0.2704081633 -1.714285714 0)
(-0.2270408163 -1.714285714 0)
(-0.1836734694 -1.714285714 0)
(-0.1403061224 -1.714285714 0)
(-0.09693877551 -1.714285714 0)
(-0.05357142857 -1.714285714 0)
(-0.01020408163 -1.714285714 0)
(0.03316326531 -1.714285714 0)
(0.07653061224 -1.714285714 0)
(0.1198979592 -1.714285714 0)
(0.1632653061 -1.714285714 0)
(0.2066326531 -1.714285714 0)
(-0.2540816327 -1.385714286 0)
(-0.2153061224 -1.385714286 0)
(-0.1765306122 -1.385714286 0)
(-0.137755102 -1.385714286 0)
(-0.09897959184 -1.385714286 0)
(-0.06020408163 -1.385714286 0)
(-0.02142857143 -1.385714286 0)
(0.01734693878 -1.385714286 0)
(0.05612244898 -1.385714286 0)
(0.09489795918 -1.385714286 0)
(0.1336734694 -1.385714286 0)
(0.1724489796 -1.385714286 0)
(0.2112244898 -1.385714286 0)
(-0.1943877551 -1.057142857 0)
(-0.1602040816 -1.057142857 0)
(-0.1260204082 -1.057142857 0)
(-0.09183673469 -1.057142857 0)
(-0.05765306122 -1.057142857 0)
(-0.02346938776 -1.057142857 0)
(0.01071428571 -1.057142857 0)
(0.04489795918 -1.057142857 0)
(0.07908163265 -1.057142857 0)
(0.1132653061 -1.057142857 0)
(0.1474489796 -1.057142857 0)
(0.1816326531 -1.057142857 0)
(0.2158163265 -1.057142857 0)
(-0.1346938776 -0.7285714286 0)
(-0.1051020408 -0.7285714286 0)
(-0.07551020408 -0.7285714286 0)
(-0.04591836735 -0.7285714286 0)
(-0.01632653061 -0.7285714286 0)
(0.01326530612 -0.7285714286 0)
(0.04285714286 -0.7285714286 0)
(0.07244897959 -0.7285714286 0)
(0.1020408163 -0.7285714286 0)
(0.1316326531 -0.7285714286 0)
(0.1612244898 -0.7285714286 0)
(0.1908163265 -0.7285714286 0)
(0.2204081633 -0.7285714286 0)
(0.3757142857 -0.7073469388 0)
(0.3442857143 -0.7126530612 0)
(0.3128571429 -0.7179591837 0)
(0.2814285714 -0.7232653061 0)
(0.3757142857 -1.03755102 0)
(0.3442857143 -1.04244898 0)
(0.3128571429 -1.047346939 0)
(0.2814285714 -1.052244898 0)
(0.3757142857 -1.367755102 0)
(0.3442857143 -1.372244898 0)
(0.3128571429 -1.376734694 0)
(0.2814285714 -1.38122449 0)
(0.3757142857 -1.697959184 0)
(0.3442857143 -1.702040816 0)
(0.3128571429 -1.706122449 0)
(0.2814285714 -1.710204082 0)
(0.3757142857 -2.028163265 0)
(0.3442857143 -2.031836735 0)
(0.3128571429 -2.035510204 0)
(0.2814285714 -2.039183673 0)
(0.3757142857 -2.358367347 0)
(0.3442857143 -2.361632653 0)
(0.3128571429 -2.364897959 0)
(0.2814285714 -2.368163265 0)
(0.3757142857 -2.688571429 0)
(0.3442857143 -2.691428571 0)
(0.3128571429 -2.694285714 0)
(0.2814285714 -2.697142857 0)
(0.3757142857 -3.01877551 0)
(0.3442857143 -3.02122449 0)
(0.3128571429 -3.023673469 0)
(0.2814285714 -3.026122449 0)
(0.3757142857 -3.348979592 0)
(0.3442857143 -3.351020408 0)
(0.3128571429 -3.353061224 0)
(0.2814285714 -3.355102041 0)
(0.3757142857 -3.679183673 0)
(0.3442857143 -3.680816327 0)
(0.3128571429 -3.68244898 0)
(0.2814285714 -3.684081633 0)
(0.3757142857 -4.009387755 0)
(0.3442857143 -4.010612245 0)
(0.3128571429 -4.011836735 0)
(0.2814285714 -4.013061224 0)
(0.3757142857 -4.339591837 0)
(0.3442857143 -4.340408163 0)
(0.3128571429 -4.34122449 0)
(0.2814285714 -4.342040816 0)
(0.3757142857 -4.669795918 0)
(0.3442857143 -4.670204082 0)
(0.3128571429 -4.670612245 0)
(0.2814285714 -4.671020408 0)
(0.2803887683 -0.3715292821 0)
(0.2793489651 -0.3487728499 0)
(0.2783091619 -0.3260164178 0)
(0.2772693588 -0.3032599856 0)
(0.2762295556 -0.2805035534 0)
(0.2751897525 -0.2577471213 0)
(0.2741499493 -0.2349906891 0)
(0.2731101461 -0.2122342569 0)
(0.272070343 -0.1894778247 0)
(0.2710305398 -0.1667213926 0)
(0.2699907366 -0.1439649604 0)
(0.2689509335 -0.1212085282 0)
(0.2679111303 -0.09845209606 0)
(0.3114006134 -0.3662824647 0)
(0.3099440839 -0.3439935009 0)
(0.3084875544 -0.3217045371 0)
(0.3070310249 -0.2994155733 0)
(0.3055744954 -0.2771266094 0)
(0.3041179659 -0.2548376456 0)
(0.3026614364 -0.2325486818 0)
(0.3012049069 -0.210259718 0)
(0.2997483774 -0.1879707541 0)
(0.2982918479 -0.1656817903 0)
(0.2968353184 -0.1433928265 0)
(0.2953787889 -0.1211038626 0)
(0.2939222594 -0.09881489882 0)
(0.3424131373 -0.3610082053 0)
(0.3405405602 -0.3391592678 0)
(0.3386679832 -0.3173103303 0)
(0.3367954062 -0.2954613928 0)
(0.3349228292 -0.2736124553 0)
(0.3330502522 -0.2517635178 0)
(0.3311776751 -0.2299145802 0)
(0.3293050981 -0.2080656427 0)
(0.3274325211 -0.1862167052 0)
(0.3255599441 -0.1643677677 0)
(0.3236873671 -0.1425188302 0)
(0.32181479 -0.1206698927 0)
(0.319942213 -0.09882095516 0)
(0.3734259303 -0.3557088479 0)
(0.3711375749 -0.3342748387 0)
(0.3688492195 -0.3128408295 0)
(0.3665608641 -0.2914068203 0)
(0.3642725087 -0.2699728111 0)
(0.3619841533 -0.2485388018 0)
(0.3596957979 -0.2271047926 0)
(0.3574074425 -0.2056707834 0)
(0.3551190871 -0.1842367742 0)
(0.3528307317 -0.162802765 0)
(0.3505423763 -0.1413687558 0)
(0.3482540208 -0.1199347465 0)
(0.3459656654 -0.09850073732 0)
(0.3773965274 -0.1399474941 0)
(0.3746923156 -0.1189037598 0)
(0.3719881038 -0.09786002551 0)
(0.2282856007 -0.0970908356 0)
(0.2146648278 -0.0963095163 0)
(0.2010504029 -0.09543741919 0)
(0.1874434202 -0.09446973425 0)
(0.1738454179 -0.09339805168 0)
(0.1602585015 -0.09221052684 0)
(0.1466850632 -0.09089599445 0)
(0.1331261606 -0.08945715014 0)
(0.119583612 -0.08789029918 0)
(0.1060617707 -0.08617558746 0)
(0.09256786514 -0.08427932743 0)
(0.07911215035 -0.0821615119 0)
(0.06570697865 -0.07978239158 0)
(0.2280328622 -0.1203915406 0)
(0.2135367641 -0.1196703227 0)
(0.1990465258 -0.11886531 0)
(0.1845631571 -0.1179720624 0)
(0.1700880781 -0.1169828169 0)
(0.1556232321 -0.1158866402 0)
(0.1411708275 -0.1146732256 0)
(0.1267318406 -0.1133450617 0)
(0.1123079495 -0.1118987377 0)
(0.09790317294 -0.1103159269 0)
(0.08352418321 -0.108565533 0)
(0.06918044647 -0.1066106264 0)
(0.05488336491 -0.1044145153 0)
(0.2277801237 -0.1436922455 0)
(0.2124087004 -0.1430311292 0)
(0.1970426486 -0.1422932009 0)
(0.181682894 -0.1414743905 0)
(0.1663307382 -0.1405675822 0)
(0.1509879628 -0.1395627535 0)
(0.1356565919 -0.1384504568 0)
(0.1203375205 -0.1372329732 0)
(0.1050322871 -0.1359071762 0)
(0.0897445752 -0.1344562663 0)
(0.07448050127 -0.1328517386 0)
(0.0592487426 -0.1310597408 0)
(0.04405975117 -0.129046639 0)
(0.2275273852 -0.1669929505 0)
(0.2112806368 -0.1663919356 0)
(0.1950387715 -0.1657210917 0)
(0.1788026309 -0.1649767187 0)
(0.1625733984 -0.1641523474 0)
(0.1463526934 -0.1632388668 0)
(0.1301423563 -0.162227688 0)
(0.1139432005 -0.1611208847 0)
(0.0977566246 -0.1599156148 0)
(0.08158597745 -0.1585966057 0)
(0.06543681934 -0.1571379442 0)
(0.04931703873 -0.1555088553 0)
(0.03323613743 -0.1536787628 0)
(0.2272746467 -0.1902936554 0)
(0.2101525731 -0.1897527421 0)
(0.1930348943 -0.1891489825 0)
(0.1759223678 -0.1884790468 0)
(0.1588160586 -0.1877371127 0)
(0.1417174241 -0.1869149801 0)
(0.1246281207 -0.1860049192 0)
(0.1075488804 -0.1850087963 0)
(0.09048096214 -0.1839240533 0)
(0.07342737971 -0.1827369452 0)
(0.0563931374 -0.1814241498 0)
(0.03938533486 -0.1799579698 0)
(0.02241252368 -0.1783108865 0)
(0.2270219082 -0.2135943604 0)
(0.2090245094 -0.2131135485 0)
(0.1910310172 -0.2125768733 0)
(0.1730421047 -0.2119813749 0)
(0.1550587187 -0.211321878 0)
(0.1370821547 -0.2105910934 0)
(0.119113885 -0.2097821504 0)
(0.1011545604 -0.2088967078 0)
(0.08320529968 -0.2079324918 0)
(0.06526878196 -0.2068772846 0)
(0.04734945547 -0.2057103553 0)
(0.02945363098 -0.2044070842 0)
(0.01158890994 -0.2029430102 0)
(0.2267691696 -0.2368950653 0)
(0.2078964457 -0.2364743549 0)
(0.18902714 -0.2360047642 0)
(0.1701618416 -0.2354837031 0)
(0.1513013789 -0.2349066432 0)
(0.1324468854 -0.2342672068 0)
(0.1135996494 -0.2335593816 0)
(0.09476024032 -0.2327846193 0)
(0.07592963722 -0.2319409303 0)
(0.05711018422 -0.231017624 0)
(0.03830577354 -0.2299965609 0)
(0.01952192711 -0.2288561987 0)
(0.0007652961974 -0.2275751339 0)
(0.2265164311 -0.2601957703 0)
(0.2067683821 -0.2598351614 0)
(0.1870232629 -0.259432655 0)
(0.1672815785 -0.2589860312 0)
(0.147544039 -0.2584914085 0)
(0.1278116161 -0.2579433201 0)
(0.1080854138 -0.2573366128 0)
(0.08836592028 -0.2566725308 0)
(0.06865397476 -0.2559493689 0)
(0.04895158647 -0.2551579634 0)
(0.0292620916 -0.2542827665 0)
(0.009590223237 -0.2533053132 0)
(-0.01005831755 -0.2522072577 0)
(0.2262636926 -0.2834964752 0)
(0.2056403184 -0.2831959678 0)
(0.1850193857 -0.2828605458 0)
(0.1644013154 -0.2824883593 0)
(0.1437866992 -0.2820761737 0)
(0.1231763467 -0.2816194334 0)
(0.1025711781 -0.281113844 0)
(0.08197160023 -0.2805604424 0)
(0.0613783123 -0.2799578074 0)
(0.04079298873 -0.2792983029 0)
(0.02021840967 -0.2785689721 0)
(-0.0003414806358 -0.2777544277 0)
(-0.02088193129 -0.2768393814 0)
(0.2260109541 -0.3067971802 0)
(0.2045122547 -0.3065567742 0)
(0.1830155086 -0.3062884367 0)
(0.1615210524 -0.3059906875 0)
(0.1400293594 -0.305660939 0)
(0.1185410774 -0.3052955467 0)
(0.09705694251 -0.3048910752 0)
(0.07557728018 -0.3044483539 0)
(0.05410264984 -0.3039662459 0)
(0.03263439098 -0.3034386423 0)
(0.01117472774 -0.3028551777 0)
(-0.01027318451 -0.3022035421 0)
(-0.03170554503 -0.3014715051 0)
(0.2257582156 -0.3300978851 0)
(0.203384191 -0.3299175807 0)
(0.1810116314 -0.3297163275 0)
(0.1586407893 -0.3294930156 0)
(0.1362720195 -0.3292457042 0)
(0.113905808 -0.32897166 0)
(0.09154270689 -0.3286683064 0)
(0.06918296014 -0.3283362654 0)
(0.04682698738 -0.3279746844 0)
(0.02447579324 -0.3275789817 0)
(0.002131045802 -0.3271413833 0)
(-0.02020488838 -0.3266526566 0)
(-0.04252915877 -0.3261036288 0)
(0.225505477 -0.3533985901 0)
(0.2022561274 -0.3532783871 0)
(0.1790077543 -0.3531442183 0)
(0.1557605262 -0.3529953437 0)
(0.1325146797 -0.3528304695 0)
(0.1092705387 -0.3526477734 0)
(0.08602847126 -0.3524455376 0)
(0.06278864009 -0.3522241769 0)
(0.03955132492 -0.351983123 0)
(0.01631719549 -0.3517193211 0)
(-0.006912636132 -0.3514275888 0)
(-0.03013659225 -0.3511017711 0)
(-0.05335277252 -0.3507357526 0)
(0.2252527385 -0.376699295 0)
(0.2011280637 -0.3766391936 0)
(0.1770038771 -0.3765721092 0)
(0.1528802631 -0.3764976719 0)
(0.1287573398 -0.3764152347 0)
(0.1046352693 -0.3763238867 0)
(0.08051423563 -0.3762227688 0)
(0.05639432005 -0.3761120885 0)
(0.03227566246 -0.3759915615 0)
(0.008158597745 -0.3758596606 0)
(-0.01595631807 -0.3757137944 0)
(-0.04006829613 -0.3755508855 0)
(-0.06417638626 -0.3753678763 0)
(-0.1576194573 0.3514906215 0)
(-0.2209735054 0.3146345039 0)
(-0.2762859035 0.266566769 0)
(-0.3215199923 0.2089008098 0)
(-0.3550349793 0.1437101285 0)
(-0.3756436951 0.07336175032 0)
(-0.3826289486 0.000389066631 0)
(-0.3757086726 -0.07258967152 0)
(-0.3550364426 -0.1429105123 0)
(-0.3213758107 -0.2079883451 0)
(-0.276030467 -0.2655185274 0)
(-0.2206793012 -0.3135208273 0)
(-0.1573065572 -0.3503375853 0)
(-0.1417654494 0.3289531753 0)
(-0.201204177 0.2945820564 0)
(-0.2531699109 0.2497496646 0)
(-0.2956875537 0.1958476867 0)
(-0.3271906995 0.1348257927 0)
(-0.346575796 0.06893706078 0)
(-0.3531893983 0.0005724085073 0)
(-0.3467305268 -0.067806707 0)
(-0.3272422915 -0.1336473404 0)
(-0.2954700049 -0.194454887 0)
(-0.2527494682 -0.2481006277 0)
(-0.20072258 -0.2928208855 0)
(-0.141259021 -0.3271347703 0)
(-0.1259114415 0.3064157291 0)
(-0.1814348486 0.2745296089 0)
(-0.2300539183 0.2329325602 0)
(-0.2698551151 0.1827945636 0)
(-0.2993464196 0.1259414569 0)
(-0.3175078968 0.06451237124 0)
(-0.323749848 0.0007557503836 0)
(-0.3177523809 -0.06302374247 0)
(-0.2994481405 -0.1243841684 0)
(-0.269564199 -0.1809214288 0)
(-0.2294684694 -0.2306827281 0)
(-0.1807658587 -0.2721209437 0)
(-0.1252114848 -0.3039319554 0)
(-0.1100574335 0.2838782828 0)
(-0.1616655203 0.2544771613 0)
(-0.2069379257 0.2161154558 0)
(-0.2440226765 0.1697414405 0)
(-0.2715021398 0.1170571211 0)
(-0.2884399976 0.0600876817 0)
(-0.2943102976 0.00093909226 0)
(-0.2887742351 -0.05824077794 0)
(-0.2716539895 -0.1151209965 0)
(-0.2436583931 -0.1673879707 0)
(-0.2061874705 -0.2132648284 0)
(-0.1608091375 -0.2514210019 0)
(-0.1091639485 -0.2807291404 0)
(-0.09420342561 0.2613408366 0)
(-0.1418961919 0.2344247138 0)
(-0.1838219331 0.1992983514 0)
(-0.2181902379 0.1566883175 0)
(-0.2436578599 0.1081727853 0)
(-0.2593720984 0.05566299216 0)
(-0.2648707473 0.001122434136 0)
(-0.2597960893 -0.05345781342 0)
(-0.2438598384 -0.1058578245 0)
(-0.2177525873 -0.1538545125 0)
(-0.1829064717 -0.1958469287 0)
(-0.1408524162 -0.2307210601 0)
(-0.09311641233 -0.2575263255 0)
(-0.07834941769 0.2388033903 0)
(-0.1221268635 0.2143722663 0)
(-0.1607059405 0.182481247 0)
(-0.1923577993 0.1436351944 0)
(-0.21581358 0.09928844947 0)
(-0.2303041992 0.05123830262 0)
(-0.235431197 0.001305776013 0)
(-0.2308179435 -0.04867484889 0)
(-0.2160656874 -0.09659465257 0)
(-0.1918467814 -0.1403210544 0)
(-0.1596254729 -0.178429029 0)
(-0.1208956949 -0.2100211183 0)
(-0.07706887612 -0.2343235105 0)
(-0.06249540976 0.2162659441 0)
(-0.1023575351 0.1943198187 0)
(-0.1375899479 0.1656641426 0)
(-0.1665253606 0.1305820713 0)
(-0.1879693002 0.09040411367 0)
(-0.2012363001 0.04681361308 0)
(-0.2059916467 0.001489117889 0)
(-0.2018397976 -0.04389188436 0)
(-0.1882715363 -0.08733148062 0)
(-0.1659409755 -0.1267875962 0)
(-0.136344474 -0.1610111293 0)
(-0.1009389737 -0.1893211765 0)
(-0.0610213399 -0.2111206955 0)
(-0.04664140183 0.1937284978 0)
(-0.08258820672 0.1742673712 0)
(-0.1144739553 0.1488470382 0)
(-0.140692922 0.1175289482 0)
(-0.1601250203 0.08151977787 0)
(-0.1721684009 0.04238892354 0)
(-0.1765520964 0.001672459765 0)
(-0.1728616518 -0.03910891984 0)
(-0.1604773853 -0.07806830868 0)
(-0.1400351697 -0.1132541381 0)
(-0.1130634752 -0.1435932297 0)
(-0.08098225242 -0.1686212347 0)
(-0.04497380369 -0.1879178806 0)
(-0.03078739391 0.1711910516 0)
(-0.06281887833 0.1542149237 0)
(-0.09135796274 0.1320299338 0)
(-0.1148604834 0.1044758251 0)
(-0.1322807405 0.07263544206 0)
(-0.1431005017 0.037964234 0)
(-0.147112546 0.001855801642 0)
(-0.143883506 -0.03432595531 0)
(-0.1326832342 -0.06880513673 0)
(-0.1141293638 -0.09972067996 0)
(-0.08978247634 -0.12617533 0)
(-0.06102553116 -0.1479212929 0)
(-0.02892626747 -0.1647150656 0)
(-0.01493338598 0.1486536053 0)
(-0.04304954995 0.1341624762 0)
(-0.06824197014 0.1152128294 0)
(-0.0890280448 0.09142270203 0)
(-0.1044364606 0.06375110626 0)
(-0.1140326025 0.03353954446 0)
(-0.1176729957 0.002039143518 0)
(-0.1149053601 -0.02954299079 0)
(-0.1048890832 -0.05954196478 0)
(-0.08822355792 -0.08618722181 0)
(-0.0665014775 -0.1087574303 0)
(-0.0410688099 -0.1272213511 0)
(-0.01287873126 -0.1415122507 0)
(0.0009206219427 0.1261161591 0)
(-0.02328022156 0.1141100286 0)
(-0.04512597755 0.09839572496 0)
(-0.06319560619 0.07836957895 0)
(-0.07659218077 0.05486677046 0)
(-0.08496470337 0.02911485492 0)
(-0.08823344538 0.002222485394 0)
(-0.08592721432 -0.02476002626 0)
(-0.07709493216 -0.05027879283 0)
(-0.06231775206 -0.07265376367 0)
(-0.04322047866 -0.09133953063 0)
(-0.02111208864 -0.1065214093 0)
(0.003168804957 -0.1183094357 0)
(0.01677462987 0.1035787129 0)
(-0.003510893174 0.09405758112 0)
(-0.02200998496 0.08157862056 0)
(-0.03736316757 0.06531645586 0)
(-0.04874790092 0.04598243466 0)
(-0.0558968042 0.02469016539 0)
(-0.05879389506 0.002405827271 0)
(-0.0569490685 -0.01997706173 0)
(-0.04930078112 -0.04101562088 0)
(-0.03641194619 -0.05912030552 0)
(-0.01993947982 -0.07392163095 0)
(-0.001155367378 -0.08582146746 0)
(0.01921634117 -0.09510662074 0)
(0.03262863779 0.08104126661 0)
(0.01625843521 0.0740051336 0)
(0.00110600764 0.06476151616 0)
(-0.01153072896 0.05226333278 0)
(-0.02090362107 0.03709809886 0)
(-0.02682890502 0.02026547585 0)
(-0.02935434474 0.002589169147 0)
(-0.02797092267 -0.01519409721 0)
(-0.02150663008 -0.03175244894 0)
(-0.01050614032 -0.04558684738 0)
(0.003341519015 -0.05650373128 0)
(0.01880135388 -0.06512152565 0)
(0.03526387739 -0.07190380578 0)
(-0.06433603459 0.3760758193 0)
(-0.05367206918 0.3521516386 0)
(-0.04300810378 0.3282274579 0)
(-0.03234413837 0.3043032772 0)
(-0.02168017296 0.2803790965 0)
(-0.01101620755 0.2564549157 0)
(-0.000352242144 0.232530735 0)
(0.01031172326 0.2086065543 0)
(0.02097568867 0.1846823736 0)
(0.03163965408 0.1607581929 0)
(0.04230361949 0.1368340122 0)
(0.0529675849 0.1129098315 0)
(0.0636315503 0.08898565078 0)
(-0.04018328899 0.3762569348 0)
(-0.03036657798 0.3525138696 0)
(-0.02054986697 0.3287708044 0)
(-0.01073315596 0.3050277392 0)
(-0.0009164449554 0.2812846741 0)
(0.008900266053 0.2575416089 0)
(0.01871697706 0.2337985437 0)
(0.02853368807 0.2100554785 0)
(0.03835039908 0.1863124133 0)
(0.04816711009 0.1625693481 0)
(0.0579838211 0.1388262829 0)
(0.06780053211 0.1150832177 0)
(0.07761724312 0.09134015254 0)
(-0.01602684081 0.3764177402 0)
(-0.007053681626 0.3528354804 0)
(0.001919477561 0.3292532207 0)
(0.01089263675 0.3056709609 0)
(0.01986579593 0.2820887011 0)
(0.02883895512 0.2585064413 0)
(0.03781211431 0.2349241816 0)
(0.0467852735 0.2113419218 0)
(0.05575843268 0.187759662 0)
(0.06473159187 0.1641774022 0)
(0.07370475106 0.1405951425 0)
(0.08267791024 0.1170128827 0)
(0.09165106943 0.09343062291 0)
(0.008132229132 0.3765623776 0)
(0.01626445826 0.3531247552 0)
(0.0243966874 0.3296871329 0)
(0.03252891653 0.3062495105 0)
(0.04066114566 0.2828118881 0)
(0.04879337479 0.2593742657 0)
(0.05692560393 0.2359366433 0)
(0.06505783306 0.212499021 0)
(0.07319006219 0.1890613986 0)
(0.08132229132 0.1656237762 0)
(0.08945452045 0.1421861538 0)
(0.09758674959 0.1187485315 0)
(0.1057189787 0.09531090908 0)
(0.03229323096 0.3766938083 0)
(0.03958646192 0.3533876167 0)
(0.04687969289 0.330081425 0)
(0.05417292385 0.3067752334 0)
(0.06146615481 0.2834690417 0)
(0.06875938577 0.26016285 0)
(0.07605261673 0.2368566584 0)
(0.0833458477 0.2135504667 0)
(0.09063907866 0.1902442751 0)
(0.09793230962 0.1669380834 0)
(0.1052255406 0.1436318917 0)
(0.1125187715 0.1203257001 0)
(0.1198120025 0.09701950843 0)
(0.05645579366 0.3768134669 0)
(0.06291158731 0.3536269337 0)
(0.06936738097 0.3304404006 0)
(0.07582317463 0.3072538674 0)
(0.08227896829 0.2840673343 0)
(0.08873476194 0.2608808011 0)
(0.0951905556 0.237694268 0)
(0.1016463493 0.2145077348 0)
(0.1081021429 0.1913212017 0)
(0.1145579366 0.1681346685 0)
(0.1210137302 0.1449481354 0)
(0.1274695239 0.1217616023 0)
(0.1339253175 0.09857506911 0)
(0.08061954061 0.3769233407 0)
(0.08623908122 0.3538466814 0)
(0.09185862183 0.3307700221 0)
(0.09747816245 0.3076933628 0)
(0.1030977031 0.2846167035 0)
(0.1087172437 0.2615400442 0)
(0.1143367843 0.2384633849 0)
(0.1199563249 0.2153867256 0)
(0.1255758655 0.1923100663 0)
(0.1311954061 0.169233407 0)
(0.1368149467 0.1461567476 0)
(0.1424344873 0.1230800883 0)
(0.1480540279 0.100003429 0)
(0.1047843483 0.3770236352 0)
(0.1095686966 0.3540472704 0)
(0.1143530449 0.3310709056 0)
(0.1191373932 0.3080945408 0)
(0.1239217415 0.2851181761 0)
(0.1287060898 0.2621418113 0)
(0.1334904381 0.2391654465 0)
(0.1382747864 0.2161890817 0)
(0.1430591347 0.1932127169 0)
(0.147843483 0.1702363521 0)
(0.1526278313 0.1472599873 0)
(0.1574121796 0.1242836225 0)
(0.1621965279 0.1013072578 0)
(0.1289499965 0.3771156066 0)
(0.132899993 0.3542312132 0)
(0.1368499896 0.3313468198 0)
(0.1407999861 0.3084624264 0)
(0.1447499826 0.285578033 0)
(0.1486999791 0.2626936396 0)
(0.1526499757 0.2398092462 0)
(0.1565999722 0.2169248528 0)
(0.1605499687 0.1940404594 0)
(0.1644999652 0.171156066 0)
(0.1684499618 0.1482716726 0)
(0.1723999583 0.1253872792 0)
(0.1763499548 0.1025028858 0)
(0.1531163684 0.3771997617 0)
(0.1562327368 0.3543995234 0)
(0.1593491052 0.3315992851 0)
(0.1624654735 0.3087990468 0)
(0.1655818419 0.2859988085 0)
(0.1686982103 0.2631985702 0)
(0.1718145787 0.2403983319 0)
(0.1749309471 0.2175980936 0)
(0.1780473155 0.1947978553 0)
(0.1811636839 0.171997617 0)
(0.1842800523 0.1491973786 0)
(0.1873964206 0.1263971403 0)
(0.190512789 0.103596902 0)
(0.1772833586 0.3772766096 0)
(0.1795667172 0.3545532192 0)
(0.1818500758 0.3318298288 0)
(0.1841334344 0.3091064384 0)
(0.186416793 0.286383048 0)
(0.1887001516 0.2636596576 0)
(0.1909835102 0.2409362672 0)
(0.1932668688 0.2182128768 0)
(0.1955502274 0.1954894864 0)
(0.1978335859 0.1727660959 0)
(0.2001169445 0.1500427055 0)
(0.2024003031 0.1273193151 0)
(0.2046836617 0.1045959247 0)
(0.2014508785 0.3773465834 0)
(0.202901757 0.3546931669 0)
(0.2043526356 0.3320397503 0)
(0.2058035141 0.3093863337 0)
(0.2072543926 0.2867329171 0)
(0.2087052711 0.2640795006 0)
(0.2101561497 0.241426084 0)
(0.2116070282 0.2187726674 0)
(0.2130579067 0.1961192509 0)
(0.2145087852 0.1734658343 0)
(0.2159596637 0.1508124177 0)
(0.2174105423 0.1281590011 0)
(0.2188614208 0.1055055846 0)
(0.2256188531 0.3774100635 0)
(0.2262377062 0.354820127 0)
(0.2268565592 0.3322301905 0)
(0.2274754123 0.309640254 0)
(0.2280942654 0.2870503175 0)
(0.2287131185 0.264460381 0)
(0.2293319715 0.2418704444 0)
(0.2299508246 0.2192805079 0)
(0.2305696777 0.1966905714 0)
(0.2311885308 0.1741006349 0)
(0.2318073838 0.1515106984 0)
(0.2324262369 0.1289207619 0)
(0.23304509 0.1063308254 0)
(0.2808505306 0.374909917 0)
(0.2802724897 0.3526769768 0)
(0.2796944488 0.3304440366 0)
(0.279116408 0.3082110965 0)
(0.2785383671 0.2859781563 0)
(0.2779603262 0.2637452161 0)
(0.2773822854 0.241512276 0)
(0.2768042445 0.2192793358 0)
(0.2762262037 0.1970463956 0)
(0.2756481628 0.1748134555 0)
(0.2750701219 0.1525805153 0)
(0.2744920811 0.1303475751 0)
(0.2739140402 0.108114635 0)
(0.311914813 0.3723309671 0)
(0.3109724832 0.3503762198 0)
(0.3100301534 0.3284214726 0)
(0.3090878236 0.3064667254 0)
(0.3081454937 0.2845119781 0)
(0.3072031639 0.2625572309 0)
(0.3062608341 0.2406024836 0)
(0.3053185042 0.2186477364 0)
(0.3043761744 0.1966929892 0)
(0.3034338446 0.1747382419 0)
(0.3024915148 0.1527834947 0)
(0.3015491849 0.1308287475 0)
(0.3006068551 0.1088740002 0)
(0.3429797894 0.3697316049 0)
(0.3416738646 0.3480346383 0)
(0.3403679397 0.3263376717 0)
(0.3390620149 0.3046407052 0)
(0.33775609 0.2829437386 0)
(0.3364501652 0.261246772 0)
(0.3351442403 0.2395498055 0)
(0.3338383155 0.2178528389 0)
(0.3325323906 0.1961558723 0)
(0.3312264658 0.1744589058 0)
(0.3299205409 0.1527619392 0)
(0.3286146161 0.1310649726 0)
(0.3273086912 0.1093680061 0)
(0.3740452237 0.3671126525 0)
(0.3723761618 0.3456538765 0)
(0.3707070998 0.3241951004 0)
(0.3690380378 0.3027363244 0)
(0.3673689758 0.2812775483 0)
(0.3656999139 0.2598187723 0)
(0.3640308519 0.2383599962 0)
(0.3623617899 0.2169012202 0)
(0.3606927279 0.1954424441 0)
(0.359023666 0.1739836681 0)
(0.357354604 0.1525248921 0)
(0.355685542 0.131066116 0)
(0.35401648 0.10960734 0)
(-1.828197979 4.399486863 1)
(-1.700911478 4.089836186 1)
(-1.573624977 3.78018551 1)
(-1.446338476 3.470534833 1)
(-1.319051975 3.160884157 1)
(-1.191765474 2.85123348 1)
(-1.064478973 2.541582804 1)
(-0.9371924718 2.231932127 1)
(-0.8099059707 1.922281451 1)
(-0.6826194696 1.612630774 1)
(-0.5553329685 1.302980097 1)
(-0.4280464674 0.9933294209 1)
(-0.3007599663 0.6836787443 1)
(-2.650564364 3.958810305 1)
(-2.465193477 3.680031586 1)
(-2.27982259 3.401252866 1)
(-2.094451703 3.122474147 1)
(-1.909080816 2.843695427 1)
(-1.723709929 2.564916708 1)
(-1.538339042 2.286137988 1)
(-1.352968156 2.007359269 1)
(-1.167597269 1.728580549 1)
(-0.9822263816 1.449801829 1)
(-0.7968554947 1.17102311 1)
(-0.6114846077 0.8922443905 1)
(-0.4261137208 0.6134656709 1)
(-3.371270546 3.366300987 1)
(-3.134972957 3.129153517 1)
(-2.898675369 2.892006047 1)
(-2.662377781 2.654858577 1)
(-2.426080192 2.417711106 1)
(-2.189782604 2.180563636 1)
(-1.953485015 1.943416166 1)
(-1.717187427 1.706268695 1)
(-1.480889838 1.469121225 1)
(-1.24459225 1.231973755 1)
(-1.008294661 0.9948262843 1)
(-0.771997073 0.757678814 1)
(-0.5356994845 0.5205313437 1)
(-3.962672875 2.644684826 1)
(-3.684571302 2.458320911 1)
(-3.40646973 2.271956996 1)
(-3.128368157 2.085593081 1)
(-2.850266584 1.899229167 1)
(-2.572165012 1.712865252 1)
(-2.294063439 1.526501337 1)
(-2.015961867 1.340137422 1)
(-1.737860294 1.153773507 1)
(-1.459758721 0.9674095923 1)
(-1.181657149 0.7810456775 1)
(-0.9035555761 0.5946817626 1)
(-0.6254540035 0.4083178477 1)
(-4.402087296 1.821639865 1)
(-4.092917447 1.693251757 1)
(-3.783747598 1.564863649 1)
(-3.474577749 1.436475541 1)
(-3.1654079 1.308087434 1)
(-2.856238051 1.179699326 1)
(-2.547068202 1.051311218 1)
(-2.237898353 0.9229231106 1)
(-1.928728504 0.7945350029 1)
(-1.619558655 0.6661468951 1)
(-1.310388806 0.5377587874 1)
(-1.001218957 0.4093706797 1)
(-0.6920491082 0.280982572 1)
(-4.672659439 0.9287346515 1)
(-4.344355758 0.8632770968 1)
(-4.016052078 0.797819542 1)
(-3.687748398 0.7323619873 1)
(-3.359444717 0.6669044325 1)
(-3.031141037 0.6014468778 1)
(-2.702837357 0.5359893231 1)
(-2.374533676 0.4705317683 1)
(-2.046229996 0.4050742136 1)
(-1.717926316 0.3396166588 1)
(-1.389622635 0.2741591041 1)
(-1.061318955 0.2087015493 1)
(-0.7330152746 0.1432439946 1)
(-4.764011111 0.000217358598 1)
(-4.429246295 0.0002164636869 1)
(-4.094481479 0.0002155687759 1)
(-3.759716662 0.0002146738649 1)
(-3.424951846 0.0002137789539 1)
(-3.09018703 0.0002128840428 1)
(-2.755422213 0.0002119891318 1)
(-2.420657397 0.0002110942208 1)
(-2.085892581 0.0002101993098 1)
(-1.751127764 0.0002093043987 1)
(-1.416362948 0.0002084094877 1)
(-1.081598132 0.0002075145767 1)
(-0.7468333153 0.0002066196657 1)
(-4.672638385 -0.9282978639 1)
(-4.344334419 -0.8628420771 1)
(-4.016030452 -0.7973862904 1)
(-3.687726485 -0.7319305036 1)
(-3.359422519 -0.6664747169 1)
(-3.031118552 -0.6010189301 1)
(-2.702814585 -0.5355631434 1)
(-2.374510618 -0.4701073566 1)
(-2.046206652 -0.4046515698 1)
(-1.717902685 -0.3391957831 1)
(-1.389598718 -0.2737399963 1)
(-1.061294752 -0.2082842096 1)
(-0.7329907851 -0.1428284228 1)
(-4.402045995 -1.821196954 1)
(-4.092875579 -1.692810548 1)
(-3.783705164 -1.564424143 1)
(-3.474534748 -1.436037738 1)
(-3.165364333 -1.307651332 1)
(-2.856193917 -1.179264927 1)
(-2.547023502 -1.050878522 1)
(-2.237853086 -0.9224921163 1)
(-1.928682671 -0.7941057109 1)
(-1.619512255 -0.6657193056 1)
(-1.31034184 -0.5373329003 1)
(-1.001171425 -0.4089464949 1)
(-0.6920010091 -0.2805600896 1)
(-3.962612904 -2.64423197 1)
(-3.684510497 -2.45786965 1)
(-3.406408091 -2.271507329 1)
(-3.128305684 -2.085145009 1)
(-2.850203277 -1.898782688 1)
(-2.57210087 -1.712420368 1)
(-2.293998464 -1.526058047 1)
(-2.015896057 -1.339695726 1)
(-1.73779365 -1.153333406 1)
(-1.459691243 -0.9669710854 1)
(-1.181588837 -0.7806087649 1)
(-0.90348643 -0.5942464443 1)
(-0.6253840233 -0.4078841238 1)
(-3.371194193 -3.365834753 1)
(-3.134895521 -3.128688728 1)
(-2.89859685 -2.891542702 1)
(-2.662298179 -2.654396677 1)
(-2.425999508 -2.417250652 1)
(-2.189700836 -2.180104627 1)
(-1.953402165 -1.942958602 1)
(-1.717103494 -1.705812577 1)
(-1.480804822 -1.468666552 1)
(-1.244506151 -1.231520527 1)
(-1.00820748 -0.9943745022 1)
(-0.7719088085 -0.7572284772 1)
(-0.5356101372 -0.5200824521 1)
(-2.650474547 -3.95832776 1)
(-2.465102352 -3.679550299 1)
(-2.279730158 -3.400772838 1)
(-2.094357964 -3.121995377 1)
(-1.90898577 -2.843217917 1)
(-1.723613576 -2.564440456 1)
(-1.538241382 -2.285662995 1)
(-1.352869187 -2.006885534 1)
(-1.167496993 -1.728108073 1)
(-0.9821247991 -1.449330612 1)
(-0.796752605 -1.170553152 1)
(-0.6113804108 -0.8917756907 1)
(-0.4260082166 -0.6129982299 1)
(-1.828098122 -4.398985704 1)
(-1.70081012 -4.089336065 1)
(-1.573522118 -3.779686427 1)
(-1.446234116 -3.470036788 1)
(-1.318946113 -3.160387149 1)
(-1.191658111 -2.85073751 1)
(-1.064370109 -2.541087872 1)
(-0.9370821067 -2.231438233 1)
(-0.8097941045 -1.921788594 1)
(-0.6825061023 -1.612138955 1)
(-0.5552181001 -1.302489317 1)
(-0.4279300978 -0.9928396778 1)
(-0.3006420956 -0.683190039 1)
(-0.8510204082 4.671428571 1)
(-0.7913265306 4.342857143 1)
(-0.7316326531 4.014285714 1)
(-0.6719387755 3.685714286 1)
(-0.612244898 3.357142857 1)
(-0.5525510204 3.028571429 1)
(-0.4928571429 2.7 1)
(-0.4331632653 2.371428571 1)
(-0.3734693878 2.042857143 1)
(-0.3137755102 1.714285714 1)
(-0.2540816327 1.385714286 1)
(-0.1943877551 1.057142857 1)
(-0.1346938776 0.7285714286 1)
(-0.7663265306 4.671428571 1)
(-0.7112244898 4.342857143 1)
(-0.656122449 4.014285714 1)
(-0.6010204082 3.685714286 1)
(-0.5459183673 3.357142857 1)
(-0.4908163265 3.028571429 1)
(-0.4357142857 2.7 1)
(-0.3806122449 2.371428571 1)
(-0.3255102041 2.042857143 1)
(-0.2704081633 1.714285714 1)
(-0.2153061224 1.385714286 1)
(-0.1602040816 1.057142857 1)
(-0.1051020408 0.7285714286 1)
(-0.6816326531 4.671428571 1)
(-0.631122449 4.342857143 1)
(-0.5806122449 4.014285714 1)
(-0.5301020408 3.685714286 1)
(-0.4795918367 3.357142857 1)
(-0.4290816327 3.028571429 1)
(-0.3785714286 2.7 1)
(-0.3280612245 2.371428571 1)
(-0.2775510204 2.042857143 1)
(-0.2270408163 1.714285714 1)
(-0.1765306122 1.385714286 1)
(-0.1260204082 1.057142857 1)
(-0.07551020408 0.7285714286 1)
(-0.5969387755 4.671428571 1)
(-0.5510204082 4.342857143 1)
(-0.5051020408 4.014285714 1)
(-0.4591836735 3.685714286 1)
(-0.4132653061 3.357142857 1)
(-0.3673469388 3.028571429 1)
(-0.3214285714 2.7 1)
(-0.2755102041 2.371428571 1)
(-0.2295918367 2.042857143 1)
(-0.1836734694 1.714285714 1)
(-0.137755102 1.385714286 1)
(-0.09183673469 1.057142857 1)
(-0.04591836735 0.7285714286 1)
(-0.512244898 4.671428571 1)
(-0.4709183673 4.342857143 1)
(-0.4295918367 4.014285714 1)
(-0.3882653061 3.685714286 1)
(-0.3469387755 3.357142857 1)
(-0.3056122449 3.028571429 1)
(-0.2642857143 2.7 1)
(-0.2229591837 2.371428571 1)
(-0.1816326531 2.042857143 1)
(-0.1403061224 1.714285714 1)
(-0.09897959184 1.385714286 1)
(-0.05765306122 1.057142857 1)
(-0.01632653061 0.7285714286 1)
(-0.4275510204 4.671428571 1)
(-0.3908163265 4.342857143 1)
(-0.3540816327 4.014285714 1)
(-0.3173469388 3.685714286 1)
(-0.2806122449 3.357142857 1)
(-0.243877551 3.028571429 1)
(-0.2071428571 2.7 1)
(-0.1704081633 2.371428571 1)
(-0.1336734694 2.042857143 1)
(-0.09693877551 1.714285714 1)
(-0.06020408163 1.385714286 1)
(-0.02346938776 1.057142857 1)
(0.01326530612 0.7285714286 1)
(-0.3428571429 4.671428571 1)
(-0.3107142857 4.342857143 1)
(-0.2785714286 4.014285714 1)
(-0.2464285714 3.685714286 1)
(-0.2142857143 3.357142857 1)
(-0.1821428571 3.028571429 1)
(-0.15 2.7 1)
(-0.1178571429 2.371428571 1)
(-0.08571428572 2.042857143 1)
(-0.05357142857 1.714285714 1)
(-0.02142857143 1.385714286 1)
(0.01071428571 1.057142857 1)
(0.04285714286 0.7285714286 1)
(-0.2581632653 4.671428571 1)
(-0.2306122449 4.342857143 1)
(-0.2030612245 4.014285714 1)
(-0.1755102041 3.685714286 1)
(-0.1479591837 3.357142857 1)
(-0.1204081633 3.028571429 1)
(-0.09285714286 2.7 1)
(-0.06530612245 2.371428571 1)
(-0.03775510204 2.042857143 1)
(-0.01020408163 1.714285714 1)
(0.01734693878 1.385714286 1)
(0.04489795918 1.057142857 1)
(0.07244897959 0.7285714286 1)
(-0.1734693878 4.671428571 1)
(-0.1505102041 4.342857143 1)
(-0.1275510204 4.014285714 1)
(-0.1045918367 3.685714286 1)
(-0.08163265306 3.357142857 1)
(-0.05867346939 3.028571429 1)
(-0.03571428571 2.7 1)
(-0.01275510204 2.371428571 1)
(0.01020408163 2.042857143 1)
(0.03316326531 1.714285714 1)
(0.05612244898 1.385714286 1)
(0.07908163265 1.057142857 1)
(0.1020408163 0.7285714286 1)
(-0.0887755102 4.671428571 1)
(-0.07040816327 4.342857143 1)
(-0.05204081633 4.014285714 1)
(-0.03367346939 3.685714286 1)
(-0.01530612245 3.357142857 1)
(0.003061224489 3.028571429 1)
(0.02142857143 2.7 1)
(0.03979591837 2.371428571 1)
(0.05816326531 2.042857143 1)
(0.07653061224 1.714285714 1)
(0.09489795918 1.385714286 1)
(0.1132653061 1.057142857 1)
(0.1316326531 0.7285714286 1)
(-0.004081632653 4.671428571 1)
(0.009693877551 4.342857143 1)
(0.02346938775 4.014285714 1)
(0.03724489796 3.685714286 1)
(0.05102040816 3.357142857 1)
(0.06479591837 3.028571429 1)
(0.07857142857 2.7 1)
(0.09234693878 2.371428571 1)
(0.106122449 2.042857143 1)
(0.1198979592 1.714285714 1)
(0.1336734694 1.385714286 1)
(0.1474489796 1.057142857 1)
(0.1612244898 0.7285714286 1)
(0.0806122449 4.671428571 1)
(0.08979591837 4.342857143 1)
(0.09897959184 4.014285714 1)
(0.1081632653 3.685714286 1)
(0.1173469388 3.357142857 1)
(0.1265306122 3.028571429 1)
(0.1357142857 2.7 1)
(0.1448979592 2.371428571 1)
(0.1540816327 2.042857143 1)
(0.1632653061 1.714285714 1)
(0.1724489796 1.385714286 1)
(0.1816326531 1.057142857 1)
(0.1908163265 0.7285714286 1)
(0.1653061224 4.671428571 1)
(0.1698979592 4.342857143 1)
(0.1744897959 4.014285714 1)
(0.1790816327 3.685714286 1)
(0.1836734694 3.357142857 1)
(0.1882653061 3.028571429 1)
(0.1928571429 2.7 1)
(0.1974489796 2.371428571 1)
(0.2020408163 2.042857143 1)
(0.2066326531 1.714285714 1)
(0.2112244898 1.385714286 1)
(0.2158163265 1.057142857 1)
(0.2204081633 0.7285714286 1)
(0.2814285714 4.67122449 1)
(0.2814285714 4.34244898 1)
(0.2814285714 4.013673469 1)
(0.2814285714 3.684897959 1)
(0.2814285714 3.356122449 1)
(0.2814285714 3.027346939 1)
(0.2814285714 2.698571429 1)
(0.2814285714 2.369795918 1)
(0.2814285714 2.041020408 1)
(0.2814285714 1.712244898 1)
(0.2814285714 1.383469388 1)
(0.2814285714 1.054693878 1)
(0.2814285714 0.7259183673 1)
(0.3128571429 4.671020408 1)
(0.3128571429 4.342040816 1)
(0.3128571429 4.013061224 1)
(0.3128571429 3.684081633 1)
(0.3128571429 3.355102041 1)
(0.3128571429 3.026122449 1)
(0.3128571429 2.697142857 1)
(0.3128571429 2.368163265 1)
(0.3128571429 2.039183673 1)
(0.3128571429 1.710204082 1)
(0.3128571429 1.38122449 1)
(0.3128571429 1.052244898 1)
(0.3128571429 0.7232653061 1)
(0.3442857143 4.670816327 1)
(0.3442857143 4.341632653 1)
(0.3442857143 4.01244898 1)
(0.3442857143 3.683265306 1)
(0.3442857143 3.354081633 1)
(0.3442857143 3.024897959 1)
(0.3442857143 2.695714286 1)
(0.3442857143 2.366530612 1)
(0.3442857143 2.037346939 1)
(0.3442857143 1.708163265 1)
(0.3442857143 1.378979592 1)
(0.3442857143 1.049795918 1)
(0.3442857143 0.7206122449 1)
(0.3757142857 2.694285714 1)
(0.3757142857 2.364897959 1)
(0.3757142857 2.035510204 1)
(0.3757142857 1.706122449 1)
(0.3757142857 1.376734694 1)
(0.3757142857 1.047346939 1)
(0.3757142857 0.7179591837 1)
(-0.8510204082 -4.671428571 1)
(-0.7663265306 -4.671428571 1)
(-0.6816326531 -4.671428571 1)
(-0.5969387755 -4.671428571 1)
(-0.512244898 -4.671428571 1)
(-0.4275510204 -4.671428571 1)
(-0.3428571429 -4.671428571 1)
(-0.2581632653 -4.671428571 1)
(-0.1734693878 -4.671428571 1)
(-0.0887755102 -4.671428571 1)
(-0.004081632653 -4.671428571 1)
(0.0806122449 -4.671428571 1)
(0.1653061224 -4.671428571 1)
(-0.7913265306 -4.342857143 1)
(-0.7112244898 -4.342857143 1)
(-0.631122449 -4.342857143 1)
(-0.5510204082 -4.342857143 1)
(-0.4709183673 -4.342857143 1)
(-0.3908163265 -4.342857143 1)
(-0.3107142857 -4.342857143 1)
(-0.2306122449 -4.342857143 1)
(-0.1505102041 -4.342857143 1)
(-0.07040816327 -4.342857143 1)
(0.009693877551 -4.342857143 1)
(0.08979591837 -4.342857143 1)
(0.1698979592 -4.342857143 1)
(-0.7316326531 -4.014285714 1)
(-0.656122449 -4.014285714 1)
(-0.5806122449 -4.014285714 1)
(-0.5051020408 -4.014285714 1)
(-0.4295918367 -4.014285714 1)
(-0.3540816327 -4.014285714 1)
(-0.2785714286 -4.014285714 1)
(-0.2030612245 -4.014285714 1)
(-0.1275510204 -4.014285714 1)
(-0.05204081633 -4.014285714 1)
(0.02346938775 -4.014285714 1)
(0.09897959184 -4.014285714 1)
(0.1744897959 -4.014285714 1)
(-0.6719387755 -3.685714286 1)
(-0.6010204082 -3.685714286 1)
(-0.5301020408 -3.685714286 1)
(-0.4591836735 -3.685714286 1)
(-0.3882653061 -3.685714286 1)
(-0.3173469388 -3.685714286 1)
(-0.2464285714 -3.685714286 1)
(-0.1755102041 -3.685714286 1)
(-0.1045918367 -3.685714286 1)
(-0.03367346939 -3.685714286 1)
(0.03724489796 -3.685714286 1)
(0.1081632653 -3.685714286 1)
(0.1790816327 -3.685714286 1)
(-0.612244898 -3.357142857 1)
(-0.5459183673 -3.357142857 1)
(-0.4795918367 -3.357142857 1)
(-0.4132653061 -3.357142857 1)
(-0.3469387755 -3.357142857 1)
(-0.2806122449 -3.357142857 1)
(-0.2142857143 -3.357142857 1)
(-0.1479591837 -3.357142857 1)
(-0.08163265306 -3.357142857 1)
(-0.01530612245 -3.357142857 1)
(0.05102040816 -3.357142857 1)
(0.1173469388 -3.357142857 1)
(0.1836734694 -3.357142857 1)
(-0.5525510204 -3.028571429 1)
(-0.4908163265 -3.028571429 1)
(-0.4290816327 -3.028571429 1)
(-0.3673469388 -3.028571429 1)
(-0.3056122449 -3.028571429 1)
(-0.243877551 -3.028571429 1)
(-0.1821428571 -3.028571429 1)
(-0.1204081633 -3.028571429 1)
(-0.05867346939 -3.028571429 1)
(0.003061224489 -3.028571429 1)
(0.06479591837 -3.028571429 1)
(0.1265306122 -3.028571429 1)
(0.1882653061 -3.028571429 1)
(-0.4928571429 -2.7 1)
(-0.4357142857 -2.7 1)
(-0.3785714286 -2.7 1)
(-0.3214285714 -2.7 1)
(-0.2642857143 -2.7 1)
(-0.2071428571 -2.7 1)
(-0.15 -2.7 1)
(-0.09285714286 -2.7 1)
(-0.03571428571 -2.7 1)
(0.02142857143 -2.7 1)
(0.07857142857 -2.7 1)
(0.1357142857 -2.7 1)
(0.1928571429 -2.7 1)
(-0.4331632653 -2.371428571 1)
(-0.3806122449 -2.371428571 1)
(-0.3280612245 -2.371428571 1)
(-0.2755102041 -2.371428571 1)
(-0.2229591837 -2.371428571 1)
(-0.1704081633 -2.371428571 1)
(-0.1178571429 -2.371428571 1)
(-0.06530612245 -2.371428571 1)
(-0.01275510204 -2.371428571 1)
(0.03979591837 -2.371428571 1)
(0.09234693878 -2.371428571 1)
(0.1448979592 -2.371428571 1)
(0.1974489796 -2.371428571 1)
(-0.3734693878 -2.042857143 1)
(-0.3255102041 -2.042857143 1)
(-0.2775510204 -2.042857143 1)
(-0.2295918367 -2.042857143 1)
(-0.1816326531 -2.042857143 1)
(-0.1336734694 -2.042857143 1)
(-0.08571428572 -2.042857143 1)
(-0.03775510204 -2.042857143 1)
(0.01020408163 -2.042857143 1)
(0.05816326531 -2.042857143 1)
(0.106122449 -2.042857143 1)
(0.1540816327 -2.042857143 1)
(0.2020408163 -2.042857143 1)
(-0.3137755102 -1.714285714 1)
(-0.2704081633 -1.714285714 1)
(-0.2270408163 -1.714285714 1)
(-0.1836734694 -1.714285714 1)
(-0.1403061224 -1.714285714 1)
(-0.09693877551 -1.714285714 1)
(-0.05357142857 -1.714285714 1)
(-0.01020408163 -1.714285714 1)
(0.03316326531 -1.714285714 1)
(0.07653061224 -1.714285714 1)
(0.1198979592 -1.714285714 1)
(0.1632653061 -1.714285714 1)
(0.2066326531 -1.714285714 1)
(-0.2540816327 -1.385714286 1)
(-0.2153061224 -1.385714286 1)
(-0.1765306122 -1.385714286 1)
(-0.137755102 -1.385714286 1)
(-0.09897959184 -1.385714286 1)
(-0.06020408163 -1.385714286 1)
(-0.02142857143 -1.385714286 1)
(0.01734693878 -1.385714286 1)
(0.05612244898 -1.385714286 1)
(0.09489795918 -1.385714286 1)
(0.1336734694 -1.385714286 1)
(0.1724489796 -1.385714286 1)
(0.2112244898 -1.385714286 1)
(-0.1943877551 -1.057142857 1)
(-0.1602040816 -1.057142857 1)
(-0.1260204082 -1.057142857 1)
(-0.09183673469 -1.057142857 1)
(-0.05765306122 -1.057142857 1)
(-0.02346938776 -1.057142857 1)
(0.01071428571 -1.057142857 1)
(0.04489795918 -1.057142857 1)
(0.07908163265 -1.057142857 1)
(0.1132653061 -1.057142857 1)
(0.1474489796 -1.057142857 1)
(0.1816326531 -1.057142857 1)
(0.2158163265 -1.057142857 1)
(-0.1346938776 -0.7285714286 1)
(-0.1051020408 -0.7285714286 1)
(-0.07551020408 -0.7285714286 1)
(-0.04591836735 -0.7285714286 1)
(-0.01632653061 -0.7285714286 1)
(0.01326530612 -0.7285714286 1)
(0.04285714286 -0.7285714286 1)
(0.07244897959 -0.7285714286 1)
(0.1020408163 -0.7285714286 1)
(0.1316326531 -0.7285714286 1)
(0.1612244898 -0.7285714286 1)
(0.1908163265 -0.7285714286 1)
(0.2204081633 -0.7285714286 1)
(0.3757142857 -0.7073469388 1)
(0.3442857143 -0.7126530612 1)
(0.3128571429 -0.7179591837 1)
(0.2814285714 -0.7232653061 1)
(0.3757142857 -1.03755102 1)
(0.3442857143 -1.04244898 1)
(0.3128571429 -1.047346939 1)
(0.2814285714 -1.052244898 1)
(0.3757142857 -1.367755102 1)
(0.3442857143 -1.372244898 1)
(0.3128571429 -1.376734694 1)
(0.2814285714 -1.38122449 1)
(0.3757142857 -1.697959184 1)
(0.3442857143 -1.702040816 1)
(0.3128571429 -1.706122449 1)
(0.2814285714 -1.710204082 1)
(0.3757142857 -2.028163265 1)
(0.3442857143 -2.031836735 1)
(0.3128571429 -2.035510204 1)
(0.2814285714 -2.039183673 1)
(0.3757142857 -2.358367347 1)
(0.3442857143 -2.361632653 1)
(0.3128571429 -2.364897959 1)
(0.2814285714 -2.368163265 1)
(0.3757142857 -2.688571429 1)
(0.3442857143 -2.691428571 1)
(0.3128571429 -2.694285714 1)
(0.2814285714 -2.697142857 1)
(0.3757142857 -3.01877551 1)
(0.3442857143 -3.02122449 1)
(0.3128571429 -3.023673469 1)
(0.2814285714 -3.026122449 1)
(0.3757142857 -3.348979592 1)
(0.3442857143 -3.351020408 1)
(0.3128571429 -3.353061224 1)
(0.2814285714 -3.355102041 1)
(0.3757142857 -3.679183673 1)
(0.3442857143 -3.680816327 1)
(0.3128571429 -3.68244898 1)
(0.2814285714 -3.684081633 1)
(0.3757142857 -4.009387755 1)
(0.3442857143 -4.010612245 1)
(0.3128571429 -4.011836735 1)
(0.2814285714 -4.013061224 1)
(0.3757142857 -4.339591837 1)
(0.3442857143 -4.340408163 1)
(0.3128571429 -4.34122449 1)
(0.2814285714 -4.342040816 1)
(0.3757142857 -4.669795918 1)
(0.3442857143 -4.670204082 1)
(0.3128571429 -4.670612245 1)
(0.2814285714 -4.671020408 1)
(0.2803887683 -0.3715292821 1)
(0.2793489651 -0.3487728499 1)
(0.2783091619 -0.3260164178 1)
(0.2772693588 -0.3032599856 1)
(0.2762295556 -0.2805035534 1)
(0.2751897525 -0.2577471213 1)
(0.2741499493 -0.2349906891 1)
(0.2731101461 -0.2122342569 1)
(0.272070343 -0.1894778247 1)
(0.2710305398 -0.1667213926 1)
(0.2699907366 -0.1439649604 1)
(0.2689509335 -0.1212085282 1)
(0.2679111303 -0.09845209606 1)
(0.3114006134 -0.3662824647 1)
(0.3099440839 -0.3439935009 1)
(0.3084875544 -0.3217045371 1)
(0.3070310249 -0.2994155733 1)
(0.3055744954 -0.2771266094 1)
(0.3041179659 -0.2548376456 1)
(0.3026614364 -0.2325486818 1)
(0.3012049069 -0.210259718 1)
(0.2997483774 -0.1879707541 1)
(0.2982918479 -0.1656817903 1)
(0.2968353184 -0.1433928265 1)
(0.2953787889 -0.1211038626 1)
(0.2939222594 -0.09881489882 1)
(0.3424131373 -0.3610082053 1)
(0.3405405602 -0.3391592678 1)
(0.3386679832 -0.3173103303 1)
(0.3367954062 -0.2954613928 1)
(0.3349228292 -0.2736124553 1)
(0.3330502522 -0.2517635178 1)
(0.3311776751 -0.2299145802 1)
(0.3293050981 -0.2080656427 1)
(0.3274325211 -0.1862167052 1)
(0.3255599441 -0.1643677677 1)
(0.3236873671 -0.1425188302 1)
(0.32181479 -0.1206698927 1)
(0.319942213 -0.09882095516 1)
(0.3734259303 -0.3557088479 1)
(0.3711375749 -0.3342748387 1)
(0.3688492195 -0.3128408295 1)
(0.3665608641 -0.2914068203 1)
(0.3642725087 -0.2699728111 1)
(0.3619841533 -0.2485388018 1)
(0.3596957979 -0.2271047926 1)
(0.3574074425 -0.2056707834 1)
(0.3551190871 -0.1842367742 1)
(0.3528307317 -0.162802765 1)
(0.3505423763 -0.1413687558 1)
(0.3482540208 -0.1199347465 1)
(0.3459656654 -0.09850073732 1)
(0.3773965274 -0.1399474941 1)
(0.3746923156 -0.1189037598 1)
(0.3719881038 -0.09786002551 1)
(0.2282856007 -0.0970908356 1)
(0.2146648278 -0.0963095163 1)
(0.2010504029 -0.09543741919 1)
(0.1874434202 -0.09446973425 1)
(0.1738454179 -0.09339805168 1)
(0.1602585015 -0.09221052684 1)
(0.1466850632 -0.09089599445 1)
(0.1331261606 -0.08945715014 1)
(0.119583612 -0.08789029918 1)
(0.1060617707 -0.08617558746 1)
(0.09256786514 -0.08427932743 1)
(0.07911215035 -0.0821615119 1)
(0.06570697865 -0.07978239158 1)
(0.2280328622 -0.1203915406 1)
(0.2135367641 -0.1196703227 1)
(0.1990465258 -0.11886531 1)
(0.1845631571 -0.1179720624 1)
(0.1700880781 -0.1169828169 1)
(0.1556232321 -0.1158866402 1)
(0.1411708275 -0.1146732256 1)
(0.1267318406 -0.1133450617 1)
(0.1123079495 -0.1118987377 1)
(0.09790317294 -0.1103159269 1)
(0.08352418321 -0.108565533 1)
(0.06918044647 -0.1066106264 1)
(0.05488336491 -0.1044145153 1)
(0.2277801237 -0.1436922455 1)
(0.2124087004 -0.1430311292 1)
(0.1970426486 -0.1422932009 1)
(0.181682894 -0.1414743905 1)
(0.1663307382 -0.1405675822 1)
(0.1509879628 -0.1395627535 1)
(0.1356565919 -0.1384504568 1)
(0.1203375205 -0.1372329732 1)
(0.1050322871 -0.1359071762 1)
(0.0897445752 -0.1344562663 1)
(0.07448050127 -0.1328517386 1)
(0.0592487426 -0.1310597408 1)
(0.04405975117 -0.129046639 1)
(0.2275273852 -0.1669929505 1)
(0.2112806368 -0.1663919356 1)
(0.1950387715 -0.1657210917 1)
(0.1788026309 -0.1649767187 1)
(0.1625733984 -0.1641523474 1)
(0.1463526934 -0.1632388668 1)
(0.1301423563 -0.162227688 1)
(0.1139432005 -0.1611208847 1)
(0.0977566246 -0.1599156148 1)
(0.08158597745 -0.1585966057 1)
(0.06543681934 -0.1571379442 1)
(0.04931703873 -0.1555088553 1)
(0.03323613743 -0.1536787628 1)
(0.2272746467 -0.1902936554 1)
(0.2101525731 -0.1897527421 1)
(0.1930348943 -0.1891489825 1)
(0.1759223678 -0.1884790468 1)
(0.1588160586 -0.1877371127 1)
(0.1417174241 -0.1869149801 1)
(0.1246281207 -0.1860049192 1)
(0.1075488804 -0.1850087963 1)
(0.09048096214 -0.1839240533 1)
(0.07342737971 -0.1827369452 1)
(0.0563931374 -0.1814241498 1)
(0.03938533486 -0.1799579698 1)
(0.02241252368 -0.1783108865 1)
(0.2270219082 -0.2135943604 1)
(0.2090245094 -0.2131135485 1)
(0.1910310172 -0.2125768733 1)
(0.1730421047 -0.2119813749 1)
(0.1550587187 -0.211321878 1)
(0.1370821547 -0.2105910934 1)
(0.119113885 -0.2097821504 1)
(0.1011545604 -0.2088967078 1)
(0.08320529968 -0.2079324918 1)
(0.06526878196 -0.2068772846 1)
(0.04734945547 -0.2057103553 1)
(0.02945363098 -0.2044070842 1)
(0.01158890994 -0.2029430102 1)
(0.2267691696 -0.2368950653 1)
(0.2078964457 -0.2364743549 1)
(0.18902714 -0.2360047642 1)
(0.1701618416 -0.2354837031 1)
(0.1513013789 -0.2349066432 1)
(0.1324468854 -0.2342672068 1)
(0.1135996494 -0.2335593816 1)
(0.09476024032 -0.2327846193 1)
(0.07592963722 -0.2319409303 1)
(0.05711018422 -0.231017624 1)
(0.03830577354 -0.2299965609 1)
(0.01952192711 -0.2288561987 1)
(0.0007652961974 -0.2275751339 1)
(0.2265164311 -0.2601957703 1)
(0.2067683821 -0.2598351614 1)
(0.1870232629 -0.259432655 1)
(0.1672815785 -0.2589860312 1)
(0.147544039 -0.2584914085 1)
(0.1278116161 -0.2579433201 1)
(0.1080854138 -0.2573366128 1)
(0.08836592028 -0.2566725308 1)
(0.06865397476 -0.2559493689 1)
(0.04895158647 -0.2551579634 1)
(0.0292620916 -0.2542827665 1)
(0.009590223237 -0.2533053132 1)
(-0.01005831755 -0.2522072577 1)
(0.2262636926 -0.2834964752 1)
(0.2056403184 -0.2831959678 1)
(0.1850193857 -0.2828605458 1)
(0.1644013154 -0.2824883593 1)
(0.1437866992 -0.2820761737 1)
(0.1231763467 -0.2816194334 1)
(0.1025711781 -0.281113844 1)
(0.08197160023 -0.2805604424 1)
(0.0613783123 -0.2799578074 1)
(0.04079298873 -0.2792983029 1)
(0.02021840967 -0.2785689721 1)
(-0.0003414806358 -0.2777544277 1)
(-0.02088193129 -0.2768393814 1)
(0.2260109541 -0.3067971802 1)
(0.2045122547 -0.3065567742 1)
(0.1830155086 -0.3062884367 1)
(0.1615210524 -0.3059906875 1)
(0.1400293594 -0.305660939 1)
(0.1185410774 -0.3052955467 1)
(0.09705694251 -0.3048910752 1)
(0.07557728018 -0.3044483539 1)
(0.05410264984 -0.3039662459 1)
(0.03263439098 -0.3034386423 1)
(0.01117472774 -0.3028551777 1)
(-0.01027318451 -0.3022035421 1)
(-0.03170554503 -0.3014715051 1)
(0.2257582156 -0.3300978851 1)
(0.203384191 -0.3299175807 1)
(0.1810116314 -0.3297163275 1)
(0.1586407893 -0.3294930156 1)
(0.1362720195 -0.3292457042 1)
(0.113905808 -0.32897166 1)
(0.09154270689 -0.3286683064 1)
(0.06918296014 -0.3283362654 1)
(0.04682698738 -0.3279746844 1)
(0.02447579324 -0.3275789817 1)
(0.002131045802 -0.3271413833 1)
(-0.02020488838 -0.3266526566 1)
(-0.04252915877 -0.3261036288 1)
(0.225505477 -0.3533985901 1)
(0.2022561274 -0.3532783871 1)
(0.1790077543 -0.3531442183 1)
(0.1557605262 -0.3529953437 1)
(0.1325146797 -0.3528304695 1)
(0.1092705387 -0.3526477734 1)
(0.08602847126 -0.3524455376 1)
(0.06278864009 -0.3522241769 1)
(0.03955132492 -0.351983123 1)
(0.01631719549 -0.3517193211 1)
(-0.006912636132 -0.3514275888 1)
(-0.03013659225 -0.3511017711 1)
(-0.05335277252 -0.3507357526 1)
(0.2252527385 -0.376699295 1)
(0.2011280637 -0.3766391936 1)
(0.1770038771 -0.3765721092 1)
(0.1528802631 -0.3764976719 1)
(0.1287573398 -0.3764152347 1)
(0.1046352693 -0.3763238867 1)
(0.08051423563 -0.3762227688 1)
(0.05639432005 -0.3761120885 1)
(0.03227566246 -0.3759915615 1)
(0.008158597745 -0.3758596606 1)
(-0.01595631807 -0.3757137944 1)
(-0.04006829613 -0.3755508855 1)
(-0.06417638626 -0.3753678763 1)
(-0.1576194573 0.3514906215 1)
(-0.2209735054 0.3146345039 1)
(-0.2762859035 0.266566769 1)
(-0.3215199923 0.2089008098 1)
(-0.3550349793 0.1437101285 1)
(-0.3756436951 0.07336175032 1)
(-0.3826289486 0.000389066631 1)
(-0.3757086726 -0.07258967152 1)
(-0.3550364426 -0.1429105123 1)
(-0.3213758107 -0.2079883451 1)
(-0.276030467 -0.2655185274 1)
(-0.2206793012 -0.3135208273 1)
(-0.1573065572 -0.3503375853 1)
(-0.1417654494 0.3289531753 1)
(-0.201204177 0.2945820564 1)
(-0.2531699109 0.2497496646 1)
(-0.2956875537 0.1958476867 1)
(-0.3271906995 0.1348257927 1)
(-0.346575796 0.06893706078 1)
(-0.3531893983 0.0005724085073 1)
(-0.3467305268 -0.067806707 1)
(-0.3272422915 -0.1336473404 1)
(-0.2954700049 -0.194454887 1)
(-0.2527494682 -0.2481006277 1)
(-0.20072258 -0.2928208855 1)
(-0.141259021 -0.3271347703 1)
(-0.1259114415 0.3064157291 1)
(-0.1814348486 0.2745296089 1)
(-0.2300539183 0.2329325602 1)
(-0.2698551151 0.1827945636 1)
(-0.2993464196 0.1259414569 1)
(-0.3175078968 0.06451237124 1)
(-0.323749848 0.0007557503836 1)
(-0.3177523809 -0.06302374247 1)
(-0.2994481405 -0.1243841684 1)
(-0.269564199 -0.1809214288 1)
(-0.2294684694 -0.2306827281 1)
(-0.1807658587 -0.2721209437 1)
(-0.1252114848 -0.3039319554 1)
(-0.1100574335 0.2838782828 1)
(-0.1616655203 0.2544771613 1)
(-0.2069379257 0.2161154558 1)
(-0.2440226765 0.1697414405 1)
(-0.2715021398 0.1170571211 1)
(-0.2884399976 0.0600876817 1)
(-0.2943102976 0.00093909226 1)
(-0.2887742351 -0.05824077794 1)
(-0.2716539895 -0.1151209965 1)
(-0.2436583931 -0.1673879707 1)
(-0.2061874705 -0.2132648284 1)
(-0.1608091375 -0.2514210019 1)
(-0.1091639485 -0.2807291404 1)
(-0.09420342561 0.2613408366 1)
(-0.1418961919 0.2344247138 1)
(-0.1838219331 0.1992983514 1)
(-0.2181902379 0.1566883175 1)
(-0.2436578599 0.1081727853 1)
(-0.2593720984 0.05566299216 1)
(-0.2648707473 0.001122434136 1)
(-0.2597960893 -0.05345781342 1)
(-0.2438598384 -0.1058578245 1)
(-0.2177525873 -0.1538545125 1)
(-0.1829064717 -0.1958469287 1)
(-0.1408524162 -0.2307210601 1)
(-0.09311641233 -0.2575263255 1)
(-0.07834941769 0.2388033903 1)
(-0.1221268635 0.2143722663 1)
(-0.1607059405 0.182481247 1)
(-0.1923577993 0.1436351944 1)
(-0.21581358 0.09928844947 1)
(-0.2303041992 0.05123830262 1)
(-0.235431197 0.001305776013 1)
(-0.2308179435 -0.04867484889 1)
(-0.2160656874 -0.09659465257 1)
(-0.1918467814 -0.1403210544 1)
(-0.1596254729 -0.178429029 1)
(-0.1208956949 -0.2100211183 1)
(-0.07706887612 -0.2343235105 1)
(-0.06249540976 0.2162659441 1)
(-0.1023575351 0.1943198187 1)
(-0.1375899479 0.1656641426 1)
(-0.1665253606 0.1305820713 1)
(-0.1879693002 0.09040411367 1)
(-0.2012363001 0.04681361308 1)
(-0.2059916467 0.001489117889 1)
(-0.2018397976 -0.04389188436 1)
(-0.1882715363 -0.08733148062 1)
(-0.1659409755 -0.1267875962 1)
(-0.136344474 -0.1610111293 1)
(-0.1009389737 -0.1893211765 1)
(-0.0610213399 -0.2111206955 1)
(-0.04664140183 0.1937284978 1)
(-0.08258820672 0.1742673712 1)
(-0.1144739553 0.1488470382 1)
(-0.140692922 0.1175289482 1)
(-0.1601250203 0.08151977787 1)
(-0.1721684009 0.04238892354 1)
(-0.1765520964 0.001672459765 1)
(-0.1728616518 -0.03910891984 1)
(-0.1604773853 -0.07806830868 1)
(-0.1400351697 -0.1132541381 1)
(-0.1130634752 -0.1435932297 1)
(-0.08098225242 -0.1686212347 1)
(-0.04497380369 -0.1879178806 1)
(-0.03078739391 0.1711910516 1)
(-0.06281887833 0.1542149237 1)
(-0.09135796274 0.1320299338 1)
(-0.1148604834 0.1044758251 1)
(-0.1322807405 0.07263544206 1)
(-0.1431005017 0.037964234 1)
(-0.147112546 0.001855801642 1)
(-0.143883506 -0.03432595531 1)
(-0.1326832342 -0.06880513673 1)
(-0.1141293638 -0.09972067996 1)
(-0.08978247634 -0.12617533 1)
(-0.06102553116 -0.1479212929 1)
(-0.02892626747 -0.1647150656 1)
(-0.01493338598 0.1486536053 1)
(-0.04304954995 0.1341624762 1)
(-0.06824197014 0.1152128294 1)
(-0.0890280448 0.09142270203 1)
(-0.1044364606 0.06375110626 1)
(-0.1140326025 0.03353954446 1)
(-0.1176729957 0.002039143518 1)
(-0.1149053601 -0.02954299079 1)
(-0.1048890832 -0.05954196478 1)
(-0.08822355792 -0.08618722181 1)
(-0.0665014775 -0.1087574303 1)
(-0.0410688099 -0.1272213511 1)
(-0.01287873126 -0.1415122507 1)
(0.0009206219427 0.1261161591 1)
(-0.02328022156 0.1141100286 1)
(-0.04512597755 0.09839572496 1)
(-0.06319560619 0.07836957895 1)
(-0.07659218077 0.05486677046 1)
(-0.08496470337 0.02911485492 1)
(-0.08823344538 0.002222485394 1)
(-0.08592721432 -0.02476002626 1)
(-0.07709493216 -0.05027879283 1)
(-0.06231775206 -0.07265376367 1)
(-0.04322047866 -0.09133953063 1)
(-0.02111208864 -0.1065214093 1)
(0.003168804957 -0.1183094357 1)
(0.01677462987 0.1035787129 1)
(-0.003510893174 0.09405758112 1)
(-0.02200998496 0.08157862056 1)
(-0.03736316757 0.06531645586 1)
(-0.04874790092 0.04598243466 1)
(-0.0558968042 0.02469016539 1)
(-0.05879389506 0.002405827271 1)
(-0.0569490685 -0.01997706173 1)
(-0.04930078112 -0.04101562088 1)
(-0.03641194619 -0.05912030552 1)
(-0.01993947982 -0.07392163095 1)
(-0.001155367378 -0.08582146746 1)
(0.01921634117 -0.09510662074 1)
(0.03262863779 0.08104126661 1)
(0.01625843521 0.0740051336 1)
(0.00110600764 0.06476151616 1)
(-0.01153072896 0.05226333278 1)
(-0.02090362107 0.03709809886 1)
(-0.02682890502 0.02026547585 1)
(-0.02935434474 0.002589169147 1)
(-0.02797092267 -0.01519409721 1)
(-0.02150663008 -0.03175244894 1)
(-0.01050614032 -0.04558684738 1)
(0.003341519015 -0.05650373128 1)
(0.01880135388 -0.06512152565 1)
(0.03526387739 -0.07190380578 1)
(-0.06433603459 0.3760758193 1)
(-0.05367206918 0.3521516386 1)
(-0.04300810378 0.3282274579 1)
(-0.03234413837 0.3043032772 1)
(-0.02168017296 0.2803790965 1)
(-0.01101620755 0.2564549157 1)
(-0.000352242144 0.232530735 1)
(0.01031172326 0.2086065543 1)
(0.02097568867 0.1846823736 1)
(0.03163965408 0.1607581929 1)
(0.04230361949 0.1368340122 1)
(0.0529675849 0.1129098315 1)
(0.0636315503 0.08898565078 1)
(-0.04018328899 0.3762569348 1)
(-0.03036657798 0.3525138696 1)
(-0.02054986697 0.3287708044 1)
(-0.01073315596 0.3050277392 1)
(-0.0009164449554 0.2812846741 1)
(0.008900266053 0.2575416089 1)
(0.01871697706 0.2337985437 1)
(0.02853368807 0.2100554785 1)
(0.03835039908 0.1863124133 1)
(0.04816711009 0.1625693481 1)
(0.0579838211 0.1388262829 1)
(0.06780053211 0.1150832177 1)
(0.07761724312 0.09134015254 1)
(-0.01602684081 0.3764177402 1)
(-0.007053681626 0.3528354804 1)
(0.001919477561 0.3292532207 1)
(0.01089263675 0.3056709609 1)
(0.01986579593 0.2820887011 1)
(0.02883895512 0.2585064413 1)
(0.03781211431 0.2349241816 1)
(0.0467852735 0.2113419218 1)
(0.05575843268 0.187759662 1)
(0.06473159187 0.1641774022 1)
(0.07370475106 0.1405951425 1)
(0.08267791024 0.1170128827 1)
(0.09165106943 0.09343062291 1)
(0.008132229132 0.3765623776 1)
(0.01626445826 0.3531247552 1)
(0.0243966874 0.3296871329 1)
(0.03252891653 0.3062495105 1)
(0.04066114566 0.2828118881 1)
(0.04879337479 0.2593742657 1)
(0.05692560393 0.2359366433 1)
(0.06505783306 0.212499021 1)
(0.07319006219 0.1890613986 1)
(0.08132229132 0.1656237762 1)
(0.08945452045 0.1421861538 1)
(0.09758674959 0.1187485315 1)
(0.1057189787 0.09531090908 1)
(0.03229323096 0.3766938083 1)
(0.03958646192 0.3533876167 1)
(0.04687969289 0.330081425 1)
(0.05417292385 0.3067752334 1)
(0.06146615481 0.2834690417 1)
(0.06875938577 0.26016285 1)
(0.07605261673 0.2368566584 1)
(0.0833458477 0.2135504667 1)
(0.09063907866 0.1902442751 1)
(0.09793230962 0.1669380834 1)
(0.1052255406 0.1436318917 1)
(0.1125187715 0.1203257001 1)
(0.1198120025 0.09701950843 1)
(0.05645579366 0.3768134669 1)
(0.06291158731 0.3536269337 1)
(0.06936738097 0.3304404006 1)
(0.07582317463 0.3072538674 1)
(0.08227896829 0.2840673343 1)
(0.08873476194 0.2608808011 1)
(0.0951905556 0.237694268 1)
(0.1016463493 0.2145077348 1)
(0.1081021429 0.1913212017 1)
(0.1145579366 0.1681346685 1)
(0.1210137302 0.1449481354 1)
(0.1274695239 0.1217616023 1)
(0.1339253175 0.09857506911 1)
(0.08061954061 0.3769233407 1)
(0.08623908122 0.3538466814 1)
(0.09185862183 0.3307700221 1)
(0.09747816245 0.3076933628 1)
(0.1030977031 0.2846167035 1)
(0.1087172437 0.2615400442 1)
(0.1143367843 0.2384633849 1)
(0.1199563249 0.2153867256 1)
(0.1255758655 0.1923100663 1)
(0.1311954061 0.169233407 1)
(0.1368149467 0.1461567476 1)
(0.1424344873 0.1230800883 1)
(0.1480540279 0.100003429 1)
(0.1047843483 0.3770236352 1)
(0.1095686966 0.3540472704 1)
(0.1143530449 0.3310709056 1)
(0.1191373932 0.3080945408 1)
(0.1239217415 0.2851181761 1)
(0.1287060898 0.2621418113 1)
(0.1334904381 0.2391654465 1)
(0.1382747864 0.2161890817 1)
(0.1430591347 0.1932127169 1)
(0.147843483 0.1702363521 1)
(0.1526278313 0.1472599873 1)
(0.1574121796 0.1242836225 1)
(0.1621965279 0.1013072578 1)
(0.1289499965 0.3771156066 1)
(0.132899993 0.3542312132 1)
(0.1368499896 0.3313468198 1)
(0.1407999861 0.3084624264 1)
(0.1447499826 0.285578033 1)
(0.1486999791 0.2626936396 1)
(0.1526499757 0.2398092462 1)
(0.1565999722 0.2169248528 1)
(0.1605499687 0.1940404594 1)
(0.1644999652 0.171156066 1)
(0.1684499618 0.1482716726 1)
(0.1723999583 0.1253872792 1)
(0.1763499548 0.1025028858 1)
(0.1531163684 0.3771997617 1)
(0.1562327368 0.3543995234 1)
(0.1593491052 0.3315992851 1)
(0.1624654735 0.3087990468 1)
(0.1655818419 0.2859988085 1)
(0.1686982103 0.2631985702 1)
(0.1718145787 0.2403983319 1)
(0.1749309471 0.2175980936 1)
(0.1780473155 0.1947978553 1)
(0.1811636839 0.171997617 1)
(0.1842800523 0.1491973786 1)
(0.1873964206 0.1263971403 1)
(0.190512789 0.103596902 1)
(0.1772833586 0.3772766096 1)
(0.1795667172 0.3545532192 1)
(0.1818500758 0.3318298288 1)
(0.1841334344 0.3091064384 1)
(0.186416793 0.286383048 1)
(0.1887001516 0.2636596576 1)
(0.1909835102 0.2409362672 1)
(0.1932668688 0.2182128768 1)
(0.1955502274 0.1954894864 1)
(0.1978335859 0.1727660959 1)
(0.2001169445 0.1500427055 1)
(0.2024003031 0.1273193151 1)
(0.2046836617 0.1045959247 1)
(0.2014508785 0.3773465834 1)
(0.202901757 0.3546931669 1)
(0.2043526356 0.3320397503 1)
(0.2058035141 0.3093863337 1)
(0.2072543926 0.2867329171 1)
(0.2087052711 0.2640795006 1)
(0.2101561497 0.241426084 1)
(0.2116070282 0.2187726674 1)
(0.2130579067 0.1961192509 1)
(0.2145087852 0.1734658343 1)
(0.2159596637 0.1508124177 1)
(0.2174105423 0.1281590011 1)
(0.2188614208 0.1055055846 1)
(0.2256188531 0.3774100635 1)
(0.2262377062 0.354820127 1)
(0.2268565592 0.3322301905 1)
(0.2274754123 0.309640254 1)
(0.2280942654 0.2870503175 1)
(0.2287131185 0.264460381 1)
(0.2293319715 0.2418704444 1)
(0.2299508246 0.2192805079 1)
(0.2305696777 0.1966905714 1)
(0.2311885308 0.1741006349 1)
(0.2318073838 0.1515106984 1)
(0.2324262369 0.1289207619 1)
(0.23304509 0.1063308254 1)
(0.2808505306 0.374909917 1)
(0.2802724897 0.3526769768 1)
(0.2796944488 0.3304440366 1)
(0.279116408 0.3082110965 1)
(0.2785383671 0.2859781563 1)
(0.2779603262 0.2637452161 1)
(0.2773822854 0.241512276 1)
(0.2768042445 0.2192793358 1)
(0.2762262037 0.1970463956 1)
(0.2756481628 0.1748134555 1)
(0.2750701219 0.1525805153 1)
(0.2744920811 0.1303475751 1)
(0.2739140402 0.108114635 1)
(0.311914813 0.3723309671 1)
(0.3109724832 0.3503762198 1)
(0.3100301534 0.3284214726 1)
(0.3090878236 0.3064667254 1)
(0.3081454937 0.2845119781 1)
(0.3072031639 0.2625572309 1)
(0.3062608341 0.2406024836 1)
(0.3053185042 0.2186477364 1)
(0.3043761744 0.1966929892 1)
(0.3034338446 0.1747382419 1)
(0.3024915148 0.1527834947 1)
(0.3015491849 0.1308287475 1)
(0.3006068551 0.1088740002 1)
(0.3429797894 0.3697316049 1)
(0.3416738646 0.3480346383 1)
(0.3403679397 0.3263376717 1)
(0.3390620149 0.3046407052 1)
(0.33775609 0.2829437386 1)
(0.3364501652 0.261246772 1)
(0.3351442403 0.2395498055 1)
(0.3338383155 0.2178528389 1)
(0.3325323906 0.1961558723 1)
(0.3312264658 0.1744589058 1)
(0.3299205409 0.1527619392 1)
(0.3286146161 0.1310649726 1)
(0.3273086912 0.1093680061 1)
(0.3740452237 0.3671126525 1)
(0.3723761618 0.3456538765 1)
(0.3707070998 0.3241951004 1)
(0.3690380378 0.3027363244 1)
(0.3673689758 0.2812775483 1)
(0.3656999139 0.2598187723 1)
(0.3640308519 0.2383599962 1)
(0.3623617899 0.2169012202 1)
(0.3606927279 0.1954424441 1)
(0.359023666 0.1739836681 1)
(0.357354604 0.1525248921 1)
(0.355685542 0.131066116 1)
(0.35401648 0.10960734 1)
)


// ************************************************************************* //
