/*--------------------------------*- C++ -*----------------------------------*\
| =========                 |                                                 |
| \\      /  F ield         | OpenFOAM: The Open Source CFD Toolbox           |
|  \\    /   O peration     | Version:  2206                                  |
|   \\  /    A nd           | Website:  www.openfoam.com                      |
|    \\/     M anipulation  |                                                 |
\*---------------------------------------------------------------------------*/
FoamFile
{
    version     2.0;
    format      ascii;
    arch        "LSB;label=32;scalar=64";
    note        "nPoints:3098  nCells:1396  nFaces:5735  nInternalFaces:2641";
    class       labelList;
    location    "constant/polyMesh";
    object      neighbour;
}
// * * * * * * * * * * * * * * * * * * * * * * * * * * * * * * * * * * * * * //


2641
(
1
11
862
2
12
861
3
13
860
4
14
859
5
15
858
6
16
857
7
17
856
8
18
855
9
19
854
10
20
853
21
153
852
12
22
13
23
14
24
15
25
16
26
17
27
18
28
19
29
20
30
21
31
32
154
23
33
24
34
25
35
26
36
27
37
28
38
29
39
30
40
31
41
32
42
43
155
34
44
35
45
36
46
37
47
38
48
39
49
40
50
41
51
42
52
43
53
54
156
45
55
46
56
47
57
48
58
49
59
50
60
51
61
52
62
53
63
54
64
65
157
56
66
57
67
58
68
59
69
60
70
61
71
62
72
63
73
64
74
65
75
76
158
67
77
68
78
69
79
70
80
71
81
72
82
73
83
74
84
75
85
76
86
87
159
78
88
79
89
80
90
81
91
82
92
83
93
84
94
85
95
86
96
87
97
98
160
89
99
90
100
91
101
92
102
93
103
94
104
95
105
96
106
97
107
98
108
109
161
100
110
101
111
102
112
103
113
104
114
105
115
106
116
107
117
108
118
109
119
120
162
111
121
112
122
113
123
114
124
115
125
116
126
117
127
118
128
119
129
120
130
131
163
122
132
123
133
124
134
125
135
126
136
127
137
128
138
129
139
130
140
131
141
142
164
133
134
143
135
144
136
145
137
146
138
147
139
148
140
149
141
150
142
151
152
165
144
864
145
877
146
891
147
905
148
919
149
933
150
947
151
961
152
975
166
989
154
167
686
155
168
156
169
157
170
158
171
159
172
160
173
161
174
162
175
163
176
164
177
165
178
166
179
180
433
168
181
687
169
182
170
183
171
184
172
185
173
186
174
187
175
188
176
189
177
190
178
191
179
192
180
193
194
447
182
195
688
183
196
184
197
185
198
186
199
187
200
188
201
189
202
190
203
191
204
192
205
193
206
194
207
208
461
196
209
689
197
210
198
211
199
212
200
213
201
214
202
215
203
216
204
217
205
218
206
219
207
220
208
221
222
475
210
223
690
211
224
212
225
213
226
214
227
215
228
216
229
217
230
218
231
219
232
220
233
221
234
222
235
236
489
224
237
691
225
238
226
239
227
240
228
241
229
242
230
243
231
244
232
245
233
246
234
247
235
248
236
249
250
503
238
251
692
239
252
240
253
241
254
242
255
243
256
244
257
245
258
246
259
247
260
248
261
249
262
250
263
264
517
252
265
693
253
266
254
267
255
268
256
269
257
270
258
271
259
272
260
273
261
274
262
275
263
276
264
277
278
531
266
279
694
267
280
268
281
269
282
270
283
271
284
272
285
273
286
274
287
275
288
276
289
277
290
278
291
292
545
280
293
695
281
294
282
295
283
296
284
297
285
298
286
299
287
300
288
301
289
302
290
303
291
304
292
305
306
559
294
307
696
295
308
296
309
297
310
298
311
299
312
300
313
301
314
302
315
303
316
304
317
305
318
306
319
320
573
308
321
697
309
322
310
323
311
324
312
325
313
326
314
327
315
328
316
329
317
330
318
331
319
332
320
333
334
587
322
335
698
323
336
324
337
325
338
326
339
327
340
328
341
329
342
330
343
331
344
332
345
333
346
334
347
348
601
336
349
699
337
350
338
351
339
352
340
353
341
354
342
355
343
356
344
357
345
358
346
359
347
360
348
361
362
615
350
363
1003
351
364
352
365
353
366
354
367
355
368
356
369
357
370
358
371
359
372
360
373
361
374
362
375
376
1035
364
377
1004
365
378
366
379
367
380
368
381
369
382
370
383
371
384
372
385
373
386
374
387
375
388
376
389
390
1037
378
391
1005
379
392
380
393
381
394
382
395
383
396
384
397
385
398
386
399
387
400
388
401
389
402
390
403
404
1039
392
405
1006
393
406
394
407
395
408
396
409
397
410
398
411
399
412
400
413
401
414
402
415
403
416
404
417
418
1041
406
419
407
420
408
421
409
422
410
423
411
424
412
425
413
426
414
427
415
428
416
429
417
430
418
431
432
1042
420
421
422
423
424
425
426
427
428
429
430
431
432
434
447
989
435
448
990
436
449
991
437
450
992
438
451
993
439
452
994
440
453
995
441
454
996
442
455
997
443
456
998
444
457
999
445
458
1000
446
459
1001
460
1002
448
461
449
462
450
463
451
464
452
465
453
466
454
467
455
468
456
469
457
470
458
471
459
472
460
473
474
462
475
463
476
464
477
465
478
466
479
467
480
468
481
469
482
470
483
471
484
472
485
473
486
474
487
488
476
489
477
490
478
491
479
492
480
493
481
494
482
495
483
496
484
497
485
498
486
499
487
500
488
501
502
490
503
491
504
492
505
493
506
494
507
495
508
496
509
497
510
498
511
499
512
500
513
501
514
502
515
516
504
517
505
518
506
519
507
520
508
521
509
522
510
523
511
524
512
525
513
526
514
527
515
528
516
529
530
518
531
519
532
520
533
521
534
522
535
523
536
524
537
525
538
526
539
527
540
528
541
529
542
530
543
544
532
545
533
546
534
547
535
548
536
549
537
550
538
551
539
552
540
553
541
554
542
555
543
556
544
557
558
546
559
547
560
548
561
549
562
550
563
551
564
552
565
553
566
554
567
555
568
556
569
557
570
558
571
572
560
573
561
574
562
575
563
576
564
577
565
578
566
579
567
580
568
581
569
582
570
583
571
584
572
585
586
574
587
575
588
576
589
577
590
578
591
579
592
580
593
581
594
582
595
583
596
584
597
585
598
586
599
600
588
601
589
602
590
603
591
604
592
605
593
606
594
607
595
608
596
609
597
610
598
611
599
612
600
613
614
602
615
603
616
604
617
605
618
606
619
607
620
608
621
609
622
610
623
611
624
612
625
613
626
614
627
628
616
1007
617
1008
618
1009
619
1010
620
1011
621
1012
622
1013
623
1014
624
1015
625
1016
626
1017
627
1018
628
1019
1020
630
740
631
633
754
632
634
635
634
637
768
635
638
636
639
640
638
643
782
639
644
640
645
641
646
642
647
648
644
651
796
645
652
646
653
647
654
648
655
649
656
650
657
658
652
661
810
653
662
654
663
655
664
656
665
657
666
658
667
659
668
660
669
670
662
673
824
663
674
664
675
665
676
666
677
667
678
668
679
669
680
670
681
671
682
672
683
684
674
686
838
675
687
676
688
677
689
678
690
679
691
680
692
681
693
682
694
683
695
684
696
685
697
698
687
852
688
689
690
691
692
693
694
695
696
697
698
699
1003
701
706
702
707
703
708
709
1103
705
712
706
713
707
714
708
715
709
716
717
1104
711
720
712
721
713
722
714
723
715
724
716
725
717
726
727
1105
719
730
720
731
721
732
722
733
723
734
724
735
725
736
726
737
727
738
739
1106
729
742
730
743
731
744
732
745
733
746
734
747
735
748
736
749
737
750
738
751
739
752
753
1107
741
754
742
755
743
756
744
757
745
758
746
759
747
760
748
761
749
762
750
763
751
764
752
765
753
766
767
1108
755
768
756
769
757
770
758
771
759
772
760
773
761
774
762
775
763
776
764
777
765
778
766
779
767
780
781
1109
769
782
770
783
771
784
772
785
773
786
774
787
775
788
776
789
777
790
778
791
779
792
780
793
781
794
795
1110
783
796
784
797
785
798
786
799
787
800
788
801
789
802
790
803
791
804
792
805
793
806
794
807
795
808
809
1111
797
810
798
811
799
812
800
813
801
814
802
815
803
816
804
817
805
818
806
819
807
820
808
821
809
822
823
1112
811
824
812
825
813
826
814
827
815
828
816
829
817
830
818
831
819
832
820
833
821
834
822
835
823
836
837
1113
825
838
826
839
827
840
828
841
829
842
830
843
831
844
832
845
833
846
834
847
835
848
836
849
837
850
851
1114
839
852
840
853
841
854
842
855
843
856
844
857
845
858
846
859
847
860
848
861
849
862
850
863
851
853
854
855
856
857
858
859
860
861
862
863
865
877
866
878
867
879
868
880
869
881
870
882
871
883
872
884
873
885
874
886
875
887
876
888
889
878
891
879
892
880
893
881
894
882
895
883
896
884
897
885
898
886
899
887
900
888
901
889
902
890
903
904
892
905
893
906
894
907
895
908
896
909
897
910
898
911
899
912
900
913
901
914
902
915
903
916
904
917
918
906
919
907
920
908
921
909
922
910
923
911
924
912
925
913
926
914
927
915
928
916
929
917
930
918
931
932
920
933
921
934
922
935
923
936
924
937
925
938
926
939
927
940
928
941
929
942
930
943
931
944
932
945
946
934
947
935
948
936
949
937
950
938
951
939
952
940
953
941
954
942
955
943
956
944
957
945
958
946
959
960
948
961
949
962
950
963
951
964
952
965
953
966
954
967
955
968
956
969
957
970
958
971
959
972
960
973
974
962
975
963
976
964
977
965
978
966
979
967
980
968
981
969
982
970
983
971
984
972
985
973
986
974
987
988
976
989
977
990
978
991
979
992
980
993
981
994
982
995
983
996
984
997
985
998
986
999
987
1000
988
1001
1002
990
991
992
993
994
995
996
997
998
999
1000
1001
1002
1004
1005
1006
1008
1021
1035
1009
1022
1010
1023
1011
1024
1012
1025
1013
1026
1014
1027
1015
1028
1016
1029
1017
1030
1018
1031
1019
1032
1020
1033
1034
1022
1036
1023
1024
1025
1026
1027
1028
1029
1030
1031
1032
1033
1034
1036
1037
1038
1038
1039
1040
1040
1041
1042
1044
1045
1152
1046
1046
1048
1156
1047
1049
1050
1049
1052
1159
1050
1053
1051
1054
1055
1053
1058
1161
1054
1059
1055
1060
1056
1061
1057
1062
1063
1059
1065
1163
1060
1066
1061
1067
1062
1068
1063
1069
1064
1070
1071
1066
1073
1164
1067
1074
1068
1075
1069
1076
1070
1077
1071
1078
1072
1079
1080
1074
1082
1165
1075
1083
1076
1084
1077
1085
1078
1086
1079
1087
1080
1088
1081
1089
1090
1083
1092
1166
1084
1093
1085
1094
1086
1095
1087
1096
1088
1097
1089
1098
1090
1099
1091
1100
1101
1093
1103
1167
1094
1104
1095
1105
1096
1106
1097
1107
1098
1108
1099
1109
1100
1110
1101
1111
1102
1112
1113
1104
1105
1106
1107
1108
1109
1110
1111
1112
1113
1114
1116
1117
1118
1118
1119
1120
1128
1121
1129
1122
1130
1123
1131
1124
1132
1125
1133
1126
1134
1127
1135
1136
1129
1130
1131
1132
1133
1139
1134
1140
1135
1141
1136
1142
1137
1143
1138
1144
1145
1140
1141
1142
1147
1143
1148
1144
1149
1145
1150
1146
1151
1152
1148
1149
1150
1153
1151
1154
1152
1155
1156
1154
1155
1157
1156
1158
1159
1158
1159
1160
1161
1161
1162
1163
1163
1164
1165
1166
1167
1169
1182
1170
1183
1171
1184
1172
1185
1173
1186
1174
1187
1175
1188
1176
1189
1177
1190
1178
1191
1179
1192
1180
1193
1181
1194
1195
1395
1183
1196
1184
1197
1185
1198
1186
1199
1187
1200
1188
1201
1189
1202
1190
1203
1191
1204
1192
1205
1193
1206
1194
1207
1195
1208
1209
1392
1197
1210
1198
1211
1199
1212
1200
1213
1201
1214
1202
1215
1203
1216
1204
1217
1205
1218
1206
1219
1207
1220
1208
1221
1209
1222
1223
1386
1211
1224
1212
1225
1213
1226
1214
1227
1215
1228
1216
1229
1217
1230
1218
1231
1219
1232
1220
1233
1221
1234
1222
1235
1223
1236
1237
1377
1225
1238
1226
1239
1227
1240
1228
1241
1229
1242
1230
1243
1231
1244
1232
1245
1233
1246
1234
1247
1235
1248
1236
1249
1237
1250
1251
1365
1239
1252
1240
1253
1241
1254
1242
1255
1243
1256
1244
1257
1245
1258
1246
1259
1247
1260
1248
1261
1249
1262
1250
1263
1251
1264
1265
1351
1253
1254
1255
1256
1257
1258
1259
1260
1261
1262
1263
1264
1265
1337
1268
1268
1270
1271
1270
1273
1271
1274
1275
1273
1277
1274
1278
1275
1279
1280
1277
1282
1278
1283
1279
1284
1280
1285
1286
1282
1287
1283
1288
1284
1289
1285
1290
1286
1291
1292
1288
1298
1289
1297
1290
1296
1291
1295
1292
1294
1293
1294
1301
1295
1302
1296
1303
1297
1304
1298
1305
1299
1306
1300
1307
1308
1302
1311
1303
1312
1304
1313
1305
1314
1306
1315
1307
1316
1308
1317
1309
1318
1310
1319
1320
1312
1324
1313
1325
1314
1326
1315
1327
1316
1328
1317
1329
1318
1330
1319
1331
1320
1332
1321
1333
1322
1334
1323
1335
1336
1325
1338
1326
1339
1327
1340
1328
1341
1329
1342
1330
1343
1331
1344
1332
1345
1333
1346
1334
1347
1335
1348
1336
1349
1337
1350
1351
1339
1352
1340
1353
1341
1354
1342
1355
1343
1356
1344
1357
1345
1358
1346
1359
1347
1360
1348
1361
1349
1362
1350
1363
1351
1364
1365
1353
1354
1355
1366
1356
1367
1357
1368
1358
1369
1359
1370
1360
1371
1361
1372
1362
1373
1363
1374
1364
1375
1365
1376
1377
1367
1368
1369
1370
1378
1371
1379
1372
1380
1373
1381
1374
1382
1375
1383
1376
1384
1377
1385
1386
1379
1380
1381
1382
1387
1383
1388
1384
1389
1385
1390
1386
1391
1392
1388
1389
1390
1391
1393
1392
1394
1395
1394
1395
)


// ************************************************************************* //
