/*--------------------------------*- C++ -*----------------------------------*\
| =========                 |                                                 |
| \\      /  F ield         | OpenFOAM: The Open Source CFD Toolbox           |
|  \\    /   O peration     | Version:  2206                                  |
|   \\  /    A nd           | Website:  www.openfoam.com                      |
|    \\/     M anipulation  |                                                 |
\*---------------------------------------------------------------------------*/
FoamFile
{
    version     2.0;
    format      ascii;
    arch        "LSB;label=32;scalar=64";
    class       vectorField;
    location    "constant/polyMesh";
    object      points;
}
// * * * * * * * * * * * * * * * * * * * * * * * * * * * * * * * * * * * * * //


3098
(
(0.986429 -0.01558951 0)
(1.100336 -0.0492965 0)
(1.1 -0.0175 0)
(1.1 -0.03 0)
(1.1 0.28 0)
(0.99 0.002 0)
(0.91 5 0)
(0.99 0.01 0)
(1.02 -5 0)
(0.91 5 1)
(0.99 0.002 1)
(0.99 0.01 1)
(1.1 -0.0175 1)
(1.1 -0.03 1)
(1.100336 -0.0492965 1)
(0.986429 -0.01558951 1)
(1.1 0.28 1)
(1.02 -5 1)
(0.9507142857 0.3114285714 0)
(0.9642857143 0.3085714286 0)
(0.9778571429 0.3057142857 0)
(0.9914285714 0.3028571429 0)
(1.005 0.3 0)
(1.018571429 0.2971428571 0)
(1.032142857 0.2942857143 0)
(1.045714286 0.2914285714 0)
(1.059285714 0.2885714286 0)
(1.072857143 0.2857142857 0)
(1.086428571 0.2828571429 0)
(0.9568571429 0.01079417857 0)
(0.9601714286 0.009914760714 0)
(0.9634857143 0.009035342857 0)
(0.9668 0.008155925 0)
(0.9701142857 0.007276507143 0)
(0.9734285714 0.006397089286 0)
(0.9767428571 0.005517671429 0)
(0.9800571429 0.004638253571 0)
(0.9833714286 0.003758835714 0)
(0.9866857143 0.002879417857 0)
(0.9866840714 -0.01433311643 0)
(0.9869391429 -0.01307672286 0)
(0.9871942143 -0.01182032929 0)
(0.9874492857 -0.01056393571 0)
(0.9877043571 -0.009307542143 0)
(0.9879594286 -0.008051148571 0)
(0.9882145 -0.006794755 0)
(0.9884695714 -0.005538361429 0)
(0.9887246429 -0.004281967857 0)
(0.9889797143 -0.003025574286 0)
(0.9892347857 -0.001769180714 0)
(0.9894898571 -0.0005127871429 0)
(0.9897449286 0.0007436064286 0)
(1.100312 -0.04791817857 0)
(1.100288 -0.04653985714 0)
(1.100264 -0.04516153571 0)
(1.10024 -0.04378321429 0)
(1.100216 -0.04240489286 0)
(1.100192 -0.04102657143 0)
(1.100168 -0.03964825 0)
(1.100144 -0.03826992857 0)
(1.10012 -0.03689160714 0)
(1.100096 -0.03551328571 0)
(1.100072 -0.03413496429 0)
(1.100048 -0.03275664286 0)
(1.100024 -0.03137832143 0)
(1.107142857 -0.03357142857 0)
(1.114285714 -0.03714285714 0)
(0.91 4.331428571 0)
(0.91 4.665714286 0)
(1.002142857 5 0)
(1.094285714 5 0)
(0.9565934129 -0.01235966552 0)
(0.9599227007 -0.01256671306 0)
(0.9632487488 -0.01282049286 0)
(0.9665718804 -0.01310996338 0)
(0.9698914704 -0.01343755086 0)
(0.9732071754 -0.01380240389 0)
(0.9765190824 -0.01420021493 0)
(0.9798270117 -0.01462987619 0)
(0.9831303535 -0.0150934928 0)
(0.9948128978 -0.01701263722 0)
(1.00315923 -0.01864158224 0)
(1.01146766 -0.02045439616 0)
(1.019736861 -0.02243864477 0)
(1.027971455 -0.02456203854 0)
(1.036172112 -0.02681302576 0)
(1.044338552 -0.02918508746 0)
(1.052467801 -0.03168163323 0)
(1.060556302 -0.03430722101 0)
(1.068603627 -0.03705642061 0)
(1.076605092 -0.03993640092 0)
(1.08456136 -0.04293894594 0)
(1.092470884 -0.0460625897 0)
(1.107922467 -0.05253488424 0)
(1.115468418 -0.05586649875 0)
(1.115931261 -0.07178907799 0)
(1.093883534 -0.06560901898 0)
(1.071642649 -0.06016454669 0)
(1.04925694 -0.05534920146 0)
(1.026760538 -0.05107931981 0)
(1.004183146 -0.04725998213 0)
(0.9815472919 -0.04380317266 0)
(0.9588743618 -0.04059768237 0)
(1.088828571 0.2610555593 0)
(1.077657143 0.2421111186 0)
(1.066485714 0.2231666779 0)
(1.055314286 0.2042222371 0)
(1.044142857 0.1852777964 0)
(1.032971429 0.1663333557 0)
(1.0218 0.147388915 0)
(1.010628571 0.1284444743 0)
(0.9994571429 0.1095000336 0)
(0.9882857143 0.09055559286 0)
(0.9771142857 0.07161115214 0)
(0.9659428571 0.05266671143 0)
(0.9547714286 0.03372227071 0)
(1.114285714 0.0001785714286 0)
(1.102857143 -0.03 0)
(1.105714286 -0.03 0)
(1.108571429 -0.03 0)
(1.111428571 -0.03 0)
(1.114285714 -0.03 0)
(1.117142857 -0.03 0)
(1.102857143 -0.01625 0)
(1.105714286 -0.015 0)
(1.108571429 -0.01375 0)
(1.111428571 -0.0125 0)
(1.114285714 -0.01125 0)
(1.117142857 -0.01 0)
(0.9502285714 0.01409528286 0)
(0.9535428571 0.01375400929 0)
(0.9568571429 0.01341273571 0)
(0.9601714286 0.01307146214 0)
(0.9634857143 0.01273018857 0)
(0.9668 0.012388915 0)
(0.9701142857 0.01204764143 0)
(0.9734285714 0.01170636786 0)
(0.9767428571 0.01136509429 0)
(0.9800571429 0.01102382071 0)
(0.9833714286 0.01068254714 0)
(0.9866857143 0.01034127357 0)
(0.99 0.009428571429 0)
(0.99 0.008857142857 0)
(0.99 0.008285714286 0)
(0.99 0.007714285714 0)
(0.99 0.007142857143 0)
(0.99 0.006571428571 0)
(0.99 0.006 0)
(0.99 0.005428571429 0)
(0.99 0.004857142857 0)
(0.99 0.004285714286 0)
(0.99 0.003714285714 0)
(0.99 0.003142857143 0)
(0.99 0.002571428571 0)
(1.118571429 0.1642857143 0)
(1.104285714 0.1471428571 0)
(1.09 0.13 0)
(1.075714286 0.1128571429 0)
(1.061428571 0.09571428571 0)
(1.047142857 0.07857142857 0)
(1.032857143 0.06142857143 0)
(1.018571429 0.04428571429 0)
(1.004285714 0.02714285714 0)
(1.106428571 0.2778571429 0)
(1.112857143 0.2757142857 0)
(1.119285714 0.2735714286 0)
(1.125714286 0.2714285714 0)
(1.010714286 -4.664285714 0)
(1.001428571 -4.328571429 0)
(0.9921428571 -3.992857143 0)
(0.9828571429 -3.657142857 0)
(0.9735714286 -3.321428571 0)
(0.9642857143 -2.985714286 0)
(0.955 -2.65 0)
(0.9457142857 -2.314285714 0)
(0.9564285714 -0.2871428571 0)
(0.9785714286 -0.2828571429 0)
(1.000714286 -0.2785714286 0)
(1.022857143 -0.2742857143 0)
(1.045 -0.27 0)
(1.067142857 -0.2657142857 0)
(1.089285714 -0.2614285714 0)
(1.111428571 -0.2571428571 0)
(0.965 -5 0)
(0.9728571429 -5 0)
(0.9807142857 -5 0)
(0.9885714286 -5 0)
(0.9964285714 -5 0)
(1.004285714 -5 0)
(1.012142857 -5 0)
(1.037857143 -5 0)
(1.055714286 -5 0)
(1.073571429 -5 0)
(1.091428571 -5 0)
(1.109285714 -5 0)
(1.127142857 -5 0)
(0.9978571429 0.008035714286 0)
(1.005714286 0.006071428571 0)
(1.013571429 0.004107142857 0)
(1.021428571 0.002142857143 0)
(1.029285714 0.0001785714286 0)
(1.037142857 -0.001785714286 0)
(1.045 -0.00375 0)
(1.052857143 -0.005714285714 0)
(1.060714286 -0.007678571429 0)
(1.068571429 -0.009642857143 0)
(1.076428571 -0.01160714286 0)
(1.084285714 -0.01357142857 0)
(1.092142857 -0.01553571429 0)
(0.9978571429 -0.0002857142857 0)
(1.005714286 -0.002571428571 0)
(1.013571429 -0.004857142857 0)
(1.021428571 -0.007142857143 0)
(1.029285714 -0.009428571429 0)
(1.037142857 -0.01171428571 0)
(1.045 -0.014 0)
(1.052857143 -0.01628571429 0)
(1.060714286 -0.01857142857 0)
(1.068571429 -0.02085714286 0)
(1.076428571 -0.02314285714 0)
(1.084285714 -0.02542857143 0)
(1.092142857 -0.02771428571 0)
(1.1 -0.01839285714 0)
(1.1 -0.01928571429 0)
(1.1 -0.02017857143 0)
(1.1 -0.02107142857 0)
(1.1 -0.02196428571 0)
(1.1 -0.02285714286 0)
(1.1 -0.02375 0)
(1.1 -0.02464285714 0)
(1.1 -0.02553571429 0)
(1.1 -0.02642857143 0)
(1.1 -0.02732142857 0)
(1.1 -0.02821428571 0)
(1.1 -0.02910714286 0)
(0.91 4.665714286 1)
(0.91 4.331428571 1)
(0.9568571429 0.01079417857 1)
(0.9601714286 0.009914760714 1)
(0.9634857143 0.009035342857 1)
(0.9668 0.008155925 1)
(0.9701142857 0.007276507143 1)
(0.9734285714 0.006397089286 1)
(0.9767428571 0.005517671429 1)
(0.9800571429 0.004638253571 1)
(0.9833714286 0.003758835714 1)
(0.9866857143 0.002879417857 1)
(0.99 0.002571428571 1)
(0.99 0.003142857143 1)
(0.99 0.003714285714 1)
(0.99 0.004285714286 1)
(0.99 0.004857142857 1)
(0.99 0.005428571429 1)
(0.99 0.006 1)
(0.99 0.006571428571 1)
(0.99 0.007142857143 1)
(0.99 0.007714285714 1)
(0.99 0.008285714286 1)
(0.99 0.008857142857 1)
(0.99 0.009428571429 1)
(0.9866857143 0.01034127357 1)
(0.9833714286 0.01068254714 1)
(0.9800571429 0.01102382071 1)
(0.9767428571 0.01136509429 1)
(0.9734285714 0.01170636786 1)
(0.9701142857 0.01204764143 1)
(0.9668 0.012388915 1)
(0.9634857143 0.01273018857 1)
(0.9601714286 0.01307146214 1)
(0.9568571429 0.01341273571 1)
(0.9535428571 0.01375400929 1)
(0.9502285714 0.01409528286 1)
(0.9978571429 0.008035714286 1)
(1.005714286 0.006071428571 1)
(1.013571429 0.004107142857 1)
(1.021428571 0.002142857143 1)
(1.029285714 0.0001785714286 1)
(1.037142857 -0.001785714286 1)
(1.045 -0.00375 1)
(1.052857143 -0.005714285714 1)
(1.060714286 -0.007678571429 1)
(1.068571429 -0.009642857143 1)
(1.076428571 -0.01160714286 1)
(1.084285714 -0.01357142857 1)
(1.092142857 -0.01553571429 1)
(1.1 -0.01839285714 1)
(1.1 -0.01928571429 1)
(1.1 -0.02017857143 1)
(1.1 -0.02107142857 1)
(1.1 -0.02196428571 1)
(1.1 -0.02285714286 1)
(1.1 -0.02375 1)
(1.1 -0.02464285714 1)
(1.1 -0.02553571429 1)
(1.1 -0.02642857143 1)
(1.1 -0.02732142857 1)
(1.1 -0.02821428571 1)
(1.1 -0.02910714286 1)
(1.092142857 -0.02771428571 1)
(1.084285714 -0.02542857143 1)
(1.076428571 -0.02314285714 1)
(1.068571429 -0.02085714286 1)
(1.060714286 -0.01857142857 1)
(1.052857143 -0.01628571429 1)
(1.045 -0.014 1)
(1.037142857 -0.01171428571 1)
(1.029285714 -0.009428571429 1)
(1.021428571 -0.007142857143 1)
(1.013571429 -0.004857142857 1)
(1.005714286 -0.002571428571 1)
(0.9978571429 -0.0002857142857 1)
(1.102857143 -0.01625 1)
(1.105714286 -0.015 1)
(1.108571429 -0.01375 1)
(1.111428571 -0.0125 1)
(1.114285714 -0.01125 1)
(1.117142857 -0.01 1)
(1.117142857 -0.03 1)
(1.114285714 -0.03 1)
(1.111428571 -0.03 1)
(1.108571429 -0.03 1)
(1.105714286 -0.03 1)
(1.102857143 -0.03 1)
(1.100024 -0.03137832143 1)
(1.100048 -0.03275664286 1)
(1.100072 -0.03413496429 1)
(1.100096 -0.03551328571 1)
(1.10012 -0.03689160714 1)
(1.100144 -0.03826992857 1)
(1.100168 -0.03964825 1)
(1.100192 -0.04102657143 1)
(1.100216 -0.04240489286 1)
(1.10024 -0.04378321429 1)
(1.100264 -0.04516153571 1)
(1.100288 -0.04653985714 1)
(1.100312 -0.04791817857 1)
(1.092470884 -0.0460625897 1)
(1.08456136 -0.04293894594 1)
(1.076605092 -0.03993640092 1)
(1.068603627 -0.03705642061 1)
(1.060556302 -0.03430722101 1)
(1.052467801 -0.03168163323 1)
(1.044338552 -0.02918508746 1)
(1.036172112 -0.02681302576 1)
(1.027971455 -0.02456203854 1)
(1.019736861 -0.02243864477 1)
(1.01146766 -0.02045439616 1)
(1.00315923 -0.01864158224 1)
(0.9948128978 -0.01701263722 1)
(0.9866840714 -0.01433311643 1)
(0.9869391429 -0.01307672286 1)
(0.9871942143 -0.01182032929 1)
(0.9874492857 -0.01056393571 1)
(0.9877043571 -0.009307542143 1)
(0.9879594286 -0.008051148571 1)
(0.9882145 -0.006794755 1)
(0.9884695714 -0.005538361429 1)
(0.9887246429 -0.004281967857 1)
(0.9889797143 -0.003025574286 1)
(0.9892347857 -0.001769180714 1)
(0.9894898571 -0.0005127871429 1)
(0.9897449286 0.0007436064286 1)
(1.118571429 0.1642857143 1)
(1.104285714 0.1471428571 1)
(1.09 0.13 1)
(1.075714286 0.1128571429 1)
(1.061428571 0.09571428571 1)
(1.047142857 0.07857142857 1)
(1.032857143 0.06142857143 1)
(1.018571429 0.04428571429 1)
(1.004285714 0.02714285714 1)
(1.114285714 0.0001785714286 1)
(0.9547714286 0.03372227071 1)
(0.9659428571 0.05266671143 1)
(0.9771142857 0.07161115214 1)
(0.9882857143 0.09055559286 1)
(0.9994571429 0.1095000336 1)
(1.010628571 0.1284444743 1)
(1.0218 0.147388915 1)
(1.032971429 0.1663333557 1)
(1.044142857 0.1852777964 1)
(1.055314286 0.2042222371 1)
(1.066485714 0.2231666779 1)
(1.077657143 0.2421111186 1)
(1.088828571 0.2610555593 1)
(1.106428571 0.2778571429 1)
(1.112857143 0.2757142857 1)
(1.119285714 0.2735714286 1)
(1.125714286 0.2714285714 1)
(0.9831303535 -0.0150934928 1)
(0.9798270117 -0.01462987619 1)
(0.9765190824 -0.01420021493 1)
(0.9732071754 -0.01380240389 1)
(0.9698914704 -0.01343755086 1)
(0.9665718804 -0.01310996338 1)
(0.9632487488 -0.01282049286 1)
(0.9599227007 -0.01256671306 1)
(0.9565934129 -0.01235966552 1)
(1.107142857 -0.03357142857 1)
(1.114285714 -0.03714285714 1)
(1.115468418 -0.05586649875 1)
(1.107922467 -0.05253488424 1)
(0.9507142857 0.3114285714 1)
(0.9642857143 0.3085714286 1)
(0.9778571429 0.3057142857 1)
(0.9914285714 0.3028571429 1)
(1.005 0.3 1)
(1.018571429 0.2971428571 1)
(1.032142857 0.2942857143 1)
(1.045714286 0.2914285714 1)
(1.059285714 0.2885714286 1)
(1.072857143 0.2857142857 1)
(1.086428571 0.2828571429 1)
(1.002142857 5 1)
(1.094285714 5 1)
(1.115931261 -0.07178907799 1)
(1.093883534 -0.06560901898 1)
(1.071642649 -0.06016454669 1)
(1.04925694 -0.05534920146 1)
(1.026760538 -0.05107931981 1)
(1.004183146 -0.04725998213 1)
(0.9815472919 -0.04380317266 1)
(0.9588743618 -0.04059768237 1)
(0.9564285714 -0.2871428571 1)
(0.9785714286 -0.2828571429 1)
(1.000714286 -0.2785714286 1)
(1.022857143 -0.2742857143 1)
(1.045 -0.27 1)
(1.067142857 -0.2657142857 1)
(1.089285714 -0.2614285714 1)
(1.111428571 -0.2571428571 1)
(0.9457142857 -2.314285714 1)
(0.955 -2.65 1)
(0.9642857143 -2.985714286 1)
(0.9735714286 -3.321428571 1)
(0.9828571429 -3.657142857 1)
(0.9921428571 -3.992857143 1)
(1.001428571 -4.328571429 1)
(1.010714286 -4.664285714 1)
(1.012142857 -5 1)
(1.004285714 -5 1)
(0.9964285714 -5 1)
(0.9885714286 -5 1)
(0.9807142857 -5 1)
(0.9728571429 -5 1)
(0.965 -5 1)
(1.037857143 -5 1)
(1.055714286 -5 1)
(1.073571429 -5 1)
(1.091428571 -5 1)
(1.109285714 -5 1)
(1.127142857 -5 1)
(0.9535428571 0.01360540837 0)
(0.9568571429 0.01322569592 0)
(0.9601714286 0.01284598347 0)
(0.9634857143 0.01246627102 0)
(0.9668 0.01208655857 0)
(0.9701142857 0.01170684612 0)
(0.9734285714 0.01132713367 0)
(0.9767428571 0.01094742122 0)
(0.9800571429 0.01056770878 0)
(0.9833714286 0.01018799633 0)
(0.9866857143 0.009808283878 0)
(0.9535428571 0.01345680745 0)
(0.9568571429 0.01303865612 0)
(0.9601714286 0.0126205048 0)
(0.9634857143 0.01220235347 0)
(0.9668 0.01178420214 0)
(0.9701142857 0.01136605082 0)
(0.9734285714 0.01094789949 0)
(0.9767428571 0.01052974816 0)
(0.9800571429 0.01011159684 0)
(0.9833714286 0.00969344551 0)
(0.9866857143 0.009275294184 0)
(0.9535428571 0.01330820653 0)
(0.9568571429 0.01285161633 0)
(0.9601714286 0.01239502612 0)
(0.9634857143 0.01193843592 0)
(0.9668 0.01148184571 0)
(0.9701142857 0.01102525551 0)
(0.9734285714 0.01056866531 0)
(0.9767428571 0.0101120751 0)
(0.9800571429 0.009655484898 0)
(0.9833714286 0.009198894694 0)
(0.9866857143 0.00874230449 0)
(0.9535428571 0.01315960561 0)
(0.9568571429 0.01266457653 0)
(0.9601714286 0.01216954745 0)
(0.9634857143 0.01167451837 0)
(0.9668 0.01117948929 0)
(0.9701142857 0.0106844602 0)
(0.9734285714 0.01018943112 0)
(0.9767428571 0.009694402041 0)
(0.9800571429 0.009199372959 0)
(0.9833714286 0.008704343878 0)
(0.9866857143 0.008209314796 0)
(0.9535428571 0.01301100469 0)
(0.9568571429 0.01247753673 0)
(0.9601714286 0.01194406878 0)
(0.9634857143 0.01141060082 0)
(0.9668 0.01087713286 0)
(0.9701142857 0.0103436649 0)
(0.9734285714 0.009810196939 0)
(0.9767428571 0.00927672898 0)
(0.9800571429 0.00874326102 0)
(0.9833714286 0.008209793061 0)
(0.9866857143 0.007676325102 0)
(0.9535428571 0.01286240378 0)
(0.9568571429 0.01229049694 0)
(0.9601714286 0.0117185901 0)
(0.9634857143 0.01114668327 0)
(0.9668 0.01057477643 0)
(0.9701142857 0.01000286959 0)
(0.9734285714 0.009430962755 0)
(0.9767428571 0.008859055918 0)
(0.9800571429 0.008287149082 0)
(0.9833714286 0.007715242245 0)
(0.9866857143 0.007143335408 0)
(0.9535428571 0.01271380286 0)
(0.9568571429 0.01210345714 0)
(0.9601714286 0.01149311143 0)
(0.9634857143 0.01088276571 0)
(0.9668 0.01027242 0)
(0.9701142857 0.009662074286 0)
(0.9734285714 0.009051728571 0)
(0.9767428571 0.008441382857 0)
(0.9800571429 0.007831037143 0)
(0.9833714286 0.007220691429 0)
(0.9866857143 0.006610345714 0)
(0.9535428571 0.01256520194 0)
(0.9568571429 0.01191641735 0)
(0.9601714286 0.01126763276 0)
(0.9634857143 0.01061884816 0)
(0.9668 0.009970063571 0)
(0.9701142857 0.00932127898 0)
(0.9734285714 0.008672494388 0)
(0.9767428571 0.008023709796 0)
(0.9800571429 0.007374925204 0)
(0.9833714286 0.006726140612 0)
(0.9866857143 0.00607735602 0)
(0.9535428571 0.01241660102 0)
(0.9568571429 0.01172937755 0)
(0.9601714286 0.01104215408 0)
(0.9634857143 0.01035493061 0)
(0.9668 0.009667707143 0)
(0.9701142857 0.008980483673 0)
(0.9734285714 0.008293260204 0)
(0.9767428571 0.007606036735 0)
(0.9800571429 0.006918813265 0)
(0.9833714286 0.006231589796 0)
(0.9866857143 0.005544366327 0)
(0.9535428571 0.0122680001 0)
(0.9568571429 0.01154233776 0)
(0.9601714286 0.01081667541 0)
(0.9634857143 0.01009101306 0)
(0.9668 0.009365350714 0)
(0.9701142857 0.008639688367 0)
(0.9734285714 0.00791402602 0)
(0.9767428571 0.007188363673 0)
(0.9800571429 0.006462701327 0)
(0.9833714286 0.00573703898 0)
(0.9866857143 0.005011376633 0)
(0.9535428571 0.01211939918 0)
(0.9568571429 0.01135529796 0)
(0.9601714286 0.01059119673 0)
(0.9634857143 0.00982709551 0)
(0.9668 0.009062994286 0)
(0.9701142857 0.008298893061 0)
(0.9734285714 0.007534791837 0)
(0.9767428571 0.006770690612 0)
(0.9800571429 0.006006589388 0)
(0.9833714286 0.005242488163 0)
(0.9866857143 0.004478386939 0)
(0.9535428571 0.01197079827 0)
(0.9568571429 0.01116825816 0)
(0.9601714286 0.01036571806 0)
(0.9634857143 0.009563177959 0)
(0.9668 0.008760637857 0)
(0.9701142857 0.007958097755 0)
(0.9734285714 0.007155557653 0)
(0.9767428571 0.006353017551 0)
(0.9800571429 0.005550477449 0)
(0.9833714286 0.004747937347 0)
(0.9866857143 0.003945397245 0)
(0.9535428571 0.01182219735 0)
(0.9568571429 0.01098121837 0)
(0.9601714286 0.01014023939 0)
(0.9634857143 0.009299260408 0)
(0.9668 0.008458281429 0)
(0.9701142857 0.007617302449 0)
(0.9734285714 0.006776323469 0)
(0.9767428571 0.00593534449 0)
(0.9800571429 0.00509436551 0)
(0.9833714286 0.004253386531 0)
(0.9866857143 0.003412407551 0)
(0.9978571429 0.007441326531 0)
(0.9978571429 0.006846938776 0)
(0.9978571429 0.00625255102 0)
(0.9978571429 0.005658163265 0)
(0.9978571429 0.00506377551 0)
(0.9978571429 0.004469387755 0)
(0.9978571429 0.003875 0)
(0.9978571429 0.003280612245 0)
(0.9978571429 0.00268622449 0)
(0.9978571429 0.002091836735 0)
(0.9978571429 0.00149744898 0)
(0.9978571429 0.0009030612245 0)
(0.9978571429 0.0003086734694 0)
(1.005714286 0.005454081633 0)
(1.005714286 0.004836734694 0)
(1.005714286 0.004219387755 0)
(1.005714286 0.003602040816 0)
(1.005714286 0.002984693878 0)
(1.005714286 0.002367346939 0)
(1.005714286 0.00175 0)
(1.005714286 0.001132653061 0)
(1.005714286 0.0005153061224 0)
(1.005714286 -0.0001020408163 0)
(1.005714286 -0.0007193877551 0)
(1.005714286 -0.001336734694 0)
(1.005714286 -0.001954081633 0)
(1.013571429 0.003466836735 0)
(1.013571429 0.002826530612 0)
(1.013571429 0.00218622449 0)
(1.013571429 0.001545918367 0)
(1.013571429 0.0009056122449 0)
(1.013571429 0.0002653061225 0)
(1.013571429 -0.000375 0)
(1.013571429 -0.001015306122 0)
(1.013571429 -0.001655612245 0)
(1.013571429 -0.002295918367 0)
(1.013571429 -0.00293622449 0)
(1.013571429 -0.003576530612 0)
(1.013571429 -0.004216836735 0)
(1.021428571 0.001479591837 0)
(1.021428571 0.0008163265306 0)
(1.021428571 0.0001530612245 0)
(1.021428571 -0.0005102040816 0)
(1.021428571 -0.001173469388 0)
(1.021428571 -0.001836734694 0)
(1.021428571 -0.0025 0)
(1.021428571 -0.003163265306 0)
(1.021428571 -0.003826530612 0)
(1.021428571 -0.004489795918 0)
(1.021428571 -0.005153061224 0)
(1.021428571 -0.005816326531 0)
(1.021428571 -0.006479591837 0)
(1.029285714 -0.0005076530612 0)
(1.029285714 -0.001193877551 0)
(1.029285714 -0.001880102041 0)
(1.029285714 -0.002566326531 0)
(1.029285714 -0.00325255102 0)
(1.029285714 -0.00393877551 0)
(1.029285714 -0.004625 0)
(1.029285714 -0.00531122449 0)
(1.029285714 -0.00599744898 0)
(1.029285714 -0.006683673469 0)
(1.029285714 -0.007369897959 0)
(1.029285714 -0.008056122449 0)
(1.029285714 -0.008742346939 0)
(1.037142857 -0.002494897959 0)
(1.037142857 -0.003204081633 0)
(1.037142857 -0.003913265306 0)
(1.037142857 -0.00462244898 0)
(1.037142857 -0.005331632653 0)
(1.037142857 -0.006040816327 0)
(1.037142857 -0.00675 0)
(1.037142857 -0.007459183673 0)
(1.037142857 -0.008168367347 0)
(1.037142857 -0.00887755102 0)
(1.037142857 -0.009586734694 0)
(1.037142857 -0.01029591837 0)
(1.037142857 -0.01100510204 0)
(1.045 -0.004482142857 0)
(1.045 -0.005214285714 0)
(1.045 -0.005946428571 0)
(1.045 -0.006678571429 0)
(1.045 -0.007410714286 0)
(1.045 -0.008142857143 0)
(1.045 -0.008875 0)
(1.045 -0.009607142857 0)
(1.045 -0.01033928571 0)
(1.045 -0.01107142857 0)
(1.045 -0.01180357143 0)
(1.045 -0.01253571429 0)
(1.045 -0.01326785714 0)
(1.052857143 -0.006469387755 0)
(1.052857143 -0.007224489796 0)
(1.052857143 -0.007979591837 0)
(1.052857143 -0.008734693878 0)
(1.052857143 -0.009489795918 0)
(1.052857143 -0.01024489796 0)
(1.052857143 -0.011 0)
(1.052857143 -0.01175510204 0)
(1.052857143 -0.01251020408 0)
(1.052857143 -0.01326530612 0)
(1.052857143 -0.01402040816 0)
(1.052857143 -0.0147755102 0)
(1.052857143 -0.01553061224 0)
(1.060714286 -0.008456632653 0)
(1.060714286 -0.009234693878 0)
(1.060714286 -0.0100127551 0)
(1.060714286 -0.01079081633 0)
(1.060714286 -0.01156887755 0)
(1.060714286 -0.01234693878 0)
(1.060714286 -0.013125 0)
(1.060714286 -0.01390306122 0)
(1.060714286 -0.01468112245 0)
(1.060714286 -0.01545918367 0)
(1.060714286 -0.0162372449 0)
(1.060714286 -0.01701530612 0)
(1.060714286 -0.01779336735 0)
(1.068571429 -0.01044387755 0)
(1.068571429 -0.01124489796 0)
(1.068571429 -0.01204591837 0)
(1.068571429 -0.01284693878 0)
(1.068571429 -0.01364795918 0)
(1.068571429 -0.01444897959 0)
(1.068571429 -0.01525 0)
(1.068571429 -0.01605102041 0)
(1.068571429 -0.01685204082 0)
(1.068571429 -0.01765306122 0)
(1.068571429 -0.01845408163 0)
(1.068571429 -0.01925510204 0)
(1.068571429 -0.02005612245 0)
(1.076428571 -0.01243112245 0)
(1.076428571 -0.01325510204 0)
(1.076428571 -0.01407908163 0)
(1.076428571 -0.01490306122 0)
(1.076428571 -0.01572704082 0)
(1.076428571 -0.01655102041 0)
(1.076428571 -0.017375 0)
(1.076428571 -0.01819897959 0)
(1.076428571 -0.01902295918 0)
(1.076428571 -0.01984693878 0)
(1.076428571 -0.02067091837 0)
(1.076428571 -0.02149489796 0)
(1.076428571 -0.02231887755 0)
(1.084285714 -0.01441836735 0)
(1.084285714 -0.01526530612 0)
(1.084285714 -0.0161122449 0)
(1.084285714 -0.01695918367 0)
(1.084285714 -0.01780612245 0)
(1.084285714 -0.01865306122 0)
(1.084285714 -0.0195 0)
(1.084285714 -0.02034693878 0)
(1.084285714 -0.02119387755 0)
(1.084285714 -0.02204081633 0)
(1.084285714 -0.0228877551 0)
(1.084285714 -0.02373469388 0)
(1.084285714 -0.02458163265 0)
(1.092142857 -0.01640561224 0)
(1.092142857 -0.0172755102 0)
(1.092142857 -0.01814540816 0)
(1.092142857 -0.01901530612 0)
(1.092142857 -0.01988520408 0)
(1.092142857 -0.02075510204 0)
(1.092142857 -0.021625 0)
(1.092142857 -0.02249489796 0)
(1.092142857 -0.02336479592 0)
(1.092142857 -0.02423469388 0)
(1.092142857 -0.02510459184 0)
(1.092142857 -0.0259744898 0)
(1.092142857 -0.02684438776 0)
(1.102857143 -0.01723214286 0)
(1.102857143 -0.01821428571 0)
(1.102857143 -0.01919642857 0)
(1.102857143 -0.02017857143 0)
(1.102857143 -0.02116071429 0)
(1.102857143 -0.02214285714 0)
(1.102857143 -0.023125 0)
(1.102857143 -0.02410714286 0)
(1.102857143 -0.02508928571 0)
(1.102857143 -0.02607142857 0)
(1.102857143 -0.02705357143 0)
(1.102857143 -0.02803571429 0)
(1.102857143 -0.02901785714 0)
(1.105714286 -0.01607142857 0)
(1.105714286 -0.01714285714 0)
(1.105714286 -0.01821428571 0)
(1.105714286 -0.01928571429 0)
(1.105714286 -0.02035714286 0)
(1.105714286 -0.02142857143 0)
(1.105714286 -0.0225 0)
(1.105714286 -0.02357142857 0)
(1.105714286 -0.02464285714 0)
(1.105714286 -0.02571428571 0)
(1.105714286 -0.02678571429 0)
(1.105714286 -0.02785714286 0)
(1.105714286 -0.02892857143 0)
(1.108571429 -0.01491071429 0)
(1.108571429 -0.01607142857 0)
(1.108571429 -0.01723214286 0)
(1.108571429 -0.01839285714 0)
(1.108571429 -0.01955357143 0)
(1.108571429 -0.02071428571 0)
(1.108571429 -0.021875 0)
(1.108571429 -0.02303571429 0)
(1.108571429 -0.02419642857 0)
(1.108571429 -0.02535714286 0)
(1.108571429 -0.02651785714 0)
(1.108571429 -0.02767857143 0)
(1.108571429 -0.02883928571 0)
(1.111428571 -0.01375 0)
(1.111428571 -0.015 0)
(1.111428571 -0.01625 0)
(1.111428571 -0.0175 0)
(1.111428571 -0.01875 0)
(1.111428571 -0.02 0)
(1.111428571 -0.02125 0)
(1.111428571 -0.0225 0)
(1.111428571 -0.02375 0)
(1.111428571 -0.025 0)
(1.111428571 -0.02625 0)
(1.111428571 -0.0275 0)
(1.111428571 -0.02875 0)
(1.114285714 -0.01258928571 0)
(1.114285714 -0.01392857143 0)
(1.114285714 -0.01526785714 0)
(1.114285714 -0.01660714286 0)
(1.114285714 -0.01794642857 0)
(1.114285714 -0.01928571429 0)
(1.114285714 -0.020625 0)
(1.114285714 -0.02196428571 0)
(1.114285714 -0.02330357143 0)
(1.114285714 -0.02464285714 0)
(1.114285714 -0.02598214286 0)
(1.114285714 -0.02732142857 0)
(1.114285714 -0.02866071429 0)
(1.117142857 -0.01142857143 0)
(1.117142857 -0.01285714286 0)
(1.117142857 -0.01428571429 0)
(1.117142857 -0.01571428571 0)
(1.117142857 -0.01714285714 0)
(1.117142857 -0.01857142857 0)
(1.117142857 -0.02 0)
(1.117142857 -0.02142857143 0)
(1.117142857 -0.02285714286 0)
(1.117142857 -0.02428571429 0)
(1.117142857 -0.02571428571 0)
(1.117142857 -0.02714285714 0)
(1.117142857 -0.02857142857 0)
(0.9976396968 -0.001480494495 0)
(0.9974222507 -0.002675274705 0)
(0.9972048046 -0.003870054915 0)
(0.9969873586 -0.005064835125 0)
(0.9967699125 -0.006259615334 0)
(0.9965524664 -0.007454395544 0)
(0.9963350204 -0.008649175754 0)
(0.9961175743 -0.009843955963 0)
(0.9959001282 -0.01103873617 0)
(0.9956826821 -0.01223351638 0)
(0.9954652361 -0.01342829659 0)
(0.99524779 -0.0146230768 0)
(0.9950303439 -0.01581785701 0)
(1.005531782 -0.00371929669 0)
(1.005349278 -0.004867164809 0)
(1.005166774 -0.006015032928 0)
(1.00498427 -0.007162901047 0)
(1.004801766 -0.008310769166 0)
(1.004619262 -0.009458637285 0)
(1.004436758 -0.0106065054 0)
(1.004254254 -0.01175437352 0)
(1.00407175 -0.01290224164 0)
(1.003889246 -0.01405010976 0)
(1.003706742 -0.01519797788 0)
(1.003524238 -0.016345846 0)
(1.003341734 -0.01749371412 0)
(1.013421159 -0.005971232379 0)
(1.01327089 -0.007085321901 0)
(1.013120621 -0.008199411423 0)
(1.012970352 -0.009313500945 0)
(1.012820083 -0.01042759047 0)
(1.012669814 -0.01154167999 0)
(1.012519544 -0.01265576951 0)
(1.012369275 -0.01376985903 0)
(1.012219006 -0.01488394855 0)
(1.012068737 -0.01599803808 0)
(1.011918468 -0.0171121276 0)
(1.011768199 -0.01822621712 0)
(1.011617929 -0.01934030664 0)
(1.021307735 -0.008235413402 0)
(1.021186898 -0.009327969661 0)
(1.021066062 -0.01042052592 0)
(1.020945226 -0.01151308218 0)
(1.020824389 -0.01260563844 0)
(1.020703553 -0.0136981947 0)
(1.020582716 -0.01479075096 0)
(1.02046188 -0.01588330721 0)
(1.020341043 -0.01697586347 0)
(1.020220207 -0.01806841973 0)
(1.02009937 -0.01916097599 0)
(1.019978534 -0.02025353225 0)
(1.019857697 -0.02134608851 0)
(1.029191839 -0.01050953337 0)
(1.029097963 -0.0115904953 0)
(1.029004087 -0.01267145724 0)
(1.028910212 -0.01375241917 0)
(1.028816336 -0.01483338111 0)
(1.02872246 -0.01591434305 0)
(1.028628585 -0.01699530498 0)
(1.028534709 -0.01807626692 0)
(1.028440833 -0.01915722886 0)
(1.028346958 -0.02023819079 0)
(1.028253082 -0.02131915273 0)
(1.028159206 -0.02240011467 0)
(1.028065331 -0.0234810766 0)
(1.037073518 -0.01279276715 0)
(1.037004179 -0.01387124858 0)
(1.03693484 -0.01494973001 0)
(1.036865501 -0.01602821144 0)
(1.036796162 -0.01710669287 0)
(1.036726824 -0.0181851743 0)
(1.036657485 -0.01926365574 0)
(1.036588146 -0.02034213717 0)
(1.036518807 -0.0214206186 0)
(1.036449468 -0.02249910003 0)
(1.036380129 -0.02357758146 0)
(1.03631079 -0.02465606289 0)
(1.036241451 -0.02573454433 0)
(1.044952754 -0.0150846491 0)
(1.044905507 -0.01616929821 0)
(1.044858261 -0.01725394731 0)
(1.044811015 -0.01833859642 0)
(1.044763769 -0.01942324552 0)
(1.044716522 -0.02050789463 0)
(1.044669276 -0.02159254373 0)
(1.04462203 -0.02267719284 0)
(1.044574784 -0.02376184194 0)
(1.044527537 -0.02484649104 0)
(1.044480291 -0.02593114015 0)
(1.044433045 -0.02701578925 0)
(1.044385799 -0.02810043836 0)
(1.052829333 -0.01738542278 0)
(1.052801523 -0.01848513128 0)
(1.052773712 -0.01958483977 0)
(1.052745902 -0.02068454827 0)
(1.052718092 -0.02178425677 0)
(1.052690282 -0.02288396526 0)
(1.052662472 -0.02398367376 0)
(1.052634662 -0.02508338225 0)
(1.052606851 -0.02618309075 0)
(1.052579041 -0.02728279924 0)
(1.052551231 -0.02838250774 0)
(1.052523421 -0.02948221624 0)
(1.052495611 -0.03058192473 0)
(1.060703001 -0.01969541375 0)
(1.060691717 -0.02081939892 0)
(1.060680432 -0.02194338409 0)
(1.060669147 -0.02306736927 0)
(1.060657863 -0.02419135444 0)
(1.060646578 -0.02531533962 0)
(1.060635294 -0.02643932479 0)
(1.060624009 -0.02756330996 0)
(1.060612725 -0.02868729514 0)
(1.06060144 -0.02981128031 0)
(1.060590156 -0.03093526549 0)
(1.060578871 -0.03205925066 0)
(1.060567587 -0.03318323583 0)
(1.068573728 -0.02201423412 0)
(1.068576028 -0.02317132539 0)
(1.068578328 -0.02432841666 0)
(1.068580628 -0.02548550793 0)
(1.068582928 -0.0266425992 0)
(1.068585228 -0.02779969046 0)
(1.068587528 -0.02895678173 0)
(1.068589828 -0.030113873 0)
(1.068592128 -0.03127096427 0)
(1.068594427 -0.03242805554 0)
(1.068596727 -0.0335851468 0)
(1.068599027 -0.03474223807 0)
(1.068601327 -0.03589932934 0)
(1.07644118 -0.02434239598 0)
(1.076453789 -0.02554193483 0)
(1.076466397 -0.02674147367 0)
(1.076479006 -0.02794101251 0)
(1.076491614 -0.02914055135 0)
(1.076504223 -0.03034009019 0)
(1.076516831 -0.03153962903 0)
(1.07652944 -0.03273916787 0)
(1.076542049 -0.03393870671 0)
(1.076554657 -0.03513824555 0)
(1.076567266 -0.0363377844 0)
(1.076579874 -0.03753732324 0)
(1.076592483 -0.03873686208 0)
(1.084305403 -0.02667931246 0)
(1.084325092 -0.0279300535 0)
(1.084344781 -0.02918079454 0)
(1.08436447 -0.03043153557 0)
(1.084384159 -0.03168227661 0)
(1.084403848 -0.03293301765 0)
(1.084423537 -0.03418375868 0)
(1.084443226 -0.03543449972 0)
(1.084462915 -0.03668524076 0)
(1.084482604 -0.03793598179 0)
(1.084502293 -0.03918672283 0)
(1.084521982 -0.04043746386 0)
(1.084541671 -0.0416882049 0)
(1.092166288 -0.02902487886 0)
(1.092189718 -0.030335472 0)
(1.092213149 -0.03164606514 0)
(1.092236579 -0.03295665828 0)
(1.09226001 -0.03426725142 0)
(1.09228344 -0.03557784457 0)
(1.092306871 -0.03688843771 0)
(1.092330301 -0.03819903085 0)
(1.092353732 -0.03950962399 0)
(1.092377162 -0.04082021713 0)
(1.092400592 -0.04213081027 0)
(1.092424023 -0.04344140342 0)
(1.092447453 -0.04475199656 0)
(1.126428571 0.1626658163 0)
(1.112142857 0.1454846939 0)
(1.12 0.1438265306 0)
(1.127857143 0.1421683673 0)
(1.097857143 0.1283035714 0)
(1.105714286 0.1266071429 0)
(1.113571429 0.1249107143 0)
(1.121428571 0.1232142857 0)
(1.083571429 0.111122449 0)
(1.091428571 0.1093877551 0)
(1.099285714 0.1076530612 0)
(1.107142857 0.1059183673 0)
(1.115 0.1041836735 0)
(1.122857143 0.1024489796 0)
(1.069285714 0.09394132653 0)
(1.077142857 0.09216836735 0)
(1.085 0.09039540816 0)
(1.092857143 0.08862244898 0)
(1.100714286 0.0868494898 0)
(1.108571429 0.08507653061 0)
(1.116428571 0.08330357143 0)
(1.124285714 0.08153061225 0)
(1.055 0.07676020408 0)
(1.062857143 0.07494897959 0)
(1.070714286 0.0731377551 0)
(1.078571429 0.07132653061 0)
(1.086428571 0.06951530612 0)
(1.094285714 0.06770408163 0)
(1.102142857 0.06589285714 0)
(1.11 0.06408163265 0)
(1.117857143 0.06227040816 0)
(1.125714286 0.06045918367 0)
(1.040714286 0.05957908163 0)
(1.048571429 0.05772959184 0)
(1.056428571 0.05588010204 0)
(1.064285714 0.05403061225 0)
(1.072142857 0.05218112245 0)
(1.08 0.05033163265 0)
(1.087857143 0.04848214286 0)
(1.095714286 0.04663265306 0)
(1.103571429 0.04478316327 0)
(1.111428571 0.04293367347 0)
(1.119285714 0.04108418367 0)
(1.127142857 0.03923469388 0)
(1.026428571 0.04239795918 0)
(1.034285714 0.04051020408 0)
(1.042142857 0.03862244898 0)
(1.05 0.03673469388 0)
(1.057857143 0.03484693878 0)
(1.065714286 0.03295918367 0)
(1.073571429 0.03107142857 0)
(1.081428571 0.02918367347 0)
(1.089285714 0.02729591837 0)
(1.097142857 0.02540816327 0)
(1.105 0.02352040816 0)
(1.112857143 0.02163265306 0)
(1.120714286 0.01974489796 0)
(1.012142857 0.02521683673 0)
(1.02 0.02329081633 0)
(1.027857143 0.02136479592 0)
(1.035714286 0.01943877551 0)
(1.043571429 0.0175127551 0)
(1.051428571 0.01558673469 0)
(1.059285714 0.01366071429 0)
(1.067142857 0.01173469388 0)
(1.075 0.009808673469 0)
(1.082857143 0.007882653061 0)
(1.090714286 0.005956632653 0)
(1.098571429 0.004030612245 0)
(1.106428571 0.002104591837 0)
(1.126065306 0.2489705237 0)
(1.119859184 0.2509846963 0)
(1.113653061 0.2529988689 0)
(1.107446939 0.2550130415 0)
(1.101240816 0.2570272141 0)
(1.095034694 0.2590413867 0)
(1.125526531 0.2270272141 0)
(1.119542857 0.2289127021 0)
(1.113559184 0.2307981902 0)
(1.10757551 0.2326836783 0)
(1.101591837 0.2345691663 0)
(1.095608163 0.2364546544 0)
(1.08962449 0.2383401424 0)
(1.083640816 0.2402256305 0)
(1.124097959 0.2055986427 0)
(1.118336735 0.2073554462 0)
(1.11257551 0.2091122497 0)
(1.106814286 0.2108690532 0)
(1.101053061 0.2126258567 0)
(1.095291837 0.2143826603 0)
(1.089530612 0.2161394638 0)
(1.083769388 0.2178962673 0)
(1.078008163 0.2196530708 0)
(1.072246939 0.2214098743 0)
(1.121779592 0.1846848094 0)
(1.116240816 0.1863129284 0)
(1.110702041 0.1879410473 0)
(1.105163265 0.1895691663 0)
(1.09962449 0.1911972853 0)
(1.094085714 0.1928254043 0)
(1.088546939 0.1944535233 0)
(1.083008163 0.1960816422 0)
(1.077469388 0.1977097612 0)
(1.071930612 0.1993378802 0)
(1.066391837 0.2009659992 0)
(1.060853061 0.2025941182 0)
(1.113255102 0.1657851487 0)
(1.107938776 0.1672845832 0)
(1.102622449 0.1687840176 0)
(1.097306122 0.170283452 0)
(1.091989796 0.1717828865 0)
(1.086673469 0.1732823209 0)
(1.081357143 0.1747817554 0)
(1.076040816 0.1762811898 0)
(1.07072449 0.1777806242 0)
(1.065408163 0.1792800587 0)
(1.060091837 0.1807794931 0)
(1.05477551 0.1822789276 0)
(1.049459184 0.183778362 0)
(1.099191837 0.148513607 0)
(1.094097959 0.1498843569 0)
(1.089004082 0.1512551068 0)
(1.083910204 0.1526258567 0)
(1.078816327 0.1539966066 0)
(1.073722449 0.1553673565 0)
(1.068628571 0.1567381064 0)
(1.063534694 0.1581088563 0)
(1.058440816 0.1594796062 0)
(1.053346939 0.1608503561 0)
(1.048253061 0.162221106 0)
(1.043159184 0.1635918559 0)
(1.038065306 0.1649626058 0)
(1.085128571 0.1312420654 0)
(1.080257143 0.1324841307 0)
(1.075385714 0.1337261961 0)
(1.070514286 0.1349682614 0)
(1.065642857 0.1362103268 0)
(1.060771429 0.1374523921 0)
(1.0559 0.1386944575 0)
(1.051028571 0.1399365229 0)
(1.046157143 0.1411785882 0)
(1.041285714 0.1424206536 0)
(1.036414286 0.1436627189 0)
(1.031542857 0.1449047843 0)
(1.026671429 0.1461468496 0)
(1.071065306 0.1139705237 0)
(1.066416327 0.1150839045 0)
(1.061767347 0.1161972853 0)
(1.057118367 0.1173106661 0)
(1.052469388 0.1184240469 0)
(1.047820408 0.1195374278 0)
(1.043171429 0.1206508086 0)
(1.038522449 0.1217641894 0)
(1.033873469 0.1228775702 0)
(1.02922449 0.123990951 0)
(1.02457551 0.1251043318 0)
(1.019926531 0.1262177127 0)
(1.015277551 0.1273310935 0)
(1.057002041 0.09669898199 0)
(1.05257551 0.09768367827 0)
(1.04814898 0.09866837454 0)
(1.043722449 0.09965307082 0)
(1.039295918 0.1006377671 0)
(1.034869388 0.1016224634 0)
(1.030442857 0.1026071596 0)
(1.026016327 0.1035918559 0)
(1.021589796 0.1045765522 0)
(1.017163265 0.1055612485 0)
(1.012736735 0.1065459447 0)
(1.008310204 0.107530641 0)
(1.003883673 0.1085153373 0)
(1.042938776 0.07942744031 0)
(1.038734694 0.08028345204 0)
(1.034530612 0.08113946378 0)
(1.030326531 0.08199547551 0)
(1.026122449 0.08285148725 0)
(1.021918367 0.08370749898 0)
(1.017714286 0.08456351071 0)
(1.013510204 0.08541952245 0)
(1.009306122 0.08627553418 0)
(1.005102041 0.08713154592 0)
(1.000897959 0.08798755765 0)
(0.9966938776 0.08884356939 0)
(0.9924897959 0.08969958112 0)
(1.02887551 0.06215589862 0)
(1.024893878 0.06288322582 0)
(1.020912245 0.06361055301 0)
(1.016930612 0.0643378802 0)
(1.01294898 0.0650652074 0)
(1.008967347 0.06579253459 0)
(1.004985714 0.06651986179 0)
(1.001004082 0.06724718898 0)
(0.997022449 0.06797451617 0)
(0.9930408163 0.06870184337 0)
(0.9890591837 0.06942917056 0)
(0.985077551 0.07015649776 0)
(0.9810959184 0.07088382495 0)
(1.014812245 0.04488435694 0)
(1.011053061 0.04548299959 0)
(1.007293878 0.04608164225 0)
(1.003534694 0.0466802849 0)
(0.9997755102 0.04727892755 0)
(0.9960163265 0.0478775702 0)
(0.9922571429 0.04847621286 0)
(0.9884979592 0.04907485551 0)
(0.9847387755 0.04967349816 0)
(0.9809795918 0.05027214082 0)
(0.9772204082 0.05087078347 0)
(0.9734612245 0.05146942612 0)
(0.9697020408 0.05206806878 0)
(1.00074898 0.02761281526 0)
(0.9972122449 0.02808277337 0)
(0.9936755102 0.02855273148 0)
(0.9901387755 0.02902268959 0)
(0.9866020408 0.0294926477 0)
(0.9830653061 0.02996260582 0)
(0.9795285714 0.03043256393 0)
(0.9759918367 0.03090252204 0)
(0.972455102 0.03137248015 0)
(0.9689183673 0.03184243827 0)
(0.9653816327 0.03231239638 0)
(0.961844898 0.03278235449 0)
(0.9583081633 0.0332523126 0)
(0.9566003422 0.00915231708 0)
(0.9563435415 0.007510455589 0)
(0.9560867409 0.005868594098 0)
(0.9558299402 0.004226732607 0)
(0.9555731396 0.002584871116 0)
(0.9553163389 0.0009430096251 0)
(0.9550595383 -0.000698851866 0)
(0.9548027376 -0.002340713357 0)
(0.954545937 -0.003982574848 0)
(0.9542891363 -0.005624436339 0)
(0.9540323356 -0.00726629783 0)
(0.953775535 -0.008908159321 0)
(0.9535187343 -0.01055002081 0)
(0.959915856 0.008323730269 0)
(0.9596602835 0.006732699823 0)
(0.9594047109 0.005141669378 0)
(0.9591491384 0.003550638932 0)
(0.9588935658 0.001959608487 0)
(0.9586379933 0.0003685780411 0)
(0.9583824208 -0.001222452404 0)
(0.9581268482 -0.00281348285 0)
(0.9578712757 -0.004404513295 0)
(0.9576157031 -0.005995543741 0)
(0.9573601306 -0.007586574186 0)
(0.957104558 -0.009177604632 0)
(0.9568489855 -0.01076863508 0)
(0.9632312133 0.007492338863 0)
(0.9629767123 0.005949334869 0)
(0.9627222114 0.004406330875 0)
(0.9624677104 0.002863326881 0)
(0.9622132094 0.001320322886 0)
(0.9619587085 -0.0002226811077 0)
(0.9617042075 -0.001765685102 0)
(0.9614497065 -0.003308689096 0)
(0.9611952056 -0.00485169309 0)
(0.9609407046 -0.006394697084 0)
(0.9606862036 -0.007937701078 0)
(0.9604317027 -0.009480705073 0)
(0.9601772017 -0.01102370907 0)
(0.9665463392 0.006657609439 0)
(0.9662926784 0.005159293877 0)
(0.9660390176 0.003660978316 0)
(0.9657853568 0.002162662754 0)
(0.965531696 0.0006643471926 0)
(0.9652780352 -0.0008339683688 0)
(0.9650243744 -0.00233228393 0)
(0.9647707136 -0.003830599492 0)
(0.9645170528 -0.005328915053 0)
(0.964263392 -0.006827230615 0)
(0.9640097312 -0.008325546176 0)
(0.9637560704 -0.009823861738 0)
(0.9635024096 -0.0113221773 0)
(0.9698612568 0.005820330677 0)
(0.9696082278 0.00436415421 0)
(0.9693551989 0.002907977744 0)
(0.9691021699 0.001451801278 0)
(0.968849141 -4.375188101e-06 0)
(0.968596112 -0.001460551654 0)
(0.9683430831 -0.00291672812 0)
(0.9680900541 -0.004372904587 0)
(0.9678370252 -0.005829081053 0)
(0.9675839962 -0.007285257519 0)
(0.9673309673 -0.008741433985 0)
(0.9670779383 -0.01019761045 0)
(0.9668249094 -0.01165378692 0)
(0.9731759214 0.004980329275 0)
(0.9729232713 0.003563569265 0)
(0.9726706212 0.002146809255 0)
(0.9724179711 0.0007300492444 0)
(0.972165321 -0.0006867107659 0)
(0.971912671 -0.002103470776 0)
(0.9716600209 -0.003520230787 0)
(0.9714073708 -0.004936990797 0)
(0.9711547207 -0.006353750807 0)
(0.9709020707 -0.007770510818 0)
(0.9706494206 -0.009187270828 0)
(0.9703967705 -0.01060403084 0)
(0.9701441204 -0.01202079085 0)
(0.9764903084 0.004137666048 0)
(0.9762377597 0.002757660668 0)
(0.975985211 0.001377655288 0)
(0.9757326623 -2.350091857e-06 0)
(0.9754801136 -0.001382355472 0)
(0.9752275649 -0.002762360852 0)
(0.9749750162 -0.004142366232 0)
(0.9747224675 -0.005522371612 0)
(0.9744699188 -0.006902376992 0)
(0.9742173702 -0.008282382373 0)
(0.9739648215 -0.009662387753 0)
(0.9737122728 -0.01104239313 0)
(0.9734597241 -0.01242239851 0)
(0.9798044243 0.003292648678 0)
(0.9795517057 0.001947043785 0)
(0.979298987 0.0006014388922 0)
(0.9790462684 -0.0007441660009 0)
(0.9787935498 -0.002089770894 0)
(0.9785408312 -0.003435375787 0)
(0.9782881126 -0.00478098068 0)
(0.978035394 -0.006126585573 0)
(0.9777826754 -0.007472190466 0)
(0.9775299568 -0.008817795359 0)
(0.9772772382 -0.01016340025 0)
(0.9770245196 -0.01150900515 0)
(0.976771801 -0.01285461004 0)
(0.9831182559 0.002445356292 0)
(0.9828650833 0.00113187687 0)
(0.9826119107 -0.0001816025517 0)
(0.982358738 -0.001495081974 0)
(0.9821055654 -0.002808561396 0)
(0.9818523928 -0.004122040818 0)
(0.9815992201 -0.00543552024 0)
(0.9813460475 -0.006748999662 0)
(0.9810928749 -0.008062479084 0)
(0.9808397022 -0.009375958506 0)
(0.9805865296 -0.01068943793 0)
(0.9803333569 -0.01200291735 0)
(0.9800801843 -0.01331639677 0)
(0.9864317599 0.001595638524 0)
(0.9861778056 0.0003118591916 0)
(0.9859238513 -0.0009719201412 0)
(0.9856698969 -0.002255699474 0)
(0.9854159426 -0.003539478807 0)
(0.9851619882 -0.00482325814 0)
(0.9849080339 -0.006107037472 0)
(0.9846540795 -0.007390816805 0)
(0.9844001252 -0.008674596138 0)
(0.9841461709 -0.009958375471 0)
(0.9838922165 -0.0112421548 0)
(0.9836382622 -0.01252593414 0)
(0.9833843078 -0.01380971347 0)
(1.117193878 0.001288265306 0)
(1.120102041 0.002397959184 0)
(1.123010204 0.003507653061 0)
(1.125918367 0.004617346939 0)
(1.107198544 -0.03492596112 0)
(1.10725423 -0.03628049367 0)
(1.107309916 -0.03763502621 0)
(1.107365603 -0.03898955876 0)
(1.107421289 -0.04034409131 0)
(1.107476976 -0.04169862386 0)
(1.107532662 -0.04305315641 0)
(1.107588349 -0.04440768895 0)
(1.107644035 -0.0457622215 0)
(1.107699722 -0.04711675405 0)
(1.107755408 -0.0484712866 0)
(1.107811094 -0.04982581914 0)
(1.107866781 -0.05118035169 0)
(1.114370193 -0.03848026011 0)
(1.114454672 -0.03981766309 0)
(1.114539151 -0.04115506606 0)
(1.11462363 -0.04249246903 0)
(1.114708108 -0.043829872 0)
(1.114792587 -0.04516727497 0)
(1.114877066 -0.04650467795 0)
(1.114961545 -0.04784208092 0)
(1.115046024 -0.04917948389 0)
(1.115130503 -0.05051688686 0)
(1.115214982 -0.05185428983 0)
(1.11529946 -0.05319169281 0)
(1.115383939 -0.05452909578 0)
(1.109897959 -0.03357142857 0)
(1.116938776 -0.03714285714 0)
(1.112653061 -0.03357142857 0)
(1.119591837 -0.03714285714 0)
(1.115408163 -0.03357142857 0)
(1.122244898 -0.03714285714 0)
(1.118163265 -0.03357142857 0)
(1.120918367 -0.03357142857 0)
(0.9549995756 0.2893619465 0)
(0.945713437 0.2701524644 0)
(0.9683835084 0.2865355029 0)
(0.958909874 0.26735672 0)
(0.9494362395 0.2481779372 0)
(0.9817671148 0.2837075931 0)
(0.9721056582 0.2645580434 0)
(0.9624442016 0.2454084937 0)
(0.952782745 0.226258944 0)
(0.9951505428 0.2808788875 0)
(0.9853010856 0.2617577751 0)
(0.9754516285 0.2426366626 0)
(0.9656021713 0.2235155501 0)
(0.9557527141 0.2043944377 0)
(0.9459032569 0.1852733252 0)
(1.00853392 0.2780499573 0)
(0.998496412 0.2589570574 0)
(0.9884589037 0.2398641576 0)
(0.9784213954 0.2207712577 0)
(0.9683838871 0.2016783578 0)
(0.9583463788 0.182585458 0)
(0.9483088705 0.1634925581 0)
(1.021917014 0.2752197735 0)
(1.011691171 0.2561538327 0)
(1.001465328 0.2370878919 0)
(0.9912394855 0.2180219511 0)
(0.9810136426 0.1989560104 0)
(0.9707877997 0.1798900696 0)
(0.9605619568 0.1608241288 0)
(0.9503361139 0.141758188 0)
(1.035299369 0.272386363 0)
(1.024884452 0.2533441546 0)
(1.014469535 0.2343019463 0)
(1.004054618 0.2152597379 0)
(0.9936397006 0.1962175295 0)
(0.9832247836 0.1771753211 0)
(0.9728098665 0.1581331127 0)
(0.9623949495 0.1390909043 0)
(0.9519800325 0.1200486959 0)
(1.048681172 0.2695505795 0)
(1.038076629 0.2505297304 0)
(1.027472087 0.2315088814 0)
(1.016867544 0.2124880323 0)
(1.006263001 0.1934671833 0)
(0.9956584589 0.1744463342 0)
(0.9850539163 0.1554254851 0)
(0.9744493737 0.1364046361 0)
(0.9638448312 0.117383787 0)
(0.9532402886 0.09836293795 0)
(1.062064391 0.2667209779 0)
(1.051271639 0.24772767 0)
(1.040478886 0.2287343622 0)
(1.029686134 0.2097410543 0)
(1.018893382 0.1907477464 0)
(1.00810063 0.1717544386 0)
(0.9973078777 0.1527611307 0)
(0.9865151255 0.1337678229 0)
(0.9757223733 0.114774515 0)
(0.9649296211 0.09578120717 0)
(0.954136869 0.07678789932 0)
(1.07544936 0.2638993933 0)
(1.064470149 0.2449416437 0)
(1.053490938 0.2259838941 0)
(1.042511726 0.2070261445 0)
(1.031532515 0.1880683949 0)
(1.020553304 0.1691106453 0)
(1.009574092 0.1501528957 0)
(0.9985948811 0.1311951461 0)
(0.9876156698 0.1122373965 0)
(0.9766364585 0.09327964688 0)
(0.9656572472 0.07432189728 0)
(0.9546780359 0.05536414768 0)
(0.9965306122 4.665510204 0)
(0.9909183673 4.331020408 0)
(0.9853061224 3.996530612 0)
(0.9796938776 3.662040816 0)
(0.9740816327 3.32755102 0)
(0.9684693878 2.993061224 0)
(0.9628571429 2.658571429 0)
(0.957244898 2.324081633 0)
(0.9516326531 1.989591837 0)
(0.9460204082 1.655102041 0)
(0.9404081633 1.320612245 0)
(1.083061224 4.665306122 0)
(1.071836735 4.330612245 0)
(1.060612245 3.995918367 0)
(1.049387755 3.66122449 0)
(1.038163265 3.326530612 0)
(1.026938776 2.991836735 0)
(1.015714286 2.657142857 0)
(1.004489796 2.32244898 0)
(0.9932653061 1.987755102 0)
(0.9820408163 1.653061224 0)
(0.9708163265 1.318367347 0)
(0.9595918367 0.9836734694 0)
(0.9483673469 0.6489795918 0)
(1.152755102 4.330204082 0)
(1.135918367 3.995306122 0)
(1.119081633 3.660408163 0)
(1.102244898 3.325510204 0)
(1.085408163 2.990612245 0)
(1.068571429 2.655714286 0)
(1.051734694 2.320816327 0)
(1.034897959 1.985918367 0)
(1.018061224 1.651020408 0)
(1.00122449 1.316122449 0)
(0.9843877551 0.9812244898 0)
(0.9675510204 0.6463265306 0)
(1.143877551 2.989387755 0)
(1.121428571 2.654285714 0)
(1.098979592 2.319183673 0)
(1.076530612 1.984081633 0)
(1.054081633 1.648979592 0)
(1.031632653 1.313877551 0)
(1.009183673 0.9787755102 0)
(0.9867346939 0.6436734694 0)
(1.14622449 2.31755102 0)
(1.118163265 1.982244898 0)
(1.090102041 1.646938776 0)
(1.062040816 1.311632653 0)
(1.033979592 0.9763265306 0)
(1.005918367 0.6410204082 0)
(1.126122449 1.644897959 0)
(1.09244898 1.309387755 0)
(1.05877551 0.973877551 0)
(1.025102041 0.6383673469 0)
(1.122857143 1.307142857 0)
(1.083571429 0.9714285714 0)
(1.044285714 0.6357142857 0)
(1.108367347 0.9689795918 0)
(1.063469388 0.6330612245 0)
(1.133163265 0.9665306122 0)
(1.082653061 0.6304081633 0)
(1.101836735 0.627755102 0)
(1.121020408 0.6251020408 0)
(1.140204082 0.6224489796 0)
(1.159387755 0.6197959184 0)
(1.115609641 -0.08502863364 0)
(1.11528802 -0.0982681893 0)
(1.114966399 -0.111507745 0)
(1.114644778 -0.1247473006 0)
(1.114323158 -0.1379868563 0)
(1.114001537 -0.1512264119 0)
(1.113679916 -0.1644659676 0)
(1.113358296 -0.1777055232 0)
(1.113036675 -0.1909450789 0)
(1.112715054 -0.2041846345 0)
(1.112393434 -0.2174241902 0)
(1.112071813 -0.2306637458 0)
(1.111750192 -0.2439033015 0)
(1.093555118 -0.07959612987 0)
(1.093226702 -0.09358324076 0)
(1.092898287 -0.1075703516 0)
(1.092569871 -0.1215574625 0)
(1.092241455 -0.1355445734 0)
(1.09191304 -0.1495316843 0)
(1.091584624 -0.1635187952 0)
(1.091256208 -0.1775059061 0)
(1.090927793 -0.191493017 0)
(1.090599377 -0.2054801279 0)
(1.090270961 -0.2194672388 0)
(1.089942546 -0.2334543497 0)
(1.08961413 -0.2474414605 0)
(1.071321235 -0.0748466709 0)
(1.070999821 -0.08952879512 0)
(1.070678408 -0.1042109193 0)
(1.070356994 -0.1188930436 0)
(1.07003558 -0.1335751678 0)
(1.069714167 -0.148257292 0)
(1.069392753 -0.1629394162 0)
(1.069071339 -0.1776215404 0)
(1.068749926 -0.1923036646 0)
(1.068428512 -0.2069857888 0)
(1.068107098 -0.2216679131 0)
(1.067785684 -0.2363500373 0)
(1.067464271 -0.2510321615 0)
(1.048952873 -0.07068140135 0)
(1.048648806 -0.08601360125 0)
(1.048344739 -0.1013458011 0)
(1.048040671 -0.116678001 0)
(1.047736604 -0.1320102009 0)
(1.047432537 -0.1473424008 0)
(1.04712847 -0.1626746007 0)
(1.046824403 -0.1780068006 0)
(1.046520336 -0.1933390005 0)
(1.046216269 -0.2086712004 0)
(1.045912201 -0.2240034003 0)
(1.045608134 -0.2393356002 0)
(1.045304067 -0.2546678001 0)
(1.026481724 -0.0670226337 0)
(1.02620291 -0.08296594759 0)
(1.025924096 -0.09890926148 0)
(1.025645282 -0.1148525754 0)
(1.025366468 -0.1307958893 0)
(1.025087654 -0.1467392032 0)
(1.02480884 -0.162682517 0)
(1.024530026 -0.1786258309 0)
(1.024251213 -0.1945691448 0)
(1.023972399 -0.2105124587 0)
(1.023693585 -0.2264557726 0)
(1.023414771 -0.2423990865 0)
(1.023135957 -0.2583424004 0)
(1.00393537 -0.06378222831 0)
(1.003687594 -0.08030447448 0)
(1.003439818 -0.09682672066 0)
(1.003192043 -0.1133489668 0)
(1.002944267 -0.129871213 0)
(1.002696491 -0.1463934592 0)
(1.002448716 -0.1629157054 0)
(1.00220094 -0.1794379515 0)
(1.001953164 -0.1959601977 0)
(1.001705389 -0.2124824439 0)
(1.001457613 -0.22900469 0)
(1.001209837 -0.2455269362 0)
(1.000962061 -0.2620491824 0)
(0.9813347302 -0.06087845625 0)
(0.9811221686 -0.07795373983 0)
(0.9809096069 -0.09502902342 0)
(0.9806970452 -0.112104307 0)
(0.9804844836 -0.1291795906 0)
(0.9802719219 -0.1462548742 0)
(0.9800593602 -0.1633301578 0)
(0.9798467986 -0.1804054413 0)
(0.9796342369 -0.1974807249 0)
(0.9794216752 -0.2145560085 0)
(0.9792091136 -0.2316312921 0)
(0.9789965519 -0.2487065757 0)
(0.9787839902 -0.2657818593 0)
(0.9586996625 -0.058208052 0)
(0.9585249632 -0.07581842162 0)
(0.9583502639 -0.09342879125 0)
(0.9581755646 -0.1110391609 0)
(0.9580008652 -0.1286495305 0)
(0.9578261659 -0.1462599001 0)
(0.9576514666 -0.1638702698 0)
(0.9574767673 -0.1814806394 0)
(0.957302068 -0.199091009 0)
(0.9571273687 -0.2167013786 0)
(0.9569526694 -0.2343117483 0)
(0.9567779701 -0.2519221179 0)
(0.9566032707 -0.2695324875 0)
(0.9572142857 -4.664285714 0)
(0.9568571429 -4.328571429 0)
(0.9648571429 -4.664285714 0)
(0.9560714286 -3.992857143 0)
(0.9642857143 -4.328571429 0)
(0.9725 -4.664285714 0)
(0.9548571429 -3.657142857 0)
(0.9632857143 -3.992857143 0)
(0.9717142857 -4.328571429 0)
(0.9801428571 -4.664285714 0)
(0.9532142857 -3.321428571 0)
(0.9618571429 -3.657142857 0)
(0.9705 -3.992857143 0)
(0.9791428571 -4.328571429 0)
(0.9877857143 -4.664285714 0)
(0.9511428571 -2.985714286 0)
(0.96 -3.321428571 0)
(0.9688571429 -3.657142857 0)
(0.9777142857 -3.992857143 0)
(0.9865714286 -4.328571429 0)
(0.9954285714 -4.664285714 0)
(0.9577142857 -2.985714286 0)
(0.9667857143 -3.321428571 0)
(0.9758571429 -3.657142857 0)
(0.9849285714 -3.992857143 0)
(0.994 -4.328571429 0)
(1.003071429 -4.664285714 0)
(1.028877551 -4.663979592 0)
(1.019897959 -4.327959184 0)
(1.010918367 -3.991938776 0)
(1.001938776 -3.655918367 0)
(0.9929591837 -3.319897959 0)
(0.9839795918 -2.983877551 0)
(0.975 -2.647857143 0)
(0.9660204082 -2.311836735 0)
(0.9570408163 -1.975816327 0)
(0.9480612245 -1.639795918 0)
(1.047040816 -4.663673469 0)
(1.038367347 -4.327346939 0)
(1.029693878 -3.991020408 0)
(1.021020408 -3.654693878 0)
(1.012346939 -3.318367347 0)
(1.003673469 -2.982040816 0)
(0.995 -2.645714286 0)
(0.9863265306 -2.309387755 0)
(0.9776530612 -1.973061224 0)
(0.9689795918 -1.636734694 0)
(0.9603061224 -1.300408163 0)
(0.9516326531 -0.9640816327 0)
(0.9429591837 -0.627755102 0)
(1.065204082 -4.663367347 0)
(1.056836735 -4.326734694 0)
(1.048469388 -3.990102041 0)
(1.040102041 -3.653469388 0)
(1.031734694 -3.316836735 0)
(1.023367347 -2.980204082 0)
(1.015 -2.643571429 0)
(1.006632653 -2.306938776 0)
(0.9982653061 -1.970306122 0)
(0.9898979592 -1.633673469 0)
(0.9815306122 -1.297040816 0)
(0.9731632653 -0.9604081633 0)
(0.9647959184 -0.6237755102 0)
(1.083367347 -4.663061224 0)
(1.075306122 -4.326122449 0)
(1.067244898 -3.989183673 0)
(1.059183673 -3.652244898 0)
(1.051122449 -3.315306122 0)
(1.043061224 -2.978367347 0)
(1.035 -2.641428571 0)
(1.026938776 -2.304489796 0)
(1.018877551 -1.96755102 0)
(1.010816327 -1.630612245 0)
(1.002755102 -1.293673469 0)
(0.9946938776 -0.9567346939 0)
(0.9866326531 -0.6197959184 0)
(1.101530612 -4.662755102 0)
(1.09377551 -4.325510204 0)
(1.086020408 -3.988265306 0)
(1.078265306 -3.651020408 0)
(1.070510204 -3.31377551 0)
(1.062755102 -2.976530612 0)
(1.055 -2.639285714 0)
(1.047244898 -2.302040816 0)
(1.039489796 -1.964795918 0)
(1.031734694 -1.62755102 0)
(1.023979592 -1.290306122 0)
(1.01622449 -0.9530612245 0)
(1.008469388 -0.6158163265 0)
(1.119693878 -4.66244898 0)
(1.112244898 -4.324897959 0)
(1.104795918 -3.987346939 0)
(1.097346939 -3.649795918 0)
(1.089897959 -3.312244898 0)
(1.08244898 -2.974693878 0)
(1.075 -2.637142857 0)
(1.06755102 -2.299591837 0)
(1.060102041 -1.962040816 0)
(1.052653061 -1.624489796 0)
(1.045204082 -1.286938776 0)
(1.037755102 -0.9493877551 0)
(1.030306122 -0.6118367347 0)
(1.130714286 -4.324285714 0)
(1.123571429 -3.986428571 0)
(1.116428571 -3.648571429 0)
(1.109285714 -3.310714286 0)
(1.102142857 -2.972857143 0)
(1.095 -2.635 0)
(1.087857143 -2.297142857 0)
(1.080714286 -1.959285714 0)
(1.073571429 -1.621428571 0)
(1.066428571 -1.283571429 0)
(1.059285714 -0.9457142857 0)
(1.052142857 -0.6078571429 0)
(1.128673469 -3.309183673 0)
(1.121836735 -2.971020408 0)
(1.115 -2.632857143 0)
(1.108163265 -2.294693878 0)
(1.101326531 -1.956530612 0)
(1.094489796 -1.618367347 0)
(1.087653061 -1.280204082 0)
(1.080816327 -0.9420408163 0)
(1.073979592 -0.603877551 0)
(1.128469388 -2.292244898 0)
(1.121938776 -1.95377551 0)
(1.115408163 -1.615306122 0)
(1.108877551 -1.276836735 0)
(1.102346939 -0.9383673469 0)
(1.095816327 -0.5998979592 0)
(1.130102041 -1.273469388 0)
(1.123877551 -0.9346938776 0)
(1.117653061 -0.5959183673 0)
(0.9535428571 0.01360540837 1)
(0.9568571429 0.01322569592 1)
(0.9601714286 0.01284598347 1)
(0.9634857143 0.01246627102 1)
(0.9668 0.01208655857 1)
(0.9701142857 0.01170684612 1)
(0.9734285714 0.01132713367 1)
(0.9767428571 0.01094742122 1)
(0.9800571429 0.01056770878 1)
(0.9833714286 0.01018799633 1)
(0.9866857143 0.009808283878 1)
(0.9535428571 0.01345680745 1)
(0.9568571429 0.01303865612 1)
(0.9601714286 0.0126205048 1)
(0.9634857143 0.01220235347 1)
(0.9668 0.01178420214 1)
(0.9701142857 0.01136605082 1)
(0.9734285714 0.01094789949 1)
(0.9767428571 0.01052974816 1)
(0.9800571429 0.01011159684 1)
(0.9833714286 0.00969344551 1)
(0.9866857143 0.009275294184 1)
(0.9535428571 0.01330820653 1)
(0.9568571429 0.01285161633 1)
(0.9601714286 0.01239502612 1)
(0.9634857143 0.01193843592 1)
(0.9668 0.01148184571 1)
(0.9701142857 0.01102525551 1)
(0.9734285714 0.01056866531 1)
(0.9767428571 0.0101120751 1)
(0.9800571429 0.009655484898 1)
(0.9833714286 0.009198894694 1)
(0.9866857143 0.00874230449 1)
(0.9535428571 0.01315960561 1)
(0.9568571429 0.01266457653 1)
(0.9601714286 0.01216954745 1)
(0.9634857143 0.01167451837 1)
(0.9668 0.01117948929 1)
(0.9701142857 0.0106844602 1)
(0.9734285714 0.01018943112 1)
(0.9767428571 0.009694402041 1)
(0.9800571429 0.009199372959 1)
(0.9833714286 0.008704343878 1)
(0.9866857143 0.008209314796 1)
(0.9535428571 0.01301100469 1)
(0.9568571429 0.01247753673 1)
(0.9601714286 0.01194406878 1)
(0.9634857143 0.01141060082 1)
(0.9668 0.01087713286 1)
(0.9701142857 0.0103436649 1)
(0.9734285714 0.009810196939 1)
(0.9767428571 0.00927672898 1)
(0.9800571429 0.00874326102 1)
(0.9833714286 0.008209793061 1)
(0.9866857143 0.007676325102 1)
(0.9535428571 0.01286240378 1)
(0.9568571429 0.01229049694 1)
(0.9601714286 0.0117185901 1)
(0.9634857143 0.01114668327 1)
(0.9668 0.01057477643 1)
(0.9701142857 0.01000286959 1)
(0.9734285714 0.009430962755 1)
(0.9767428571 0.008859055918 1)
(0.9800571429 0.008287149082 1)
(0.9833714286 0.007715242245 1)
(0.9866857143 0.007143335408 1)
(0.9535428571 0.01271380286 1)
(0.9568571429 0.01210345714 1)
(0.9601714286 0.01149311143 1)
(0.9634857143 0.01088276571 1)
(0.9668 0.01027242 1)
(0.9701142857 0.009662074286 1)
(0.9734285714 0.009051728571 1)
(0.9767428571 0.008441382857 1)
(0.9800571429 0.007831037143 1)
(0.9833714286 0.007220691429 1)
(0.9866857143 0.006610345714 1)
(0.9535428571 0.01256520194 1)
(0.9568571429 0.01191641735 1)
(0.9601714286 0.01126763276 1)
(0.9634857143 0.01061884816 1)
(0.9668 0.009970063571 1)
(0.9701142857 0.00932127898 1)
(0.9734285714 0.008672494388 1)
(0.9767428571 0.008023709796 1)
(0.9800571429 0.007374925204 1)
(0.9833714286 0.006726140612 1)
(0.9866857143 0.00607735602 1)
(0.9535428571 0.01241660102 1)
(0.9568571429 0.01172937755 1)
(0.9601714286 0.01104215408 1)
(0.9634857143 0.01035493061 1)
(0.9668 0.009667707143 1)
(0.9701142857 0.008980483673 1)
(0.9734285714 0.008293260204 1)
(0.9767428571 0.007606036735 1)
(0.9800571429 0.006918813265 1)
(0.9833714286 0.006231589796 1)
(0.9866857143 0.005544366327 1)
(0.9535428571 0.0122680001 1)
(0.9568571429 0.01154233776 1)
(0.9601714286 0.01081667541 1)
(0.9634857143 0.01009101306 1)
(0.9668 0.009365350714 1)
(0.9701142857 0.008639688367 1)
(0.9734285714 0.00791402602 1)
(0.9767428571 0.007188363673 1)
(0.9800571429 0.006462701327 1)
(0.9833714286 0.00573703898 1)
(0.9866857143 0.005011376633 1)
(0.9535428571 0.01211939918 1)
(0.9568571429 0.01135529796 1)
(0.9601714286 0.01059119673 1)
(0.9634857143 0.00982709551 1)
(0.9668 0.009062994286 1)
(0.9701142857 0.008298893061 1)
(0.9734285714 0.007534791837 1)
(0.9767428571 0.006770690612 1)
(0.9800571429 0.006006589388 1)
(0.9833714286 0.005242488163 1)
(0.9866857143 0.004478386939 1)
(0.9535428571 0.01197079827 1)
(0.9568571429 0.01116825816 1)
(0.9601714286 0.01036571806 1)
(0.9634857143 0.009563177959 1)
(0.9668 0.008760637857 1)
(0.9701142857 0.007958097755 1)
(0.9734285714 0.007155557653 1)
(0.9767428571 0.006353017551 1)
(0.9800571429 0.005550477449 1)
(0.9833714286 0.004747937347 1)
(0.9866857143 0.003945397245 1)
(0.9535428571 0.01182219735 1)
(0.9568571429 0.01098121837 1)
(0.9601714286 0.01014023939 1)
(0.9634857143 0.009299260408 1)
(0.9668 0.008458281429 1)
(0.9701142857 0.007617302449 1)
(0.9734285714 0.006776323469 1)
(0.9767428571 0.00593534449 1)
(0.9800571429 0.00509436551 1)
(0.9833714286 0.004253386531 1)
(0.9866857143 0.003412407551 1)
(0.9978571429 0.007441326531 1)
(0.9978571429 0.006846938776 1)
(0.9978571429 0.00625255102 1)
(0.9978571429 0.005658163265 1)
(0.9978571429 0.00506377551 1)
(0.9978571429 0.004469387755 1)
(0.9978571429 0.003875 1)
(0.9978571429 0.003280612245 1)
(0.9978571429 0.00268622449 1)
(0.9978571429 0.002091836735 1)
(0.9978571429 0.00149744898 1)
(0.9978571429 0.0009030612245 1)
(0.9978571429 0.0003086734694 1)
(1.005714286 0.005454081633 1)
(1.005714286 0.004836734694 1)
(1.005714286 0.004219387755 1)
(1.005714286 0.003602040816 1)
(1.005714286 0.002984693878 1)
(1.005714286 0.002367346939 1)
(1.005714286 0.00175 1)
(1.005714286 0.001132653061 1)
(1.005714286 0.0005153061224 1)
(1.005714286 -0.0001020408163 1)
(1.005714286 -0.0007193877551 1)
(1.005714286 -0.001336734694 1)
(1.005714286 -0.001954081633 1)
(1.013571429 0.003466836735 1)
(1.013571429 0.002826530612 1)
(1.013571429 0.00218622449 1)
(1.013571429 0.001545918367 1)
(1.013571429 0.0009056122449 1)
(1.013571429 0.0002653061225 1)
(1.013571429 -0.000375 1)
(1.013571429 -0.001015306122 1)
(1.013571429 -0.001655612245 1)
(1.013571429 -0.002295918367 1)
(1.013571429 -0.00293622449 1)
(1.013571429 -0.003576530612 1)
(1.013571429 -0.004216836735 1)
(1.021428571 0.001479591837 1)
(1.021428571 0.0008163265306 1)
(1.021428571 0.0001530612245 1)
(1.021428571 -0.0005102040816 1)
(1.021428571 -0.001173469388 1)
(1.021428571 -0.001836734694 1)
(1.021428571 -0.0025 1)
(1.021428571 -0.003163265306 1)
(1.021428571 -0.003826530612 1)
(1.021428571 -0.004489795918 1)
(1.021428571 -0.005153061224 1)
(1.021428571 -0.005816326531 1)
(1.021428571 -0.006479591837 1)
(1.029285714 -0.0005076530612 1)
(1.029285714 -0.001193877551 1)
(1.029285714 -0.001880102041 1)
(1.029285714 -0.002566326531 1)
(1.029285714 -0.00325255102 1)
(1.029285714 -0.00393877551 1)
(1.029285714 -0.004625 1)
(1.029285714 -0.00531122449 1)
(1.029285714 -0.00599744898 1)
(1.029285714 -0.006683673469 1)
(1.029285714 -0.007369897959 1)
(1.029285714 -0.008056122449 1)
(1.029285714 -0.008742346939 1)
(1.037142857 -0.002494897959 1)
(1.037142857 -0.003204081633 1)
(1.037142857 -0.003913265306 1)
(1.037142857 -0.00462244898 1)
(1.037142857 -0.005331632653 1)
(1.037142857 -0.006040816327 1)
(1.037142857 -0.00675 1)
(1.037142857 -0.007459183673 1)
(1.037142857 -0.008168367347 1)
(1.037142857 -0.00887755102 1)
(1.037142857 -0.009586734694 1)
(1.037142857 -0.01029591837 1)
(1.037142857 -0.01100510204 1)
(1.045 -0.004482142857 1)
(1.045 -0.005214285714 1)
(1.045 -0.005946428571 1)
(1.045 -0.006678571429 1)
(1.045 -0.007410714286 1)
(1.045 -0.008142857143 1)
(1.045 -0.008875 1)
(1.045 -0.009607142857 1)
(1.045 -0.01033928571 1)
(1.045 -0.01107142857 1)
(1.045 -0.01180357143 1)
(1.045 -0.01253571429 1)
(1.045 -0.01326785714 1)
(1.052857143 -0.006469387755 1)
(1.052857143 -0.007224489796 1)
(1.052857143 -0.007979591837 1)
(1.052857143 -0.008734693878 1)
(1.052857143 -0.009489795918 1)
(1.052857143 -0.01024489796 1)
(1.052857143 -0.011 1)
(1.052857143 -0.01175510204 1)
(1.052857143 -0.01251020408 1)
(1.052857143 -0.01326530612 1)
(1.052857143 -0.01402040816 1)
(1.052857143 -0.0147755102 1)
(1.052857143 -0.01553061224 1)
(1.060714286 -0.008456632653 1)
(1.060714286 -0.009234693878 1)
(1.060714286 -0.0100127551 1)
(1.060714286 -0.01079081633 1)
(1.060714286 -0.01156887755 1)
(1.060714286 -0.01234693878 1)
(1.060714286 -0.013125 1)
(1.060714286 -0.01390306122 1)
(1.060714286 -0.01468112245 1)
(1.060714286 -0.01545918367 1)
(1.060714286 -0.0162372449 1)
(1.060714286 -0.01701530612 1)
(1.060714286 -0.01779336735 1)
(1.068571429 -0.01044387755 1)
(1.068571429 -0.01124489796 1)
(1.068571429 -0.01204591837 1)
(1.068571429 -0.01284693878 1)
(1.068571429 -0.01364795918 1)
(1.068571429 -0.01444897959 1)
(1.068571429 -0.01525 1)
(1.068571429 -0.01605102041 1)
(1.068571429 -0.01685204082 1)
(1.068571429 -0.01765306122 1)
(1.068571429 -0.01845408163 1)
(1.068571429 -0.01925510204 1)
(1.068571429 -0.02005612245 1)
(1.076428571 -0.01243112245 1)
(1.076428571 -0.01325510204 1)
(1.076428571 -0.01407908163 1)
(1.076428571 -0.01490306122 1)
(1.076428571 -0.01572704082 1)
(1.076428571 -0.01655102041 1)
(1.076428571 -0.017375 1)
(1.076428571 -0.01819897959 1)
(1.076428571 -0.01902295918 1)
(1.076428571 -0.01984693878 1)
(1.076428571 -0.02067091837 1)
(1.076428571 -0.02149489796 1)
(1.076428571 -0.02231887755 1)
(1.084285714 -0.01441836735 1)
(1.084285714 -0.01526530612 1)
(1.084285714 -0.0161122449 1)
(1.084285714 -0.01695918367 1)
(1.084285714 -0.01780612245 1)
(1.084285714 -0.01865306122 1)
(1.084285714 -0.0195 1)
(1.084285714 -0.02034693878 1)
(1.084285714 -0.02119387755 1)
(1.084285714 -0.02204081633 1)
(1.084285714 -0.0228877551 1)
(1.084285714 -0.02373469388 1)
(1.084285714 -0.02458163265 1)
(1.092142857 -0.01640561224 1)
(1.092142857 -0.0172755102 1)
(1.092142857 -0.01814540816 1)
(1.092142857 -0.01901530612 1)
(1.092142857 -0.01988520408 1)
(1.092142857 -0.02075510204 1)
(1.092142857 -0.021625 1)
(1.092142857 -0.02249489796 1)
(1.092142857 -0.02336479592 1)
(1.092142857 -0.02423469388 1)
(1.092142857 -0.02510459184 1)
(1.092142857 -0.0259744898 1)
(1.092142857 -0.02684438776 1)
(1.102857143 -0.01723214286 1)
(1.102857143 -0.01821428571 1)
(1.102857143 -0.01919642857 1)
(1.102857143 -0.02017857143 1)
(1.102857143 -0.02116071429 1)
(1.102857143 -0.02214285714 1)
(1.102857143 -0.023125 1)
(1.102857143 -0.02410714286 1)
(1.102857143 -0.02508928571 1)
(1.102857143 -0.02607142857 1)
(1.102857143 -0.02705357143 1)
(1.102857143 -0.02803571429 1)
(1.102857143 -0.02901785714 1)
(1.105714286 -0.01607142857 1)
(1.105714286 -0.01714285714 1)
(1.105714286 -0.01821428571 1)
(1.105714286 -0.01928571429 1)
(1.105714286 -0.02035714286 1)
(1.105714286 -0.02142857143 1)
(1.105714286 -0.0225 1)
(1.105714286 -0.02357142857 1)
(1.105714286 -0.02464285714 1)
(1.105714286 -0.02571428571 1)
(1.105714286 -0.02678571429 1)
(1.105714286 -0.02785714286 1)
(1.105714286 -0.02892857143 1)
(1.108571429 -0.01491071429 1)
(1.108571429 -0.01607142857 1)
(1.108571429 -0.01723214286 1)
(1.108571429 -0.01839285714 1)
(1.108571429 -0.01955357143 1)
(1.108571429 -0.02071428571 1)
(1.108571429 -0.021875 1)
(1.108571429 -0.02303571429 1)
(1.108571429 -0.02419642857 1)
(1.108571429 -0.02535714286 1)
(1.108571429 -0.02651785714 1)
(1.108571429 -0.02767857143 1)
(1.108571429 -0.02883928571 1)
(1.111428571 -0.01375 1)
(1.111428571 -0.015 1)
(1.111428571 -0.01625 1)
(1.111428571 -0.0175 1)
(1.111428571 -0.01875 1)
(1.111428571 -0.02 1)
(1.111428571 -0.02125 1)
(1.111428571 -0.0225 1)
(1.111428571 -0.02375 1)
(1.111428571 -0.025 1)
(1.111428571 -0.02625 1)
(1.111428571 -0.0275 1)
(1.111428571 -0.02875 1)
(1.114285714 -0.01258928571 1)
(1.114285714 -0.01392857143 1)
(1.114285714 -0.01526785714 1)
(1.114285714 -0.01660714286 1)
(1.114285714 -0.01794642857 1)
(1.114285714 -0.01928571429 1)
(1.114285714 -0.020625 1)
(1.114285714 -0.02196428571 1)
(1.114285714 -0.02330357143 1)
(1.114285714 -0.02464285714 1)
(1.114285714 -0.02598214286 1)
(1.114285714 -0.02732142857 1)
(1.114285714 -0.02866071429 1)
(1.117142857 -0.01142857143 1)
(1.117142857 -0.01285714286 1)
(1.117142857 -0.01428571429 1)
(1.117142857 -0.01571428571 1)
(1.117142857 -0.01714285714 1)
(1.117142857 -0.01857142857 1)
(1.117142857 -0.02 1)
(1.117142857 -0.02142857143 1)
(1.117142857 -0.02285714286 1)
(1.117142857 -0.02428571429 1)
(1.117142857 -0.02571428571 1)
(1.117142857 -0.02714285714 1)
(1.117142857 -0.02857142857 1)
(0.9976396968 -0.001480494495 1)
(0.9974222507 -0.002675274705 1)
(0.9972048046 -0.003870054915 1)
(0.9969873586 -0.005064835125 1)
(0.9967699125 -0.006259615334 1)
(0.9965524664 -0.007454395544 1)
(0.9963350204 -0.008649175754 1)
(0.9961175743 -0.009843955963 1)
(0.9959001282 -0.01103873617 1)
(0.9956826821 -0.01223351638 1)
(0.9954652361 -0.01342829659 1)
(0.99524779 -0.0146230768 1)
(0.9950303439 -0.01581785701 1)
(1.005531782 -0.00371929669 1)
(1.005349278 -0.004867164809 1)
(1.005166774 -0.006015032928 1)
(1.00498427 -0.007162901047 1)
(1.004801766 -0.008310769166 1)
(1.004619262 -0.009458637285 1)
(1.004436758 -0.0106065054 1)
(1.004254254 -0.01175437352 1)
(1.00407175 -0.01290224164 1)
(1.003889246 -0.01405010976 1)
(1.003706742 -0.01519797788 1)
(1.003524238 -0.016345846 1)
(1.003341734 -0.01749371412 1)
(1.013421159 -0.005971232379 1)
(1.01327089 -0.007085321901 1)
(1.013120621 -0.008199411423 1)
(1.012970352 -0.009313500945 1)
(1.012820083 -0.01042759047 1)
(1.012669814 -0.01154167999 1)
(1.012519544 -0.01265576951 1)
(1.012369275 -0.01376985903 1)
(1.012219006 -0.01488394855 1)
(1.012068737 -0.01599803808 1)
(1.011918468 -0.0171121276 1)
(1.011768199 -0.01822621712 1)
(1.011617929 -0.01934030664 1)
(1.021307735 -0.008235413402 1)
(1.021186898 -0.009327969661 1)
(1.021066062 -0.01042052592 1)
(1.020945226 -0.01151308218 1)
(1.020824389 -0.01260563844 1)
(1.020703553 -0.0136981947 1)
(1.020582716 -0.01479075096 1)
(1.02046188 -0.01588330721 1)
(1.020341043 -0.01697586347 1)
(1.020220207 -0.01806841973 1)
(1.02009937 -0.01916097599 1)
(1.019978534 -0.02025353225 1)
(1.019857697 -0.02134608851 1)
(1.029191839 -0.01050953337 1)
(1.029097963 -0.0115904953 1)
(1.029004087 -0.01267145724 1)
(1.028910212 -0.01375241917 1)
(1.028816336 -0.01483338111 1)
(1.02872246 -0.01591434305 1)
(1.028628585 -0.01699530498 1)
(1.028534709 -0.01807626692 1)
(1.028440833 -0.01915722886 1)
(1.028346958 -0.02023819079 1)
(1.028253082 -0.02131915273 1)
(1.028159206 -0.02240011467 1)
(1.028065331 -0.0234810766 1)
(1.037073518 -0.01279276715 1)
(1.037004179 -0.01387124858 1)
(1.03693484 -0.01494973001 1)
(1.036865501 -0.01602821144 1)
(1.036796162 -0.01710669287 1)
(1.036726824 -0.0181851743 1)
(1.036657485 -0.01926365574 1)
(1.036588146 -0.02034213717 1)
(1.036518807 -0.0214206186 1)
(1.036449468 -0.02249910003 1)
(1.036380129 -0.02357758146 1)
(1.03631079 -0.02465606289 1)
(1.036241451 -0.02573454433 1)
(1.044952754 -0.0150846491 1)
(1.044905507 -0.01616929821 1)
(1.044858261 -0.01725394731 1)
(1.044811015 -0.01833859642 1)
(1.044763769 -0.01942324552 1)
(1.044716522 -0.02050789463 1)
(1.044669276 -0.02159254373 1)
(1.04462203 -0.02267719284 1)
(1.044574784 -0.02376184194 1)
(1.044527537 -0.02484649104 1)
(1.044480291 -0.02593114015 1)
(1.044433045 -0.02701578925 1)
(1.044385799 -0.02810043836 1)
(1.052829333 -0.01738542278 1)
(1.052801523 -0.01848513128 1)
(1.052773712 -0.01958483977 1)
(1.052745902 -0.02068454827 1)
(1.052718092 -0.02178425677 1)
(1.052690282 -0.02288396526 1)
(1.052662472 -0.02398367376 1)
(1.052634662 -0.02508338225 1)
(1.052606851 -0.02618309075 1)
(1.052579041 -0.02728279924 1)
(1.052551231 -0.02838250774 1)
(1.052523421 -0.02948221624 1)
(1.052495611 -0.03058192473 1)
(1.060703001 -0.01969541375 1)
(1.060691717 -0.02081939892 1)
(1.060680432 -0.02194338409 1)
(1.060669147 -0.02306736927 1)
(1.060657863 -0.02419135444 1)
(1.060646578 -0.02531533962 1)
(1.060635294 -0.02643932479 1)
(1.060624009 -0.02756330996 1)
(1.060612725 -0.02868729514 1)
(1.06060144 -0.02981128031 1)
(1.060590156 -0.03093526549 1)
(1.060578871 -0.03205925066 1)
(1.060567587 -0.03318323583 1)
(1.068573728 -0.02201423412 1)
(1.068576028 -0.02317132539 1)
(1.068578328 -0.02432841666 1)
(1.068580628 -0.02548550793 1)
(1.068582928 -0.0266425992 1)
(1.068585228 -0.02779969046 1)
(1.068587528 -0.02895678173 1)
(1.068589828 -0.030113873 1)
(1.068592128 -0.03127096427 1)
(1.068594427 -0.03242805554 1)
(1.068596727 -0.0335851468 1)
(1.068599027 -0.03474223807 1)
(1.068601327 -0.03589932934 1)
(1.07644118 -0.02434239598 1)
(1.076453789 -0.02554193483 1)
(1.076466397 -0.02674147367 1)
(1.076479006 -0.02794101251 1)
(1.076491614 -0.02914055135 1)
(1.076504223 -0.03034009019 1)
(1.076516831 -0.03153962903 1)
(1.07652944 -0.03273916787 1)
(1.076542049 -0.03393870671 1)
(1.076554657 -0.03513824555 1)
(1.076567266 -0.0363377844 1)
(1.076579874 -0.03753732324 1)
(1.076592483 -0.03873686208 1)
(1.084305403 -0.02667931246 1)
(1.084325092 -0.0279300535 1)
(1.084344781 -0.02918079454 1)
(1.08436447 -0.03043153557 1)
(1.084384159 -0.03168227661 1)
(1.084403848 -0.03293301765 1)
(1.084423537 -0.03418375868 1)
(1.084443226 -0.03543449972 1)
(1.084462915 -0.03668524076 1)
(1.084482604 -0.03793598179 1)
(1.084502293 -0.03918672283 1)
(1.084521982 -0.04043746386 1)
(1.084541671 -0.0416882049 1)
(1.092166288 -0.02902487886 1)
(1.092189718 -0.030335472 1)
(1.092213149 -0.03164606514 1)
(1.092236579 -0.03295665828 1)
(1.09226001 -0.03426725142 1)
(1.09228344 -0.03557784457 1)
(1.092306871 -0.03688843771 1)
(1.092330301 -0.03819903085 1)
(1.092353732 -0.03950962399 1)
(1.092377162 -0.04082021713 1)
(1.092400592 -0.04213081027 1)
(1.092424023 -0.04344140342 1)
(1.092447453 -0.04475199656 1)
(1.126428571 0.1626658163 1)
(1.112142857 0.1454846939 1)
(1.12 0.1438265306 1)
(1.127857143 0.1421683673 1)
(1.097857143 0.1283035714 1)
(1.105714286 0.1266071429 1)
(1.113571429 0.1249107143 1)
(1.121428571 0.1232142857 1)
(1.083571429 0.111122449 1)
(1.091428571 0.1093877551 1)
(1.099285714 0.1076530612 1)
(1.107142857 0.1059183673 1)
(1.115 0.1041836735 1)
(1.122857143 0.1024489796 1)
(1.069285714 0.09394132653 1)
(1.077142857 0.09216836735 1)
(1.085 0.09039540816 1)
(1.092857143 0.08862244898 1)
(1.100714286 0.0868494898 1)
(1.108571429 0.08507653061 1)
(1.116428571 0.08330357143 1)
(1.124285714 0.08153061225 1)
(1.055 0.07676020408 1)
(1.062857143 0.07494897959 1)
(1.070714286 0.0731377551 1)
(1.078571429 0.07132653061 1)
(1.086428571 0.06951530612 1)
(1.094285714 0.06770408163 1)
(1.102142857 0.06589285714 1)
(1.11 0.06408163265 1)
(1.117857143 0.06227040816 1)
(1.125714286 0.06045918367 1)
(1.040714286 0.05957908163 1)
(1.048571429 0.05772959184 1)
(1.056428571 0.05588010204 1)
(1.064285714 0.05403061225 1)
(1.072142857 0.05218112245 1)
(1.08 0.05033163265 1)
(1.087857143 0.04848214286 1)
(1.095714286 0.04663265306 1)
(1.103571429 0.04478316327 1)
(1.111428571 0.04293367347 1)
(1.119285714 0.04108418367 1)
(1.127142857 0.03923469388 1)
(1.026428571 0.04239795918 1)
(1.034285714 0.04051020408 1)
(1.042142857 0.03862244898 1)
(1.05 0.03673469388 1)
(1.057857143 0.03484693878 1)
(1.065714286 0.03295918367 1)
(1.073571429 0.03107142857 1)
(1.081428571 0.02918367347 1)
(1.089285714 0.02729591837 1)
(1.097142857 0.02540816327 1)
(1.105 0.02352040816 1)
(1.112857143 0.02163265306 1)
(1.120714286 0.01974489796 1)
(1.012142857 0.02521683673 1)
(1.02 0.02329081633 1)
(1.027857143 0.02136479592 1)
(1.035714286 0.01943877551 1)
(1.043571429 0.0175127551 1)
(1.051428571 0.01558673469 1)
(1.059285714 0.01366071429 1)
(1.067142857 0.01173469388 1)
(1.075 0.009808673469 1)
(1.082857143 0.007882653061 1)
(1.090714286 0.005956632653 1)
(1.098571429 0.004030612245 1)
(1.106428571 0.002104591837 1)
(1.126065306 0.2489705237 1)
(1.119859184 0.2509846963 1)
(1.113653061 0.2529988689 1)
(1.107446939 0.2550130415 1)
(1.101240816 0.2570272141 1)
(1.095034694 0.2590413867 1)
(1.125526531 0.2270272141 1)
(1.119542857 0.2289127021 1)
(1.113559184 0.2307981902 1)
(1.10757551 0.2326836783 1)
(1.101591837 0.2345691663 1)
(1.095608163 0.2364546544 1)
(1.08962449 0.2383401424 1)
(1.083640816 0.2402256305 1)
(1.124097959 0.2055986427 1)
(1.118336735 0.2073554462 1)
(1.11257551 0.2091122497 1)
(1.106814286 0.2108690532 1)
(1.101053061 0.2126258567 1)
(1.095291837 0.2143826603 1)
(1.089530612 0.2161394638 1)
(1.083769388 0.2178962673 1)
(1.078008163 0.2196530708 1)
(1.072246939 0.2214098743 1)
(1.121779592 0.1846848094 1)
(1.116240816 0.1863129284 1)
(1.110702041 0.1879410473 1)
(1.105163265 0.1895691663 1)
(1.09962449 0.1911972853 1)
(1.094085714 0.1928254043 1)
(1.088546939 0.1944535233 1)
(1.083008163 0.1960816422 1)
(1.077469388 0.1977097612 1)
(1.071930612 0.1993378802 1)
(1.066391837 0.2009659992 1)
(1.060853061 0.2025941182 1)
(1.113255102 0.1657851487 1)
(1.107938776 0.1672845832 1)
(1.102622449 0.1687840176 1)
(1.097306122 0.170283452 1)
(1.091989796 0.1717828865 1)
(1.086673469 0.1732823209 1)
(1.081357143 0.1747817554 1)
(1.076040816 0.1762811898 1)
(1.07072449 0.1777806242 1)
(1.065408163 0.1792800587 1)
(1.060091837 0.1807794931 1)
(1.05477551 0.1822789276 1)
(1.049459184 0.183778362 1)
(1.099191837 0.148513607 1)
(1.094097959 0.1498843569 1)
(1.089004082 0.1512551068 1)
(1.083910204 0.1526258567 1)
(1.078816327 0.1539966066 1)
(1.073722449 0.1553673565 1)
(1.068628571 0.1567381064 1)
(1.063534694 0.1581088563 1)
(1.058440816 0.1594796062 1)
(1.053346939 0.1608503561 1)
(1.048253061 0.162221106 1)
(1.043159184 0.1635918559 1)
(1.038065306 0.1649626058 1)
(1.085128571 0.1312420654 1)
(1.080257143 0.1324841307 1)
(1.075385714 0.1337261961 1)
(1.070514286 0.1349682614 1)
(1.065642857 0.1362103268 1)
(1.060771429 0.1374523921 1)
(1.0559 0.1386944575 1)
(1.051028571 0.1399365229 1)
(1.046157143 0.1411785882 1)
(1.041285714 0.1424206536 1)
(1.036414286 0.1436627189 1)
(1.031542857 0.1449047843 1)
(1.026671429 0.1461468496 1)
(1.071065306 0.1139705237 1)
(1.066416327 0.1150839045 1)
(1.061767347 0.1161972853 1)
(1.057118367 0.1173106661 1)
(1.052469388 0.1184240469 1)
(1.047820408 0.1195374278 1)
(1.043171429 0.1206508086 1)
(1.038522449 0.1217641894 1)
(1.033873469 0.1228775702 1)
(1.02922449 0.123990951 1)
(1.02457551 0.1251043318 1)
(1.019926531 0.1262177127 1)
(1.015277551 0.1273310935 1)
(1.057002041 0.09669898199 1)
(1.05257551 0.09768367827 1)
(1.04814898 0.09866837454 1)
(1.043722449 0.09965307082 1)
(1.039295918 0.1006377671 1)
(1.034869388 0.1016224634 1)
(1.030442857 0.1026071596 1)
(1.026016327 0.1035918559 1)
(1.021589796 0.1045765522 1)
(1.017163265 0.1055612485 1)
(1.012736735 0.1065459447 1)
(1.008310204 0.107530641 1)
(1.003883673 0.1085153373 1)
(1.042938776 0.07942744031 1)
(1.038734694 0.08028345204 1)
(1.034530612 0.08113946378 1)
(1.030326531 0.08199547551 1)
(1.026122449 0.08285148725 1)
(1.021918367 0.08370749898 1)
(1.017714286 0.08456351071 1)
(1.013510204 0.08541952245 1)
(1.009306122 0.08627553418 1)
(1.005102041 0.08713154592 1)
(1.000897959 0.08798755765 1)
(0.9966938776 0.08884356939 1)
(0.9924897959 0.08969958112 1)
(1.02887551 0.06215589862 1)
(1.024893878 0.06288322582 1)
(1.020912245 0.06361055301 1)
(1.016930612 0.0643378802 1)
(1.01294898 0.0650652074 1)
(1.008967347 0.06579253459 1)
(1.004985714 0.06651986179 1)
(1.001004082 0.06724718898 1)
(0.997022449 0.06797451617 1)
(0.9930408163 0.06870184337 1)
(0.9890591837 0.06942917056 1)
(0.985077551 0.07015649776 1)
(0.9810959184 0.07088382495 1)
(1.014812245 0.04488435694 1)
(1.011053061 0.04548299959 1)
(1.007293878 0.04608164225 1)
(1.003534694 0.0466802849 1)
(0.9997755102 0.04727892755 1)
(0.9960163265 0.0478775702 1)
(0.9922571429 0.04847621286 1)
(0.9884979592 0.04907485551 1)
(0.9847387755 0.04967349816 1)
(0.9809795918 0.05027214082 1)
(0.9772204082 0.05087078347 1)
(0.9734612245 0.05146942612 1)
(0.9697020408 0.05206806878 1)
(1.00074898 0.02761281526 1)
(0.9972122449 0.02808277337 1)
(0.9936755102 0.02855273148 1)
(0.9901387755 0.02902268959 1)
(0.9866020408 0.0294926477 1)
(0.9830653061 0.02996260582 1)
(0.9795285714 0.03043256393 1)
(0.9759918367 0.03090252204 1)
(0.972455102 0.03137248015 1)
(0.9689183673 0.03184243827 1)
(0.9653816327 0.03231239638 1)
(0.961844898 0.03278235449 1)
(0.9583081633 0.0332523126 1)
(0.9566003422 0.00915231708 1)
(0.9563435415 0.007510455589 1)
(0.9560867409 0.005868594098 1)
(0.9558299402 0.004226732607 1)
(0.9555731396 0.002584871116 1)
(0.9553163389 0.0009430096251 1)
(0.9550595383 -0.000698851866 1)
(0.9548027376 -0.002340713357 1)
(0.954545937 -0.003982574848 1)
(0.9542891363 -0.005624436339 1)
(0.9540323356 -0.00726629783 1)
(0.953775535 -0.008908159321 1)
(0.9535187343 -0.01055002081 1)
(0.959915856 0.008323730269 1)
(0.9596602835 0.006732699823 1)
(0.9594047109 0.005141669378 1)
(0.9591491384 0.003550638932 1)
(0.9588935658 0.001959608487 1)
(0.9586379933 0.0003685780411 1)
(0.9583824208 -0.001222452404 1)
(0.9581268482 -0.00281348285 1)
(0.9578712757 -0.004404513295 1)
(0.9576157031 -0.005995543741 1)
(0.9573601306 -0.007586574186 1)
(0.957104558 -0.009177604632 1)
(0.9568489855 -0.01076863508 1)
(0.9632312133 0.007492338863 1)
(0.9629767123 0.005949334869 1)
(0.9627222114 0.004406330875 1)
(0.9624677104 0.002863326881 1)
(0.9622132094 0.001320322886 1)
(0.9619587085 -0.0002226811077 1)
(0.9617042075 -0.001765685102 1)
(0.9614497065 -0.003308689096 1)
(0.9611952056 -0.00485169309 1)
(0.9609407046 -0.006394697084 1)
(0.9606862036 -0.007937701078 1)
(0.9604317027 -0.009480705073 1)
(0.9601772017 -0.01102370907 1)
(0.9665463392 0.006657609439 1)
(0.9662926784 0.005159293877 1)
(0.9660390176 0.003660978316 1)
(0.9657853568 0.002162662754 1)
(0.965531696 0.0006643471926 1)
(0.9652780352 -0.0008339683688 1)
(0.9650243744 -0.00233228393 1)
(0.9647707136 -0.003830599492 1)
(0.9645170528 -0.005328915053 1)
(0.964263392 -0.006827230615 1)
(0.9640097312 -0.008325546176 1)
(0.9637560704 -0.009823861738 1)
(0.9635024096 -0.0113221773 1)
(0.9698612568 0.005820330677 1)
(0.9696082278 0.00436415421 1)
(0.9693551989 0.002907977744 1)
(0.9691021699 0.001451801278 1)
(0.968849141 -4.375188101e-06 1)
(0.968596112 -0.001460551654 1)
(0.9683430831 -0.00291672812 1)
(0.9680900541 -0.004372904587 1)
(0.9678370252 -0.005829081053 1)
(0.9675839962 -0.007285257519 1)
(0.9673309673 -0.008741433985 1)
(0.9670779383 -0.01019761045 1)
(0.9668249094 -0.01165378692 1)
(0.9731759214 0.004980329275 1)
(0.9729232713 0.003563569265 1)
(0.9726706212 0.002146809255 1)
(0.9724179711 0.0007300492444 1)
(0.972165321 -0.0006867107659 1)
(0.971912671 -0.002103470776 1)
(0.9716600209 -0.003520230787 1)
(0.9714073708 -0.004936990797 1)
(0.9711547207 -0.006353750807 1)
(0.9709020707 -0.007770510818 1)
(0.9706494206 -0.009187270828 1)
(0.9703967705 -0.01060403084 1)
(0.9701441204 -0.01202079085 1)
(0.9764903084 0.004137666048 1)
(0.9762377597 0.002757660668 1)
(0.975985211 0.001377655288 1)
(0.9757326623 -2.350091857e-06 1)
(0.9754801136 -0.001382355472 1)
(0.9752275649 -0.002762360852 1)
(0.9749750162 -0.004142366232 1)
(0.9747224675 -0.005522371612 1)
(0.9744699188 -0.006902376992 1)
(0.9742173702 -0.008282382373 1)
(0.9739648215 -0.009662387753 1)
(0.9737122728 -0.01104239313 1)
(0.9734597241 -0.01242239851 1)
(0.9798044243 0.003292648678 1)
(0.9795517057 0.001947043785 1)
(0.979298987 0.0006014388922 1)
(0.9790462684 -0.0007441660009 1)
(0.9787935498 -0.002089770894 1)
(0.9785408312 -0.003435375787 1)
(0.9782881126 -0.00478098068 1)
(0.978035394 -0.006126585573 1)
(0.9777826754 -0.007472190466 1)
(0.9775299568 -0.008817795359 1)
(0.9772772382 -0.01016340025 1)
(0.9770245196 -0.01150900515 1)
(0.976771801 -0.01285461004 1)
(0.9831182559 0.002445356292 1)
(0.9828650833 0.00113187687 1)
(0.9826119107 -0.0001816025517 1)
(0.982358738 -0.001495081974 1)
(0.9821055654 -0.002808561396 1)
(0.9818523928 -0.004122040818 1)
(0.9815992201 -0.00543552024 1)
(0.9813460475 -0.006748999662 1)
(0.9810928749 -0.008062479084 1)
(0.9808397022 -0.009375958506 1)
(0.9805865296 -0.01068943793 1)
(0.9803333569 -0.01200291735 1)
(0.9800801843 -0.01331639677 1)
(0.9864317599 0.001595638524 1)
(0.9861778056 0.0003118591916 1)
(0.9859238513 -0.0009719201412 1)
(0.9856698969 -0.002255699474 1)
(0.9854159426 -0.003539478807 1)
(0.9851619882 -0.00482325814 1)
(0.9849080339 -0.006107037472 1)
(0.9846540795 -0.007390816805 1)
(0.9844001252 -0.008674596138 1)
(0.9841461709 -0.009958375471 1)
(0.9838922165 -0.0112421548 1)
(0.9836382622 -0.01252593414 1)
(0.9833843078 -0.01380971347 1)
(1.117193878 0.001288265306 1)
(1.120102041 0.002397959184 1)
(1.123010204 0.003507653061 1)
(1.125918367 0.004617346939 1)
(1.107198544 -0.03492596112 1)
(1.10725423 -0.03628049367 1)
(1.107309916 -0.03763502621 1)
(1.107365603 -0.03898955876 1)
(1.107421289 -0.04034409131 1)
(1.107476976 -0.04169862386 1)
(1.107532662 -0.04305315641 1)
(1.107588349 -0.04440768895 1)
(1.107644035 -0.0457622215 1)
(1.107699722 -0.04711675405 1)
(1.107755408 -0.0484712866 1)
(1.107811094 -0.04982581914 1)
(1.107866781 -0.05118035169 1)
(1.114370193 -0.03848026011 1)
(1.114454672 -0.03981766309 1)
(1.114539151 -0.04115506606 1)
(1.11462363 -0.04249246903 1)
(1.114708108 -0.043829872 1)
(1.114792587 -0.04516727497 1)
(1.114877066 -0.04650467795 1)
(1.114961545 -0.04784208092 1)
(1.115046024 -0.04917948389 1)
(1.115130503 -0.05051688686 1)
(1.115214982 -0.05185428983 1)
(1.11529946 -0.05319169281 1)
(1.115383939 -0.05452909578 1)
(1.109897959 -0.03357142857 1)
(1.116938776 -0.03714285714 1)
(1.112653061 -0.03357142857 1)
(1.119591837 -0.03714285714 1)
(1.115408163 -0.03357142857 1)
(1.122244898 -0.03714285714 1)
(1.118163265 -0.03357142857 1)
(1.120918367 -0.03357142857 1)
(0.9549995756 0.2893619465 1)
(0.945713437 0.2701524644 1)
(0.9683835084 0.2865355029 1)
(0.958909874 0.26735672 1)
(0.9494362395 0.2481779372 1)
(0.9817671148 0.2837075931 1)
(0.9721056582 0.2645580434 1)
(0.9624442016 0.2454084937 1)
(0.952782745 0.226258944 1)
(0.9951505428 0.2808788875 1)
(0.9853010856 0.2617577751 1)
(0.9754516285 0.2426366626 1)
(0.9656021713 0.2235155501 1)
(0.9557527141 0.2043944377 1)
(0.9459032569 0.1852733252 1)
(1.00853392 0.2780499573 1)
(0.998496412 0.2589570574 1)
(0.9884589037 0.2398641576 1)
(0.9784213954 0.2207712577 1)
(0.9683838871 0.2016783578 1)
(0.9583463788 0.182585458 1)
(0.9483088705 0.1634925581 1)
(1.021917014 0.2752197735 1)
(1.011691171 0.2561538327 1)
(1.001465328 0.2370878919 1)
(0.9912394855 0.2180219511 1)
(0.9810136426 0.1989560104 1)
(0.9707877997 0.1798900696 1)
(0.9605619568 0.1608241288 1)
(0.9503361139 0.141758188 1)
(1.035299369 0.272386363 1)
(1.024884452 0.2533441546 1)
(1.014469535 0.2343019463 1)
(1.004054618 0.2152597379 1)
(0.9936397006 0.1962175295 1)
(0.9832247836 0.1771753211 1)
(0.9728098665 0.1581331127 1)
(0.9623949495 0.1390909043 1)
(0.9519800325 0.1200486959 1)
(1.048681172 0.2695505795 1)
(1.038076629 0.2505297304 1)
(1.027472087 0.2315088814 1)
(1.016867544 0.2124880323 1)
(1.006263001 0.1934671833 1)
(0.9956584589 0.1744463342 1)
(0.9850539163 0.1554254851 1)
(0.9744493737 0.1364046361 1)
(0.9638448312 0.117383787 1)
(0.9532402886 0.09836293795 1)
(1.062064391 0.2667209779 1)
(1.051271639 0.24772767 1)
(1.040478886 0.2287343622 1)
(1.029686134 0.2097410543 1)
(1.018893382 0.1907477464 1)
(1.00810063 0.1717544386 1)
(0.9973078777 0.1527611307 1)
(0.9865151255 0.1337678229 1)
(0.9757223733 0.114774515 1)
(0.9649296211 0.09578120717 1)
(0.954136869 0.07678789932 1)
(1.07544936 0.2638993933 1)
(1.064470149 0.2449416437 1)
(1.053490938 0.2259838941 1)
(1.042511726 0.2070261445 1)
(1.031532515 0.1880683949 1)
(1.020553304 0.1691106453 1)
(1.009574092 0.1501528957 1)
(0.9985948811 0.1311951461 1)
(0.9876156698 0.1122373965 1)
(0.9766364585 0.09327964688 1)
(0.9656572472 0.07432189728 1)
(0.9546780359 0.05536414768 1)
(0.9965306122 4.665510204 1)
(0.9909183673 4.331020408 1)
(0.9853061224 3.996530612 1)
(0.9796938776 3.662040816 1)
(0.9740816327 3.32755102 1)
(0.9684693878 2.993061224 1)
(0.9628571429 2.658571429 1)
(0.957244898 2.324081633 1)
(0.9516326531 1.989591837 1)
(0.9460204082 1.655102041 1)
(0.9404081633 1.320612245 1)
(1.083061224 4.665306122 1)
(1.071836735 4.330612245 1)
(1.060612245 3.995918367 1)
(1.049387755 3.66122449 1)
(1.038163265 3.326530612 1)
(1.026938776 2.991836735 1)
(1.015714286 2.657142857 1)
(1.004489796 2.32244898 1)
(0.9932653061 1.987755102 1)
(0.9820408163 1.653061224 1)
(0.9708163265 1.318367347 1)
(0.9595918367 0.9836734694 1)
(0.9483673469 0.6489795918 1)
(1.152755102 4.330204082 1)
(1.135918367 3.995306122 1)
(1.119081633 3.660408163 1)
(1.102244898 3.325510204 1)
(1.085408163 2.990612245 1)
(1.068571429 2.655714286 1)
(1.051734694 2.320816327 1)
(1.034897959 1.985918367 1)
(1.018061224 1.651020408 1)
(1.00122449 1.316122449 1)
(0.9843877551 0.9812244898 1)
(0.9675510204 0.6463265306 1)
(1.143877551 2.989387755 1)
(1.121428571 2.654285714 1)
(1.098979592 2.319183673 1)
(1.076530612 1.984081633 1)
(1.054081633 1.648979592 1)
(1.031632653 1.313877551 1)
(1.009183673 0.9787755102 1)
(0.9867346939 0.6436734694 1)
(1.14622449 2.31755102 1)
(1.118163265 1.982244898 1)
(1.090102041 1.646938776 1)
(1.062040816 1.311632653 1)
(1.033979592 0.9763265306 1)
(1.005918367 0.6410204082 1)
(1.126122449 1.644897959 1)
(1.09244898 1.309387755 1)
(1.05877551 0.973877551 1)
(1.025102041 0.6383673469 1)
(1.122857143 1.307142857 1)
(1.083571429 0.9714285714 1)
(1.044285714 0.6357142857 1)
(1.108367347 0.9689795918 1)
(1.063469388 0.6330612245 1)
(1.133163265 0.9665306122 1)
(1.082653061 0.6304081633 1)
(1.101836735 0.627755102 1)
(1.121020408 0.6251020408 1)
(1.140204082 0.6224489796 1)
(1.159387755 0.6197959184 1)
(1.115609641 -0.08502863364 1)
(1.11528802 -0.0982681893 1)
(1.114966399 -0.111507745 1)
(1.114644778 -0.1247473006 1)
(1.114323158 -0.1379868563 1)
(1.114001537 -0.1512264119 1)
(1.113679916 -0.1644659676 1)
(1.113358296 -0.1777055232 1)
(1.113036675 -0.1909450789 1)
(1.112715054 -0.2041846345 1)
(1.112393434 -0.2174241902 1)
(1.112071813 -0.2306637458 1)
(1.111750192 -0.2439033015 1)
(1.093555118 -0.07959612987 1)
(1.093226702 -0.09358324076 1)
(1.092898287 -0.1075703516 1)
(1.092569871 -0.1215574625 1)
(1.092241455 -0.1355445734 1)
(1.09191304 -0.1495316843 1)
(1.091584624 -0.1635187952 1)
(1.091256208 -0.1775059061 1)
(1.090927793 -0.191493017 1)
(1.090599377 -0.2054801279 1)
(1.090270961 -0.2194672388 1)
(1.089942546 -0.2334543497 1)
(1.08961413 -0.2474414605 1)
(1.071321235 -0.0748466709 1)
(1.070999821 -0.08952879512 1)
(1.070678408 -0.1042109193 1)
(1.070356994 -0.1188930436 1)
(1.07003558 -0.1335751678 1)
(1.069714167 -0.148257292 1)
(1.069392753 -0.1629394162 1)
(1.069071339 -0.1776215404 1)
(1.068749926 -0.1923036646 1)
(1.068428512 -0.2069857888 1)
(1.068107098 -0.2216679131 1)
(1.067785684 -0.2363500373 1)
(1.067464271 -0.2510321615 1)
(1.048952873 -0.07068140135 1)
(1.048648806 -0.08601360125 1)
(1.048344739 -0.1013458011 1)
(1.048040671 -0.116678001 1)
(1.047736604 -0.1320102009 1)
(1.047432537 -0.1473424008 1)
(1.04712847 -0.1626746007 1)
(1.046824403 -0.1780068006 1)
(1.046520336 -0.1933390005 1)
(1.046216269 -0.2086712004 1)
(1.045912201 -0.2240034003 1)
(1.045608134 -0.2393356002 1)
(1.045304067 -0.2546678001 1)
(1.026481724 -0.0670226337 1)
(1.02620291 -0.08296594759 1)
(1.025924096 -0.09890926148 1)
(1.025645282 -0.1148525754 1)
(1.025366468 -0.1307958893 1)
(1.025087654 -0.1467392032 1)
(1.02480884 -0.162682517 1)
(1.024530026 -0.1786258309 1)
(1.024251213 -0.1945691448 1)
(1.023972399 -0.2105124587 1)
(1.023693585 -0.2264557726 1)
(1.023414771 -0.2423990865 1)
(1.023135957 -0.2583424004 1)
(1.00393537 -0.06378222831 1)
(1.003687594 -0.08030447448 1)
(1.003439818 -0.09682672066 1)
(1.003192043 -0.1133489668 1)
(1.002944267 -0.129871213 1)
(1.002696491 -0.1463934592 1)
(1.002448716 -0.1629157054 1)
(1.00220094 -0.1794379515 1)
(1.001953164 -0.1959601977 1)
(1.001705389 -0.2124824439 1)
(1.001457613 -0.22900469 1)
(1.001209837 -0.2455269362 1)
(1.000962061 -0.2620491824 1)
(0.9813347302 -0.06087845625 1)
(0.9811221686 -0.07795373983 1)
(0.9809096069 -0.09502902342 1)
(0.9806970452 -0.112104307 1)
(0.9804844836 -0.1291795906 1)
(0.9802719219 -0.1462548742 1)
(0.9800593602 -0.1633301578 1)
(0.9798467986 -0.1804054413 1)
(0.9796342369 -0.1974807249 1)
(0.9794216752 -0.2145560085 1)
(0.9792091136 -0.2316312921 1)
(0.9789965519 -0.2487065757 1)
(0.9787839902 -0.2657818593 1)
(0.9586996625 -0.058208052 1)
(0.9585249632 -0.07581842162 1)
(0.9583502639 -0.09342879125 1)
(0.9581755646 -0.1110391609 1)
(0.9580008652 -0.1286495305 1)
(0.9578261659 -0.1462599001 1)
(0.9576514666 -0.1638702698 1)
(0.9574767673 -0.1814806394 1)
(0.957302068 -0.199091009 1)
(0.9571273687 -0.2167013786 1)
(0.9569526694 -0.2343117483 1)
(0.9567779701 -0.2519221179 1)
(0.9566032707 -0.2695324875 1)
(0.9572142857 -4.664285714 1)
(0.9568571429 -4.328571429 1)
(0.9648571429 -4.664285714 1)
(0.9560714286 -3.992857143 1)
(0.9642857143 -4.328571429 1)
(0.9725 -4.664285714 1)
(0.9548571429 -3.657142857 1)
(0.9632857143 -3.992857143 1)
(0.9717142857 -4.328571429 1)
(0.9801428571 -4.664285714 1)
(0.9532142857 -3.321428571 1)
(0.9618571429 -3.657142857 1)
(0.9705 -3.992857143 1)
(0.9791428571 -4.328571429 1)
(0.9877857143 -4.664285714 1)
(0.9511428571 -2.985714286 1)
(0.96 -3.321428571 1)
(0.9688571429 -3.657142857 1)
(0.9777142857 -3.992857143 1)
(0.9865714286 -4.328571429 1)
(0.9954285714 -4.664285714 1)
(0.9577142857 -2.985714286 1)
(0.9667857143 -3.321428571 1)
(0.9758571429 -3.657142857 1)
(0.9849285714 -3.992857143 1)
(0.994 -4.328571429 1)
(1.003071429 -4.664285714 1)
(1.028877551 -4.663979592 1)
(1.019897959 -4.327959184 1)
(1.010918367 -3.991938776 1)
(1.001938776 -3.655918367 1)
(0.9929591837 -3.319897959 1)
(0.9839795918 -2.983877551 1)
(0.975 -2.647857143 1)
(0.9660204082 -2.311836735 1)
(0.9570408163 -1.975816327 1)
(0.9480612245 -1.639795918 1)
(1.047040816 -4.663673469 1)
(1.038367347 -4.327346939 1)
(1.029693878 -3.991020408 1)
(1.021020408 -3.654693878 1)
(1.012346939 -3.318367347 1)
(1.003673469 -2.982040816 1)
(0.995 -2.645714286 1)
(0.9863265306 -2.309387755 1)
(0.9776530612 -1.973061224 1)
(0.9689795918 -1.636734694 1)
(0.9603061224 -1.300408163 1)
(0.9516326531 -0.9640816327 1)
(0.9429591837 -0.627755102 1)
(1.065204082 -4.663367347 1)
(1.056836735 -4.326734694 1)
(1.048469388 -3.990102041 1)
(1.040102041 -3.653469388 1)
(1.031734694 -3.316836735 1)
(1.023367347 -2.980204082 1)
(1.015 -2.643571429 1)
(1.006632653 -2.306938776 1)
(0.9982653061 -1.970306122 1)
(0.9898979592 -1.633673469 1)
(0.9815306122 -1.297040816 1)
(0.9731632653 -0.9604081633 1)
(0.9647959184 -0.6237755102 1)
(1.083367347 -4.663061224 1)
(1.075306122 -4.326122449 1)
(1.067244898 -3.989183673 1)
(1.059183673 -3.652244898 1)
(1.051122449 -3.315306122 1)
(1.043061224 -2.978367347 1)
(1.035 -2.641428571 1)
(1.026938776 -2.304489796 1)
(1.018877551 -1.96755102 1)
(1.010816327 -1.630612245 1)
(1.002755102 -1.293673469 1)
(0.9946938776 -0.9567346939 1)
(0.9866326531 -0.6197959184 1)
(1.101530612 -4.662755102 1)
(1.09377551 -4.325510204 1)
(1.086020408 -3.988265306 1)
(1.078265306 -3.651020408 1)
(1.070510204 -3.31377551 1)
(1.062755102 -2.976530612 1)
(1.055 -2.639285714 1)
(1.047244898 -2.302040816 1)
(1.039489796 -1.964795918 1)
(1.031734694 -1.62755102 1)
(1.023979592 -1.290306122 1)
(1.01622449 -0.9530612245 1)
(1.008469388 -0.6158163265 1)
(1.119693878 -4.66244898 1)
(1.112244898 -4.324897959 1)
(1.104795918 -3.987346939 1)
(1.097346939 -3.649795918 1)
(1.089897959 -3.312244898 1)
(1.08244898 -2.974693878 1)
(1.075 -2.637142857 1)
(1.06755102 -2.299591837 1)
(1.060102041 -1.962040816 1)
(1.052653061 -1.624489796 1)
(1.045204082 -1.286938776 1)
(1.037755102 -0.9493877551 1)
(1.030306122 -0.6118367347 1)
(1.130714286 -4.324285714 1)
(1.123571429 -3.986428571 1)
(1.116428571 -3.648571429 1)
(1.109285714 -3.310714286 1)
(1.102142857 -2.972857143 1)
(1.095 -2.635 1)
(1.087857143 -2.297142857 1)
(1.080714286 -1.959285714 1)
(1.073571429 -1.621428571 1)
(1.066428571 -1.283571429 1)
(1.059285714 -0.9457142857 1)
(1.052142857 -0.6078571429 1)
(1.128673469 -3.309183673 1)
(1.121836735 -2.971020408 1)
(1.115 -2.632857143 1)
(1.108163265 -2.294693878 1)
(1.101326531 -1.956530612 1)
(1.094489796 -1.618367347 1)
(1.087653061 -1.280204082 1)
(1.080816327 -0.9420408163 1)
(1.073979592 -0.603877551 1)
(1.128469388 -2.292244898 1)
(1.121938776 -1.95377551 1)
(1.115408163 -1.615306122 1)
(1.108877551 -1.276836735 1)
(1.102346939 -0.9383673469 1)
(1.095816327 -0.5998979592 1)
(1.130102041 -1.273469388 1)
(1.123877551 -0.9346938776 1)
(1.117653061 -0.5959183673 1)
)


// ************************************************************************* //
