/*--------------------------------*- C++ -*----------------------------------*\
| =========                 |                                                 |
| \\      /  F ield         | OpenFOAM: The Open Source CFD Toolbox           |
|  \\    /   O peration     | Version:  2206                                  |
|   \\  /    A nd           | Website:  www.openfoam.com                      |
|    \\/     M anipulation  |                                                 |
\*---------------------------------------------------------------------------*/
FoamFile
{
    version     2.0;
    format      ascii;
    arch        "LSB;label=32;scalar=64";
    note        "nPoints:3104  nCells:1396  nFaces:5739  nInternalFaces:2637";
    class       labelList;
    location    "constant/polyMesh";
    object      neighbour;
}
// * * * * * * * * * * * * * * * * * * * * * * * * * * * * * * * * * * * * * //


2637
(
1
14
2
15
3
16
4
17
5
18
6
19
7
20
8
21
9
22
10
23
11
24
12
25
13
26
27
1354
15
28
16
29
17
30
18
31
19
32
20
33
21
34
22
35
23
36
24
37
25
38
26
39
27
40
41
1353
29
42
30
43
31
44
32
45
33
46
34
47
35
48
36
49
37
50
38
51
39
52
40
53
41
54
55
1352
43
56
44
57
45
58
46
59
47
60
48
61
49
62
50
63
51
64
52
65
53
66
54
67
55
68
69
1351
57
70
58
71
59
72
60
73
61
74
62
75
63
76
64
77
65
78
66
79
67
80
68
81
69
82
83
1350
71
84
72
85
73
86
74
87
75
88
76
89
77
90
78
91
79
92
80
93
81
94
82
95
83
96
97
1349
85
86
87
324
88
325
89
326
90
327
91
328
92
329
93
330
94
331
95
332
96
333
97
334
335
1348
99
101
142
100
102
141
103
102
104
103
105
106
105
107
106
108
109
108
110
109
111
112
111
113
112
114
115
114
116
115
117
118
117
119
118
120
121
120
122
121
123
124
123
125
124
126
127
126
128
127
129
130
129
131
130
132
133
132
134
133
135
136
135
137
136
138
139
138
143
139
157
140
171
185
142
323
144
157
522
145
158
508
146
159
494
147
160
480
148
161
466
149
162
452
150
163
438
151
164
424
152
165
410
153
166
396
154
167
382
155
168
368
156
169
354
170
340
158
171
159
172
160
173
161
174
162
175
163
176
164
177
165
178
166
179
167
180
168
181
169
182
170
183
184
172
185
173
186
174
187
175
188
176
189
177
190
178
191
179
192
180
193
181
194
182
195
183
196
184
197
198
186
187
188
189
190
191
192
193
194
195
196
197
198
199
201
214
335
1348
202
215
1355
203
216
1361
204
217
1367
205
218
1372
206
219
1377
207
220
1381
208
221
1385
209
222
1388
210
223
1391
211
224
1393
212
225
1395
213
226
227
215
228
338
216
229
217
230
218
231
219
232
220
233
221
234
222
235
223
236
224
237
225
238
226
239
227
240
241
229
242
339
230
243
231
244
232
245
233
246
234
247
235
248
236
249
237
250
238
251
239
252
240
253
241
254
255
243
244
245
256
246
257
247
258
248
259
249
260
250
261
251
262
252
263
253
264
254
265
255
266
267
257
258
268
259
269
260
270
261
271
262
272
263
273
264
274
265
275
266
276
267
277
278
269
270
279
271
280
272
281
273
282
274
283
275
284
276
285
277
286
278
287
288
280
281
282
289
283
290
284
291
285
292
286
293
287
294
288
295
296
290
291
297
292
298
293
299
294
300
295
301
296
302
303
298
299
304
300
305
301
306
302
307
303
308
309
305
306
310
307
311
308
312
309
313
314
311
312
315
313
316
314
317
318
316
317
319
318
320
321
320
321
322
323
323
325
326
327
328
329
330
331
332
333
334
336
335
337
338
337
338
339
341
354
342
355
343
356
344
357
345
358
346
359
347
360
348
361
349
362
350
363
351
364
352
365
353
366
367
718
355
368
356
369
357
370
358
371
359
372
360
373
361
374
362
375
363
376
364
377
365
378
366
379
367
380
381
719
369
382
370
383
371
384
372
385
373
386
374
387
375
388
376
389
377
390
378
391
379
392
380
393
381
394
395
720
383
396
384
397
385
398
386
399
387
400
388
401
389
402
390
403
391
404
392
405
393
406
394
407
395
408
409
721
397
410
398
411
399
412
400
413
401
414
402
415
403
416
404
417
405
418
406
419
407
420
408
421
409
422
423
722
411
424
412
425
413
426
414
427
415
428
416
429
417
430
418
431
419
432
420
433
421
434
422
435
423
436
437
723
425
438
426
439
427
440
428
441
429
442
430
443
431
444
432
445
433
446
434
447
435
448
436
449
437
450
451
724
439
452
440
453
441
454
442
455
443
456
444
457
445
458
446
459
447
460
448
461
449
462
450
463
451
464
465
725
453
466
454
467
455
468
456
469
457
470
458
471
459
472
460
473
461
474
462
475
463
476
464
477
465
478
479
726
467
480
468
481
469
482
470
483
471
484
472
485
473
486
474
487
475
488
476
489
477
490
478
491
479
492
493
727
481
494
482
495
483
496
484
497
485
498
486
499
487
500
488
501
489
502
490
503
491
504
492
505
493
506
507
728
495
508
496
509
497
510
498
511
499
512
500
513
501
514
502
515
503
516
504
517
505
518
506
519
507
520
521
729
509
522
510
523
511
524
512
525
513
526
514
527
515
528
516
529
517
530
518
531
519
532
520
533
521
534
535
730
523
524
525
526
527
528
529
530
531
532
533
534
535
731
537
550
732
538
551
733
539
552
734
540
553
735
541
554
736
542
555
737
543
556
738
544
557
739
545
558
740
546
559
741
547
560
742
548
561
743
549
562
744
563
745
551
564
552
565
553
566
554
567
555
568
556
569
557
570
558
571
559
572
560
573
561
574
562
575
563
576
577
565
578
566
579
567
580
568
581
569
582
570
583
571
584
572
585
573
586
574
587
575
588
576
589
577
590
591
579
592
580
593
581
594
582
595
583
596
584
597
585
598
586
599
587
600
588
601
589
602
590
603
591
604
605
593
606
594
607
595
608
596
609
597
610
598
611
599
612
600
613
601
614
602
615
603
616
604
617
605
618
619
607
620
608
621
609
622
610
623
611
624
612
625
613
626
614
627
615
628
616
629
617
630
618
631
619
632
633
621
634
622
635
623
636
624
637
625
638
626
639
627
640
628
641
629
642
630
643
631
644
632
645
633
646
647
635
648
636
649
637
650
638
651
639
652
640
653
641
654
642
655
643
656
644
657
645
658
646
659
647
660
661
649
662
650
663
651
664
652
665
653
666
654
667
655
668
656
669
657
670
658
671
659
672
660
673
661
674
675
663
676
664
677
665
678
666
679
667
680
668
681
669
682
670
683
671
684
672
685
673
686
674
687
675
688
689
677
690
678
691
679
692
680
693
681
694
682
695
683
696
684
697
685
698
686
699
687
700
688
701
689
702
703
691
704
692
705
693
706
694
707
695
708
696
709
697
710
698
711
699
712
700
713
701
714
702
715
703
716
717
705
718
706
719
707
720
708
721
709
722
710
723
711
724
712
725
713
726
714
727
715
728
716
729
717
730
731
719
720
721
722
723
724
725
726
727
728
729
730
731
733
746
956
734
747
735
748
736
749
737
750
738
751
739
752
740
753
741
754
742
755
743
756
744
757
745
758
759
1292
747
760
957
748
761
749
762
750
763
751
764
752
765
753
766
754
767
755
768
756
769
757
770
758
771
759
772
773
1296
761
774
958
762
775
763
776
764
777
765
778
766
779
767
780
768
781
769
782
770
783
771
784
772
785
773
786
787
1300
775
788
959
776
789
777
790
778
791
779
792
780
793
781
794
782
795
783
796
784
797
785
798
786
799
787
800
801
1304
789
802
960
790
803
791
804
792
805
793
806
794
807
795
808
796
809
797
810
798
811
799
812
800
813
801
814
815
1308
803
816
961
804
817
805
818
806
819
807
820
808
821
809
822
810
823
811
824
812
825
813
826
814
827
815
828
829
1312
817
830
962
818
831
819
832
820
833
821
834
822
835
823
836
824
837
825
838
826
839
827
840
828
841
829
842
843
1316
831
844
963
832
845
833
846
834
847
835
848
836
849
837
850
838
851
839
852
840
853
841
854
842
855
843
856
857
1320
845
858
964
846
859
847
860
848
861
849
862
850
863
851
864
852
865
853
866
854
867
855
868
856
869
857
870
871
1324
859
872
965
860
873
861
874
862
875
863
876
864
877
865
878
866
879
867
880
868
881
869
882
870
883
871
884
885
1328
873
886
966
874
887
875
888
876
889
877
890
878
891
879
892
880
893
881
894
882
895
883
896
884
897
885
898
899
1332
887
900
967
888
901
889
902
890
903
891
904
892
905
893
906
894
907
895
908
896
909
897
910
898
911
899
912
913
1336
901
914
968
902
915
903
916
904
917
905
918
906
919
907
920
908
921
909
922
910
923
911
924
912
925
913
926
927
1340
915
969
1273
916
1265
917
1256
918
1246
919
1235
920
1223
921
1210
922
1196
923
1182
924
1168
925
1154
926
1140
927
1126
1112
1344
929
942
930
943
931
944
932
945
933
946
934
947
935
948
936
949
937
950
938
951
939
952
940
953
941
954
955
1291
943
956
944
957
945
958
946
959
947
960
948
961
949
962
950
963
951
964
952
965
953
966
954
967
955
968
969
1290
957
958
959
960
961
962
963
964
965
966
967
968
969
1286
971
972
973
973
976
974
977
975
978
979
977
981
978
982
979
983
980
984
985
982
988
983
989
984
990
985
991
986
992
987
993
994
989
996
990
997
991
998
992
999
993
1000
994
1001
995
1002
1003
997
1006
998
1007
999
1008
1000
1009
1001
1010
1002
1011
1003
1012
1004
1013
1005
1014
1015
1007
1017
1008
1018
1009
1019
1010
1020
1011
1021
1012
1022
1013
1023
1014
1024
1015
1025
1016
1026
1027
1018
1029
1019
1030
1020
1031
1021
1032
1022
1033
1023
1034
1024
1035
1025
1036
1026
1037
1027
1038
1028
1039
1040
1030
1042
1031
1043
1032
1044
1033
1045
1034
1046
1035
1047
1036
1048
1037
1049
1038
1050
1039
1051
1040
1052
1041
1053
1054
1043
1056
1044
1057
1045
1058
1046
1059
1047
1060
1048
1061
1049
1062
1050
1063
1051
1064
1052
1065
1053
1066
1054
1067
1055
1068
1069
1057
1070
1058
1071
1059
1072
1060
1073
1061
1074
1062
1075
1063
1076
1064
1077
1065
1078
1066
1079
1067
1080
1068
1081
1069
1082
1083
1347
1071
1084
1072
1085
1073
1086
1074
1087
1075
1088
1076
1089
1077
1090
1078
1091
1079
1092
1080
1093
1081
1094
1082
1095
1083
1096
1097
1346
1085
1098
1086
1099
1087
1100
1088
1101
1089
1102
1090
1103
1091
1104
1092
1105
1093
1106
1094
1107
1095
1108
1096
1109
1097
1110
1111
1345
1099
1125
1100
1124
1101
1123
1102
1122
1103
1121
1104
1120
1105
1119
1106
1118
1107
1117
1108
1116
1109
1115
1110
1114
1111
1113
1112
1344
1113
1126
1114
1127
1115
1128
1116
1129
1117
1130
1118
1131
1119
1132
1120
1133
1121
1134
1122
1135
1123
1136
1124
1137
1125
1138
1139
1127
1140
1128
1141
1129
1142
1130
1143
1131
1144
1132
1145
1133
1146
1134
1147
1135
1148
1136
1149
1137
1150
1138
1151
1139
1152
1153
1141
1154
1142
1155
1143
1156
1144
1157
1145
1158
1146
1159
1147
1160
1148
1161
1149
1162
1150
1163
1151
1164
1152
1165
1153
1166
1167
1155
1168
1156
1169
1157
1170
1158
1171
1159
1172
1160
1173
1161
1174
1162
1175
1163
1176
1164
1177
1165
1178
1166
1179
1167
1180
1181
1169
1182
1170
1183
1171
1184
1172
1185
1173
1186
1174
1187
1175
1188
1176
1189
1177
1190
1178
1191
1179
1192
1180
1193
1181
1194
1195
1183
1196
1184
1197
1185
1198
1186
1199
1187
1200
1188
1201
1189
1202
1190
1203
1191
1204
1192
1205
1193
1206
1194
1207
1195
1208
1209
1197
1210
1198
1211
1199
1212
1200
1213
1201
1214
1202
1215
1203
1216
1204
1217
1205
1218
1206
1219
1207
1220
1208
1221
1209
1222
1211
1223
1212
1224
1213
1225
1214
1226
1215
1227
1216
1228
1217
1229
1218
1230
1219
1231
1220
1232
1221
1233
1222
1234
1224
1235
1225
1236
1226
1237
1227
1238
1228
1239
1229
1240
1230
1241
1231
1242
1232
1243
1233
1244
1234
1245
1236
1246
1237
1247
1238
1248
1239
1249
1240
1250
1241
1251
1242
1252
1243
1253
1244
1254
1245
1255
1247
1256
1248
1257
1249
1258
1250
1259
1251
1260
1252
1261
1253
1262
1254
1263
1255
1264
1257
1265
1258
1266
1259
1267
1260
1268
1261
1269
1262
1270
1263
1271
1264
1272
1266
1273
1267
1274
1268
1275
1269
1276
1270
1277
1271
1278
1272
1279
1280
1274
1286
1275
1285
1276
1284
1277
1283
1278
1282
1279
1281
1280
1282
1283
1284
1287
1285
1288
1286
1289
1290
1288
1289
1290
1291
1293
1296
1294
1297
1295
1298
1299
1297
1300
1298
1301
1299
1302
1303
1301
1304
1302
1305
1303
1306
1307
1305
1308
1306
1309
1307
1310
1311
1309
1312
1310
1313
1311
1314
1315
1313
1316
1314
1317
1315
1318
1319
1317
1320
1318
1321
1319
1322
1323
1321
1324
1322
1325
1323
1326
1327
1325
1328
1326
1329
1327
1330
1331
1329
1332
1330
1333
1331
1334
1335
1333
1336
1334
1337
1335
1338
1339
1337
1340
1338
1341
1339
1342
1343
1341
1344
1342
1345
1343
1346
1347
1345
1346
1347
1349
1355
1350
1356
1351
1357
1352
1358
1353
1359
1354
1360
1356
1361
1357
1362
1358
1363
1359
1364
1360
1365
1366
1362
1367
1363
1368
1364
1369
1365
1370
1366
1371
1368
1372
1369
1373
1370
1374
1371
1375
1376
1373
1377
1374
1378
1375
1379
1376
1380
1378
1381
1379
1382
1380
1383
1384
1382
1385
1383
1386
1384
1387
1386
1388
1387
1389
1390
1389
1391
1390
1392
1392
1393
1394
1394
1395
)


// ************************************************************************* //
