/*--------------------------------*- C++ -*----------------------------------*\
| =========                 |                                                 |
| \\      /  F ield         | OpenFOAM: The Open Source CFD Toolbox           |
|  \\    /   O peration     | Version:  2206                                  |
|   \\  /    A nd           | Website:  www.openfoam.com                      |
|    \\/     M anipulation  |                                                 |
\*---------------------------------------------------------------------------*/
FoamFile
{
    version     2.0;
    format      ascii;
    arch        "LSB;label=32;scalar=64";
    class       vectorField;
    location    "constant/polyMesh";
    object      points;
}
// * * * * * * * * * * * * * * * * * * * * * * * * * * * * * * * * * * * * * //


3104
(
(0.9041519 0.0183353 0)
(0.8227171 0.0078857 0)
(0.7904281 0.04904574 0)
(0.9436 0.01477783 0)
(0.9436 0.01431185 0)
(0.891282 -0.03010683 0)
(0.9144941 -0.0137223 0)
(0.9399223 -0.01199524 0)
(0.91 0.32 0)
(0.822 -0.3 0)
(0.91 5 0)
(0.91 -5 0)
(0.81 -5 0)
(0.89 -0.3 0)
(0.91 5 1)
(0.91 0.32 1)
(0.9436 0.01477783 1)
(0.9436 0.01431185 1)
(0.9399223 -0.01199524 1)
(0.7904281 0.04904574 1)
(0.9041519 0.0183353 1)
(0.9144941 -0.0137223 1)
(0.891282 -0.03010683 1)
(0.8227171 0.0078857 1)
(0.89 -0.3 1)
(0.822 -0.3 1)
(0.81 -5 1)
(0.91 -5 1)
(0.8 0.34 0)
(0.8157142857 0.3371428571 0)
(0.8314285714 0.3342857143 0)
(0.8471428571 0.3314285714 0)
(0.8628571429 0.3285714286 0)
(0.8785714286 0.3257142857 0)
(0.8942857143 0.3228571429 0)
(0.9235714286 0.3171428571 0)
(0.9371428571 0.3142857143 0)
(0.9507142857 0.3114285714 0)
(0.9642857143 0.3085714286 0)
(0.9469142857 0.01343243214 0)
(0.9502285714 0.01255301429 0)
(0.9535428571 0.01167359643 0)
(0.9568571429 0.01079417857 0)
(0.91 0.6542857143 0)
(0.91 0.9885714286 0)
(0.91 1.322857143 0)
(0.91 1.657142857 0)
(0.91 1.991428571 0)
(0.91 2.325714286 0)
(0.91 2.66 0)
(0.91 2.994285714 0)
(0.91 3.328571429 0)
(0.91 3.662857143 0)
(0.91 3.997142857 0)
(0.91 4.331428571 0)
(0.91 4.665714286 0)
(0.8 5 0)
(0.8157142857 5 0)
(0.8314285714 5 0)
(0.8471428571 5 0)
(0.8628571429 5 0)
(0.8785714286 5 0)
(0.8942857143 5 0)
(0.8282857143 -0.6357142857 0)
(0.8345714286 -0.9714285714 0)
(0.8408571429 -1.307142857 0)
(0.8471428571 -1.642857143 0)
(0.8534285714 -1.978571429 0)
(0.8597142857 -2.314285714 0)
(0.866 -2.65 0)
(0.8722857143 -2.985714286 0)
(0.8785714286 -3.321428571 0)
(0.8848571429 -3.657142857 0)
(0.8911428571 -3.992857143 0)
(0.8974285714 -4.328571429 0)
(0.9037142857 -4.664285714 0)
(0.8982660884 0.01842966129 0)
(0.8923796408 0.0183962483 0)
(0.8864955114 0.01822923352 0)
(0.8806171734 0.01791969834 0)
(0.8747480969 0.01746738102 0)
(0.8688913334 0.01687646537 0)
(0.8630490922 0.0161555721 0)
(0.8572228572 0.01531459538 0)
(0.8514131955 0.01436590066 0)
(0.8456208894 0.01331673954 0)
(0.8398498321 0.01215635875 0)
(0.8341082409 0.01085805597 0)
(0.8283983977 0.009426827648 0)
(0.8168959197 0.006197405084 0)
(0.811105788 0.004405774448 0)
(0.8053240545 0.002586813299 0)
(0.7995483699 0.0007487441269 0)
(0.8014009147 0.04674031501 0)
(0.8123671699 0.04440389521 0)
(0.823326882 0.04203697177 0)
(0.8342797731 0.03963867942 0)
(0.8452262607 0.03721132583 0)
(0.8561681789 0.03476344681 0)
(0.8671075995 0.03230442545 0)
(0.8780463125 0.02984225908 0)
(0.8889810564 0.0273625433 0)
(0.8999054473 0.02483765396 0)
(0.9108221183 0.0222795417 0)
(0.9217586125 0.01980797575 0)
(0.9327196133 0.01744864849 0)
(0.9436 0.01474454571 0)
(0.9436 0.01471126143 0)
(0.9436 0.01467797714 0)
(0.9436 0.01464469286 0)
(0.9436 0.01461140857 0)
(0.9436 0.01457812429 0)
(0.9436 0.01454484 0)
(0.9436 0.01451155571 0)
(0.9436 0.01447827143 0)
(0.9436 0.01444498714 0)
(0.9436 0.01441170286 0)
(0.9436 0.01437841857 0)
(0.9436 0.01434513429 0)
(0.9407700325 0.01446933356 0)
(0.9379617033 0.01485906095 0)
(0.9351659981 0.01533343905 0)
(0.9323724562 0.01582065951 0)
(0.9295790046 0.01630834482 0)
(0.9267746441 0.01672380098 0)
(0.9239553223 0.01702713694 0)
(0.9211307104 0.01727750926 0)
(0.9183046157 0.0175108442 0)
(0.9154775194 0.01773165177 0)
(0.9126489403 0.01793238686 0)
(0.9098183917 0.01810278892 0)
(0.9069858872 0.01823691393 0)
(0.8904239485 -0.02794335241 0)
(0.8904695767 -0.02563004 0)
(0.8914056046 -0.0234896599 0)
(0.8928543994 -0.02165326036 0)
(0.8945996859 -0.02009330736 0)
(0.8965512137 -0.01879830162 0)
(0.8986346373 -0.01772560126 0)
(0.9008042719 -0.01683721045 0)
(0.9030259803 -0.01608878122 0)
(0.9052795117 -0.01544185206 0)
(0.9075616177 -0.01490390863 0)
(0.9098600882 -0.0144407105 0)
(0.9121736544 -0.01405950621 0)
(0.916301738 -0.013499201 0)
(0.9181115032 -0.01329393109 0)
(0.9199228808 -0.01310343346 0)
(0.9217366035 -0.01293679855 0)
(0.9235516894 -0.01278562767 0)
(0.9253677431 -0.01264655656 0)
(0.9271848409 -0.01252194078 0)
(0.9290029858 -0.01241367461 0)
(0.9308219627 -0.01232031917 0)
(0.9326412614 -0.01223337 0)
(0.9344605361 -0.01214595459 0)
(0.9362804681 -0.01207416443 0)
(0.9381011961 -0.01202632665 0)
(0.9432579177 -0.01197093632 0)
(0.9465935167 -0.01199695048 0)
(0.9499283954 -0.01207131158 0)
(0.9532619337 -0.0121918823 0)
(0.9565934129 -0.01235966552 0)
(0.9588743618 -0.04059768237 0)
(0.9361796045 -0.03754997795 0)
(0.9134787689 -0.03454780664 0)
(0.9401849929 -0.01011616214 0)
(0.9404476857 -0.008237084286 0)
(0.9407103786 -0.006358006429 0)
(0.9409730714 -0.004478928571 0)
(0.9412357643 -0.002599850714 0)
(0.9414984571 -0.0007207728572 0)
(0.94176115 0.001158305 0)
(0.9420238429 0.003037382857 0)
(0.9422865357 0.004916460714 0)
(0.9425492286 0.006795538571 0)
(0.9428119214 0.008674616429 0)
(0.9430746143 0.01055369429 0)
(0.9433373071 0.01243277214 0)
(0.9048906286 0.01604547143 0)
(0.9056293571 0.01375564286 0)
(0.9063680857 0.01146581429 0)
(0.9071068143 0.009175985714 0)
(0.9078455429 0.006886157143 0)
(0.9085842714 0.004596328571 0)
(0.909323 0.0023065 0)
(0.9100617286 1.667142861e-05 0)
(0.9108004571 -0.002273157143 0)
(0.9115391857 -0.004562985714 0)
(0.9122779143 -0.006852814286 0)
(0.9130166429 -0.009142642857 0)
(0.9137553714 -0.01143247143 0)
(0.90145915 0.3006461243 0)
(0.8929183 0.2812922486 0)
(0.88437745 0.2619383729 0)
(0.8758366 0.2425844971 0)
(0.86729575 0.2232306214 0)
(0.8587549 0.2038767457 0)
(0.85021405 0.18452287 0)
(0.8416732 0.1651689943 0)
(0.83313235 0.1458151186 0)
(0.8245915 0.1264612429 0)
(0.81605065 0.1071073671 0)
(0.8075098 0.08775349143 0)
(0.79896895 0.06839961571 0)
(0.9659428571 0.05266671143 0)
(0.9547714286 0.03372227071 0)
(0.9469142857 0.01443655643 0)
(0.9502285714 0.01409528286 0)
(0.9535428571 0.01375400929 0)
(0.7962857143 -0.3 0)
(0.8014285714 -0.3 0)
(0.8065714286 -0.3 0)
(0.8117142857 -0.3 0)
(0.8168571429 -0.3 0)
(0.8171428571 -5 0)
(0.8242857143 -5 0)
(0.8314285714 -5 0)
(0.8385714286 -5 0)
(0.8457142857 -5 0)
(0.8528571429 -5 0)
(0.86 -5 0)
(0.8671428571 -5 0)
(0.8742857143 -5 0)
(0.8814285714 -5 0)
(0.8885714286 -5 0)
(0.8957142857 -5 0)
(0.9028571429 -5 0)
(0.8057142857 -4.664285714 0)
(0.8014285714 -4.328571429 0)
(0.8863845071 -0.02739307786 0)
(0.8814870143 -0.02467932571 0)
(0.8765895214 -0.02196557357 0)
(0.8716920286 -0.01925182143 0)
(0.8667945357 -0.01653806929 0)
(0.8618970429 -0.01382431714 0)
(0.85699955 -0.011110565 0)
(0.8521020571 -0.008396812857 0)
(0.8472045643 -0.005683060714 0)
(0.8423070714 -0.002969308571 0)
(0.8374095786 -0.0002555564286 0)
(0.8325120857 0.002458195714 0)
(0.8276145929 0.005171947857 0)
(0.8226658786 -0.01410613571 0)
(0.8226146571 -0.03609797143 0)
(0.8225634357 -0.05808980714 0)
(0.8225122143 -0.08008164286 0)
(0.8224609929 -0.1020734786 0)
(0.8224097714 -0.1240653143 0)
(0.82235855 -0.14605715 0)
(0.8223073286 -0.1680489857 0)
(0.8222561071 -0.1900408214 0)
(0.8222048857 -0.2120326571 0)
(0.8221536643 -0.2340244929 0)
(0.8221024429 -0.2560163286 0)
(0.8220512214 -0.2780081643 0)
(0.8911904286 -0.04938491357 0)
(0.8910988571 -0.06866299714 0)
(0.8910072857 -0.08794108071 0)
(0.8909157143 -0.1072191643 0)
(0.8908241429 -0.1264972479 0)
(0.8907325714 -0.1457753314 0)
(0.890641 -0.165053415 0)
(0.8905494286 -0.1843314986 0)
(0.8904578571 -0.2036095821 0)
(0.8903662857 -0.2228876657 0)
(0.8902747143 -0.2421657493 0)
(0.8901831429 -0.2614438329 0)
(0.8900915714 -0.2807219164 0)
(0.9642857143 -2.985714286 0)
(0.955 -2.65 0)
(0.9457142857 -2.314285714 0)
(0.9364285714 -1.978571429 0)
(0.9271428571 -1.642857143 0)
(0.9178571429 -1.307142857 0)
(0.9085714286 -0.9714285714 0)
(0.8992857143 -0.6357142857 0)
(0.8268571429 -0.3 0)
(0.8317142857 -0.3 0)
(0.8365714286 -0.3 0)
(0.8414285714 -0.3 0)
(0.8462857143 -0.3 0)
(0.8511428571 -0.3 0)
(0.856 -0.3 0)
(0.8608571429 -0.3 0)
(0.8657142857 -0.3 0)
(0.8705714286 -0.3 0)
(0.8754285714 -0.3 0)
(0.8802857143 -0.3 0)
(0.8851428571 -0.3 0)
(0.9121428571 -0.2957142857 0)
(0.9342857143 -0.2914285714 0)
(0.9564285714 -0.2871428571 0)
(0.9178571429 -5 0)
(0.9257142857 -5 0)
(0.9335714286 -5 0)
(0.9414285714 -5 0)
(0.9492857143 -5 0)
(0.9571428571 -5 0)
(0.965 -5 0)
(0.8 5 1)
(0.8157142857 5 1)
(0.8314285714 5 1)
(0.8471428571 5 1)
(0.8628571429 5 1)
(0.8785714286 5 1)
(0.8942857143 5 1)
(0.91 4.665714286 1)
(0.91 4.331428571 1)
(0.91 3.997142857 1)
(0.91 3.662857143 1)
(0.91 3.328571429 1)
(0.91 2.994285714 1)
(0.91 2.66 1)
(0.91 2.325714286 1)
(0.91 1.991428571 1)
(0.91 1.657142857 1)
(0.91 1.322857143 1)
(0.91 0.9885714286 1)
(0.91 0.6542857143 1)
(0.8942857143 0.3228571429 1)
(0.8785714286 0.3257142857 1)
(0.8628571429 0.3285714286 1)
(0.8471428571 0.3314285714 1)
(0.8314285714 0.3342857143 1)
(0.8157142857 0.3371428571 1)
(0.8 0.34 1)
(0.9436 0.01474454571 1)
(0.9436 0.01471126143 1)
(0.9436 0.01467797714 1)
(0.9436 0.01464469286 1)
(0.9436 0.01461140857 1)
(0.9436 0.01457812429 1)
(0.9436 0.01454484 1)
(0.9436 0.01451155571 1)
(0.9436 0.01447827143 1)
(0.9436 0.01444498714 1)
(0.9436 0.01441170286 1)
(0.9436 0.01437841857 1)
(0.9436 0.01434513429 1)
(0.9469142857 0.01343243214 1)
(0.9502285714 0.01255301429 1)
(0.9535428571 0.01167359643 1)
(0.9568571429 0.01079417857 1)
(0.9535428571 0.01375400929 1)
(0.9502285714 0.01409528286 1)
(0.9469142857 0.01443655643 1)
(0.9547714286 0.03372227071 1)
(0.9659428571 0.05266671143 1)
(0.9565934129 -0.01235966552 1)
(0.9532619337 -0.0121918823 1)
(0.9499283954 -0.01207131158 1)
(0.9465935167 -0.01199695048 1)
(0.9432579177 -0.01197093632 1)
(0.9401849929 -0.01011616214 1)
(0.9404476857 -0.008237084286 1)
(0.9407103786 -0.006358006429 1)
(0.9409730714 -0.004478928571 1)
(0.9412357643 -0.002599850714 1)
(0.9414984571 -0.0007207728572 1)
(0.94176115 0.001158305 1)
(0.9420238429 0.003037382857 1)
(0.9422865357 0.004916460714 1)
(0.9425492286 0.006795538571 1)
(0.9428119214 0.008674616429 1)
(0.9430746143 0.01055369429 1)
(0.9433373071 0.01243277214 1)
(0.9235714286 0.3171428571 1)
(0.9371428571 0.3142857143 1)
(0.9507142857 0.3114285714 1)
(0.9642857143 0.3085714286 1)
(0.9327196133 0.01744864849 1)
(0.9217586125 0.01980797575 1)
(0.9108221183 0.0222795417 1)
(0.8999054473 0.02483765396 1)
(0.8889810564 0.0273625433 1)
(0.8780463125 0.02984225908 1)
(0.8671075995 0.03230442545 1)
(0.8561681789 0.03476344681 1)
(0.8452262607 0.03721132583 1)
(0.8342797731 0.03963867942 1)
(0.823326882 0.04203697177 1)
(0.8123671699 0.04440389521 1)
(0.8014009147 0.04674031501 1)
(0.79896895 0.06839961571 1)
(0.8075098 0.08775349143 1)
(0.81605065 0.1071073671 1)
(0.8245915 0.1264612429 1)
(0.83313235 0.1458151186 1)
(0.8416732 0.1651689943 1)
(0.85021405 0.18452287 1)
(0.8587549 0.2038767457 1)
(0.86729575 0.2232306214 1)
(0.8758366 0.2425844971 1)
(0.88437745 0.2619383729 1)
(0.8929183 0.2812922486 1)
(0.90145915 0.3006461243 1)
(0.9407700325 0.01446933356 1)
(0.9379617033 0.01485906095 1)
(0.9351659981 0.01533343905 1)
(0.9323724562 0.01582065951 1)
(0.9295790046 0.01630834482 1)
(0.9267746441 0.01672380098 1)
(0.9239553223 0.01702713694 1)
(0.9211307104 0.01727750926 1)
(0.9183046157 0.0175108442 1)
(0.9154775194 0.01773165177 1)
(0.9126489403 0.01793238686 1)
(0.9098183917 0.01810278892 1)
(0.9069858872 0.01823691393 1)
(0.9048906286 0.01604547143 1)
(0.9056293571 0.01375564286 1)
(0.9063680857 0.01146581429 1)
(0.9071068143 0.009175985714 1)
(0.9078455429 0.006886157143 1)
(0.9085842714 0.004596328571 1)
(0.909323 0.0023065 1)
(0.9100617286 1.667142861e-05 1)
(0.9108004571 -0.002273157143 1)
(0.9115391857 -0.004562985714 1)
(0.9122779143 -0.006852814286 1)
(0.9130166429 -0.009142642857 1)
(0.9137553714 -0.01143247143 1)
(0.916301738 -0.013499201 1)
(0.9181115032 -0.01329393109 1)
(0.9199228808 -0.01310343346 1)
(0.9217366035 -0.01293679855 1)
(0.9235516894 -0.01278562767 1)
(0.9253677431 -0.01264655656 1)
(0.9271848409 -0.01252194078 1)
(0.9290029858 -0.01241367461 1)
(0.9308219627 -0.01232031917 1)
(0.9326412614 -0.01223337 1)
(0.9344605361 -0.01214595459 1)
(0.9362804681 -0.01207416443 1)
(0.9381011961 -0.01202632665 1)
(0.8904239485 -0.02794335241 1)
(0.8904695767 -0.02563004 1)
(0.8914056046 -0.0234896599 1)
(0.8928543994 -0.02165326036 1)
(0.8945996859 -0.02009330736 1)
(0.8965512137 -0.01879830162 1)
(0.8986346373 -0.01772560126 1)
(0.9008042719 -0.01683721045 1)
(0.9030259803 -0.01608878122 1)
(0.9052795117 -0.01544185206 1)
(0.9075616177 -0.01490390863 1)
(0.9098600882 -0.0144407105 1)
(0.9121736544 -0.01405950621 1)
(0.8982660884 0.01842966129 1)
(0.8923796408 0.0183962483 1)
(0.8864955114 0.01822923352 1)
(0.8806171734 0.01791969834 1)
(0.8747480969 0.01746738102 1)
(0.8688913334 0.01687646537 1)
(0.8630490922 0.0161555721 1)
(0.8572228572 0.01531459538 1)
(0.8514131955 0.01436590066 1)
(0.8456208894 0.01331673954 1)
(0.8398498321 0.01215635875 1)
(0.8341082409 0.01085805597 1)
(0.8283983977 0.009426827648 1)
(0.8276145929 0.005171947857 1)
(0.8325120857 0.002458195714 1)
(0.8374095786 -0.0002555564286 1)
(0.8423070714 -0.002969308571 1)
(0.8472045643 -0.005683060714 1)
(0.8521020571 -0.008396812857 1)
(0.85699955 -0.011110565 1)
(0.8618970429 -0.01382431714 1)
(0.8667945357 -0.01653806929 1)
(0.8716920286 -0.01925182143 1)
(0.8765895214 -0.02196557357 1)
(0.8814870143 -0.02467932571 1)
(0.8863845071 -0.02739307786 1)
(0.8911904286 -0.04938491357 1)
(0.8910988571 -0.06866299714 1)
(0.8910072857 -0.08794108071 1)
(0.8909157143 -0.1072191643 1)
(0.8908241429 -0.1264972479 1)
(0.8907325714 -0.1457753314 1)
(0.890641 -0.165053415 1)
(0.8905494286 -0.1843314986 1)
(0.8904578571 -0.2036095821 1)
(0.8903662857 -0.2228876657 1)
(0.8902747143 -0.2421657493 1)
(0.8901831429 -0.2614438329 1)
(0.8900915714 -0.2807219164 1)
(0.8851428571 -0.3 1)
(0.8802857143 -0.3 1)
(0.8754285714 -0.3 1)
(0.8705714286 -0.3 1)
(0.8657142857 -0.3 1)
(0.8608571429 -0.3 1)
(0.856 -0.3 1)
(0.8511428571 -0.3 1)
(0.8462857143 -0.3 1)
(0.8414285714 -0.3 1)
(0.8365714286 -0.3 1)
(0.8317142857 -0.3 1)
(0.8268571429 -0.3 1)
(0.8220512214 -0.2780081643 1)
(0.8221024429 -0.2560163286 1)
(0.8221536643 -0.2340244929 1)
(0.8222048857 -0.2120326571 1)
(0.8222561071 -0.1900408214 1)
(0.8223073286 -0.1680489857 1)
(0.82235855 -0.14605715 1)
(0.8224097714 -0.1240653143 1)
(0.8224609929 -0.1020734786 1)
(0.8225122143 -0.08008164286 1)
(0.8225634357 -0.05808980714 1)
(0.8226146571 -0.03609797143 1)
(0.8226658786 -0.01410613571 1)
(0.9588743618 -0.04059768237 1)
(0.9361796045 -0.03754997795 1)
(0.9134787689 -0.03454780664 1)
(0.9121428571 -0.2957142857 1)
(0.9342857143 -0.2914285714 1)
(0.9564285714 -0.2871428571 1)
(0.8014285714 -4.328571429 1)
(0.8057142857 -4.664285714 1)
(0.8171428571 -5 1)
(0.8242857143 -5 1)
(0.8314285714 -5 1)
(0.8385714286 -5 1)
(0.8457142857 -5 1)
(0.8528571429 -5 1)
(0.86 -5 1)
(0.8671428571 -5 1)
(0.8742857143 -5 1)
(0.8814285714 -5 1)
(0.8885714286 -5 1)
(0.8957142857 -5 1)
(0.9028571429 -5 1)
(0.9037142857 -4.664285714 1)
(0.8974285714 -4.328571429 1)
(0.8911428571 -3.992857143 1)
(0.8848571429 -3.657142857 1)
(0.8785714286 -3.321428571 1)
(0.8722857143 -2.985714286 1)
(0.866 -2.65 1)
(0.8597142857 -2.314285714 1)
(0.8534285714 -1.978571429 1)
(0.8471428571 -1.642857143 1)
(0.8408571429 -1.307142857 1)
(0.8345714286 -0.9714285714 1)
(0.8282857143 -0.6357142857 1)
(0.8168571429 -0.3 1)
(0.8117142857 -0.3 1)
(0.8065714286 -0.3 1)
(0.8014285714 -0.3 1)
(0.7962857143 -0.3 1)
(0.8992857143 -0.6357142857 1)
(0.9085714286 -0.9714285714 1)
(0.9178571429 -1.307142857 1)
(0.9271428571 -1.642857143 1)
(0.9364285714 -1.978571429 1)
(0.9457142857 -2.314285714 1)
(0.955 -2.65 1)
(0.9642857143 -2.985714286 1)
(0.965 -5 1)
(0.9571428571 -5 1)
(0.9492857143 -5 1)
(0.9414285714 -5 1)
(0.9335714286 -5 1)
(0.9257142857 -5 1)
(0.9178571429 -5 1)
(0.7995483699 0.0007487441269 1)
(0.8053240545 0.002586813299 1)
(0.811105788 0.004405774448 1)
(0.8168959197 0.006197405084 1)
(0.8 4.667142857 0)
(0.8 4.334285714 0)
(0.8 4.001428571 0)
(0.8 3.668571429 0)
(0.8 3.335714286 0)
(0.8 3.002857143 0)
(0.8 2.67 0)
(0.8 2.337142857 0)
(0.8 2.004285714 0)
(0.8 1.671428571 0)
(0.8 1.338571429 0)
(0.8 1.005714286 0)
(0.8 0.6728571429 0)
(0.8157142857 4.666938776 0)
(0.8157142857 4.333877551 0)
(0.8157142857 4.000816327 0)
(0.8157142857 3.667755102 0)
(0.8157142857 3.334693878 0)
(0.8157142857 3.001632653 0)
(0.8157142857 2.668571429 0)
(0.8157142857 2.335510204 0)
(0.8157142857 2.00244898 0)
(0.8157142857 1.669387755 0)
(0.8157142857 1.336326531 0)
(0.8157142857 1.003265306 0)
(0.8157142857 0.6702040816 0)
(0.8314285714 4.666734694 0)
(0.8314285714 4.333469388 0)
(0.8314285714 4.000204082 0)
(0.8314285714 3.666938776 0)
(0.8314285714 3.333673469 0)
(0.8314285714 3.000408163 0)
(0.8314285714 2.667142857 0)
(0.8314285714 2.333877551 0)
(0.8314285714 2.000612245 0)
(0.8314285714 1.667346939 0)
(0.8314285714 1.334081633 0)
(0.8314285714 1.000816327 0)
(0.8314285714 0.6675510204 0)
(0.8471428571 4.666530612 0)
(0.8471428571 4.333061224 0)
(0.8471428571 3.999591837 0)
(0.8471428571 3.666122449 0)
(0.8471428571 3.332653061 0)
(0.8471428571 2.999183673 0)
(0.8471428571 2.665714286 0)
(0.8471428571 2.332244898 0)
(0.8471428571 1.99877551 0)
(0.8471428571 1.665306122 0)
(0.8471428571 1.331836735 0)
(0.8471428571 0.9983673469 0)
(0.8471428571 0.6648979592 0)
(0.8628571429 4.666326531 0)
(0.8628571429 4.332653061 0)
(0.8628571429 3.998979592 0)
(0.8628571429 3.665306122 0)
(0.8628571429 3.331632653 0)
(0.8628571429 2.997959184 0)
(0.8628571429 2.664285714 0)
(0.8628571429 2.330612245 0)
(0.8628571429 1.996938776 0)
(0.8628571429 1.663265306 0)
(0.8628571429 1.329591837 0)
(0.8628571429 0.9959183673 0)
(0.8628571429 0.662244898 0)
(0.8785714286 4.666122449 0)
(0.8785714286 4.332244898 0)
(0.8785714286 3.998367347 0)
(0.8785714286 3.664489796 0)
(0.8785714286 3.330612245 0)
(0.8785714286 2.996734694 0)
(0.8785714286 2.662857143 0)
(0.8785714286 2.328979592 0)
(0.8785714286 1.995102041 0)
(0.8785714286 1.66122449 0)
(0.8785714286 1.327346939 0)
(0.8785714286 0.9934693878 0)
(0.8785714286 0.6595918367 0)
(0.8942857143 4.665918367 0)
(0.8942857143 4.331836735 0)
(0.8942857143 3.997755102 0)
(0.8942857143 3.663673469 0)
(0.8942857143 3.329591837 0)
(0.8942857143 2.995510204 0)
(0.8942857143 2.661428571 0)
(0.8942857143 2.327346939 0)
(0.8942857143 1.993265306 0)
(0.8942857143 1.659183673 0)
(0.8942857143 1.325102041 0)
(0.8942857143 0.9910204082 0)
(0.8942857143 0.6569387755 0)
(0.9469142857 0.01436483327 0)
(0.9502285714 0.01398512082 0)
(0.9535428571 0.01360540837 0)
(0.9469142857 0.0142931101 0)
(0.9502285714 0.01387495878 0)
(0.9535428571 0.01345680745 0)
(0.9469142857 0.01422138694 0)
(0.9502285714 0.01376479673 0)
(0.9535428571 0.01330820653 0)
(0.9469142857 0.01414966378 0)
(0.9502285714 0.01365463469 0)
(0.9535428571 0.01315960561 0)
(0.9469142857 0.01407794061 0)
(0.9502285714 0.01354447265 0)
(0.9535428571 0.01301100469 0)
(0.9469142857 0.01400621745 0)
(0.9502285714 0.01343431061 0)
(0.9535428571 0.01286240378 0)
(0.9469142857 0.01393449429 0)
(0.9502285714 0.01332414857 0)
(0.9535428571 0.01271380286 0)
(0.9469142857 0.01386277112 0)
(0.9502285714 0.01321398653 0)
(0.9535428571 0.01256520194 0)
(0.9469142857 0.01379104796 0)
(0.9502285714 0.01310382449 0)
(0.9535428571 0.01241660102 0)
(0.9469142857 0.0137193248 0)
(0.9502285714 0.01299366245 0)
(0.9535428571 0.0122680001 0)
(0.9469142857 0.01364760163 0)
(0.9502285714 0.01288350041 0)
(0.9535428571 0.01211939918 0)
(0.9469142857 0.01357587847 0)
(0.9502285714 0.01277333837 0)
(0.9535428571 0.01197079827 0)
(0.9469142857 0.01350415531 0)
(0.9502285714 0.01266317633 0)
(0.9535428571 0.01182219735 0)
(0.9568571429 0.01098121837 0)
(0.961844898 0.03278235449 0)
(0.9583081633 0.0332523126 0)
(0.9466531166 0.01161790582 0)
(0.9463919474 0.009803379505 0)
(0.9461307783 0.007988853187 0)
(0.9458696091 0.006174326868 0)
(0.94560844 0.004359800549 0)
(0.9453472708 0.002545274231 0)
(0.9450861017 0.0007307479119 0)
(0.9448249325 -0.001083778407 0)
(0.9445637634 -0.002898304726 0)
(0.9443025942 -0.004712831044 0)
(0.9440414251 -0.006527357363 0)
(0.9437802559 -0.008341883682 0)
(0.9435190868 -0.01015641 0)
(0.9499689247 0.01079944537 0)
(0.9497092779 0.009045876462 0)
(0.9494496311 0.007292307551 0)
(0.9491899844 0.005538738639 0)
(0.9489303376 0.003785169727 0)
(0.9486706908 0.002031600815 0)
(0.9484110441 0.0002780319036 0)
(0.9481513973 -0.001475537008 0)
(0.9478917505 -0.00322910592 0)
(0.9476321038 -0.004982674832 0)
(0.947372457 -0.006736243743 0)
(0.9471128102 -0.008489812655 0)
(0.9468531635 -0.01024338157 0)
(0.9532846813 0.009977531571 0)
(0.9530265055 0.008281466713 0)
(0.9527683296 0.006585401856 0)
(0.9525101538 0.004889336998 0)
(0.952251978 0.003193272141 0)
(0.9519938021 0.001497207283 0)
(0.9517356263 -0.0001988575744 0)
(0.9514774504 -0.001894922432 0)
(0.9512192746 -0.00359098729 0)
(0.9509610988 -0.005287052147 0)
(0.9507029229 -0.006983117005 0)
(0.9504447471 -0.008679181862 0)
(0.9501865712 -0.01037524672 0)
(0.9566003422 0.00915231708 0)
(0.9563435415 0.007510455589 0)
(0.9560867409 0.005868594098 0)
(0.9558299402 0.004226732607 0)
(0.9555731396 0.002584871116 0)
(0.9553163389 0.0009430096251 0)
(0.9550595383 -0.000698851866 0)
(0.9548027376 -0.002340713357 0)
(0.954545937 -0.003982574848 0)
(0.9542891363 -0.005624436339 0)
(0.9540323356 -0.00726629783 0)
(0.953775535 -0.008908159321 0)
(0.9535187343 -0.01055002081 0)
(0.9568489855 -0.01076863508 0)
(0.9148449633 0.2978283898 0)
(0.906118498 0.2785139226 0)
(0.8973920327 0.2591994553 0)
(0.8886655675 0.239884988 0)
(0.8799391022 0.2205705207 0)
(0.8712126369 0.2012560534 0)
(0.8624861716 0.1819415861 0)
(0.8537597063 0.1626271188 0)
(0.8450332411 0.1433126515 0)
(0.8363067758 0.1239981842 0)
(0.8275803105 0.1046837169 0)
(0.8188538452 0.0853692496 0)
(0.8101273799 0.06605478231 0)
(0.9282303081 0.2950084415 0)
(0.919317759 0.2757311687 0)
(0.9104052099 0.2564538959 0)
(0.9014926608 0.2371766231 0)
(0.8925801117 0.2178993503 0)
(0.8836675626 0.1986220775 0)
(0.8747550135 0.1793448047 0)
(0.8658424644 0.160067532 0)
(0.8569299153 0.1407902592 0)
(0.8480173662 0.1215129864 0)
(0.8391048172 0.1022357136 0)
(0.8301922681 0.08295844079 0)
(0.821279719 0.063681168 0)
(0.9416151855 0.2921863143 0)
(0.9325160852 0.2729440572 0)
(0.9234169849 0.2537018001 0)
(0.9143178847 0.234459543 0)
(0.9052187844 0.2152172858 0)
(0.8961196841 0.1959750287 0)
(0.8870205839 0.1767327716 0)
(0.8779214836 0.1574905145 0)
(0.8688223834 0.1382482574 0)
(0.8597232831 0.1190060002 0)
(0.8506241828 0.09976374313 0)
(0.8415250826 0.08052148601 0)
(0.8324259823 0.06127922889 0)
(0.9549995756 0.2893619465 0)
(0.945713437 0.2701524644 0)
(0.9364272983 0.2509429823 0)
(0.9271411597 0.2317335002 0)
(0.917855021 0.2125240182 0)
(0.9085688823 0.1933145361 0)
(0.8992827437 0.174105054 0)
(0.889996605 0.1548955719 0)
(0.8807104664 0.1356860898 0)
(0.8714243277 0.1164766077 0)
(0.8621381891 0.09726712566 0)
(0.8528520504 0.07805764358 0)
(0.8435659118 0.0588481615 0)
(0.958909874 0.26735672 0)
(0.9494362395 0.2481779372 0)
(0.9399626051 0.2289991543 0)
(0.9304889707 0.2098203715 0)
(0.9210153362 0.1906415886 0)
(0.9115417018 0.1714628058 0)
(0.9020680673 0.1522840229 0)
(0.8925944329 0.1331052401 0)
(0.8831207985 0.1139264572 0)
(0.873647164 0.09474767438 0)
(0.8641735296 0.07556889153 0)
(0.8546998951 0.05639010868 0)
(0.9624442016 0.2454084937 0)
(0.952782745 0.226258944 0)
(0.9431212884 0.2071093943 0)
(0.9334598318 0.1879598446 0)
(0.9237983752 0.1688102948 0)
(0.9141369185 0.1496607451 0)
(0.9044754619 0.1305111954 0)
(0.8948140053 0.1113616457 0)
(0.8851525487 0.09221209596 0)
(0.8754910921 0.07306254624 0)
(0.8658296355 0.05391299653 0)
(0.9656021713 0.2235155501 0)
(0.9557527141 0.2043944377 0)
(0.9459032569 0.1852733252 0)
(0.9360537998 0.1661522127 0)
(0.9262043426 0.1470311003 0)
(0.9163548854 0.1279099878 0)
(0.9065054282 0.1087888753 0)
(0.8966559711 0.08966776285 0)
(0.8868065139 0.07054665039 0)
(0.8769570567 0.05142553792 0)
(0.9583463788 0.182585458 0)
(0.9483088705 0.1634925581 0)
(0.9382713622 0.1443996583 0)
(0.9282338539 0.1253067584 0)
(0.9181963456 0.1062138585 0)
(0.9081588373 0.08712095867 0)
(0.8981213291 0.06802805881 0)
(0.8880838208 0.04893515894 0)
(0.9605619568 0.1608241288 0)
(0.9503361139 0.141758188 0)
(0.940110271 0.1226922472 0)
(0.9298844281 0.1036263064 0)
(0.9196585852 0.08456036566 0)
(0.9094327423 0.06549442487 0)
(0.8992068994 0.04642848409 0)
(0.9623949495 0.1390909043 0)
(0.9519800325 0.1200486959 0)
(0.9415651155 0.1010064875 0)
(0.9311501984 0.08196427913 0)
(0.9207352814 0.06292207074 0)
(0.9103203644 0.04387986235 0)
(0.9638448312 0.117383787 0)
(0.9532402886 0.09836293795 0)
(0.942635746 0.07934208889 0)
(0.9320312035 0.06032123983 0)
(0.9214266609 0.04130039077 0)
(0.9649296211 0.09578120717 0)
(0.954136869 0.07678789932 0)
(0.9433441168 0.05779459146 0)
(0.9325513646 0.03880128361 0)
(0.9656572472 0.07432189728 0)
(0.9546780359 0.05536414768 0)
(0.9436988246 0.03640639809 0)
(0.9909183673 4.331020408 0)
(0.9853061224 3.996530612 0)
(0.9796938776 3.662040816 0)
(0.9740816327 3.32755102 0)
(0.9684693878 2.993061224 0)
(0.9628571429 2.658571429 0)
(0.957244898 2.324081633 0)
(0.9516326531 1.989591837 0)
(0.9460204082 1.655102041 0)
(0.9404081633 1.320612245 0)
(0.9347959184 0.986122449 0)
(0.9291836735 0.6516326531 0)
(0.9708163265 1.318367347 0)
(0.9595918367 0.9836734694 0)
(0.9483673469 0.6489795918 0)
(0.9675510204 0.6463265306 0)
(0.9382918273 -0.01013377949 0)
(0.9364005563 -0.01015036261 0)
(0.9345109262 -0.01018314076 0)
(0.9326220611 -0.01022951075 0)
(0.93073318 -0.0102754146 0)
(0.9288438186 -0.01033242636 0)
(0.926954161 -0.01041129238 0)
(0.9250650979 -0.01050912328 0)
(0.9231768985 -0.01062159396 0)
(0.921289526 -0.01074619495 0)
(0.9194033136 -0.01088658915 0)
(0.9175191381 -0.01105130824 0)
(0.9156363201 -0.01123233565 0)
(0.9384824585 -0.00824123233 0)
(0.9365206446 -0.008226560801 0)
(0.9345613164 -0.008220326924 0)
(0.9326028607 -0.008225651496 0)
(0.9306443973 -0.008230510033 0)
(0.9286846513 -0.0082511781 0)
(0.9267234811 -0.008300643966 0)
(0.9247624527 -0.008371690012 0)
(0.9228021075 -0.008457560258 0)
(0.9208424486 -0.008555591361 0)
(0.9188837464 -0.008669744845 0)
(0.9169267729 -0.008808685377 0)
(0.9149709022 -0.008965470293 0)
(0.9386730897 -0.006348685172 0)
(0.9366407328 -0.006302758988 0)
(0.9346117065 -0.006257513093 0)
(0.9325836603 -0.006221792245 0)
(0.9305556145 -0.006185605462 0)
(0.928525484 -0.006169929843 0)
(0.9264928012 -0.006189995557 0)
(0.9244598075 -0.006234256739 0)
(0.9224273165 -0.006293526553 0)
(0.9203953712 -0.006364987767 0)
(0.9183641792 -0.006452900537 0)
(0.9163344078 -0.006566062519 0)
(0.9143054843 -0.006698604941 0)
(0.9388637208 -0.004456138015 0)
(0.936760821 -0.004378957175 0)
(0.9346620967 -0.004294699262 0)
(0.9325644599 -0.004217932994 0)
(0.9304668318 -0.004140700891 0)
(0.9283663168 -0.004088681586 0)
(0.9262621213 -0.004079347148 0)
(0.9241571623 -0.004096823466 0)
(0.9220525255 -0.004129492848 0)
(0.9199482937 -0.004174384173 0)
(0.9178446121 -0.004236056229 0)
(0.9157420427 -0.004323439661 0)
(0.9136400664 -0.004431739589 0)
(0.939054352 -0.002563590857 0)
(0.9368809092 -0.002455155363 0)
(0.9347124868 -0.002331885431 0)
(0.9325452596 -0.002214073744 0)
(0.9303780491 -0.002095796321 0)
(0.9282071495 -0.002007433329 0)
(0.9260314414 -0.001968698739 0)
(0.9238545171 -0.001959390193 0)
(0.9216777346 -0.001965459143 0)
(0.9195012163 -0.001983780579 0)
(0.9173250449 -0.00201921192 0)
(0.9151496776 -0.002080816803 0)
(0.9129746484 -0.002164874238 0)
(0.9392449832 -0.0006710436988 0)
(0.9370009975 -0.0005313535503 0)
(0.934762877 -0.0003690715997 0)
(0.9325260592 -0.0002102144927 0)
(0.9302892664 -5.089174988e-05 0)
(0.9280479822 7.381492844e-05 0)
(0.9258007615 0.0001419496698 0)
(0.9235518719 0.0001780430802 0)
(0.9213029436 0.0001985745622 0)
(0.9190541389 0.0002068230151 0)
(0.9168054777 0.0001976323882 0)
(0.9145573125 0.0001618060545 0)
(0.9123092305 0.0001019911143 0)
(0.9394356143 0.001221503459 0)
(0.9371210857 0.001392448262 0)
(0.9348132671 0.001593742231 0)
(0.9325068588 0.001793644758 0)
(0.9302004836 0.001994012821 0)
(0.927888815 0.002155063185 0)
(0.9255700816 0.002252598079 0)
(0.9232492267 0.002315476353 0)
(0.9209281526 0.002362608267 0)
(0.9186070615 0.002397426609 0)
(0.9162859105 0.002414476697 0)
(0.9139649474 0.002404428912 0)
(0.9116438126 0.002368856466 0)
(0.9396262455 0.003114050617 0)
(0.9372411739 0.003316250075 0)
(0.9348636573 0.003556556063 0)
(0.9324876584 0.003797504009 0)
(0.9301117009 0.004038917392 0)
(0.9277296477 0.004236311442 0)
(0.9253394017 0.004363246488 0)
(0.9229465816 0.004452909626 0)
(0.9205533616 0.004526641972 0)
(0.918159984 0.004588030203 0)
(0.9157663434 0.004631321005 0)
(0.9133725823 0.00464705177 0)
(0.9109783947 0.004635721818 0)
(0.9398168767 0.005006597775 0)
(0.9373612621 0.005240051887 0)
(0.9349140474 0.005519369894 0)
(0.932468458 0.00580136326 0)
(0.9300229182 0.006083821962 0)
(0.9275704805 0.006317559699 0)
(0.9251087218 0.006473894897 0)
(0.9226439364 0.006590342899 0)
(0.9201785706 0.006690675677 0)
(0.9177129066 0.006778633797 0)
(0.9152467762 0.006848165313 0)
(0.9127802172 0.006889674628 0)
(0.9103129768 0.00690258717 0)
(0.9400075079 0.006899144933 0)
(0.9374813504 0.0071638537 0)
(0.9349644376 0.007482183725 0)
(0.9324492577 0.007805222511 0)
(0.9299341355 0.008128726533 0)
(0.9274113132 0.008398807956 0)
(0.9248780419 0.008584543306 0)
(0.9223412912 0.008727776172 0)
(0.9198037797 0.008854709382 0)
(0.9172658292 0.008969237391 0)
(0.914727209 0.009065009622 0)
(0.9121878521 0.009132297486 0)
(0.9096475589 0.009169452522 0)
(0.940198139 0.008791692091 0)
(0.9376014386 0.009087655513 0)
(0.9350148277 0.009444997556 0)
(0.9324300573 0.009809081762 0)
(0.9298453527 0.0101736311 0)
(0.9272521459 0.01048005621 0)
(0.924647362 0.01069519172 0)
(0.922038646 0.01086520944 0)
(0.9194289887 0.01101874309 0)
(0.9168187517 0.01115984099 0)
(0.9142076418 0.01128185393 0)
(0.911595487 0.01137492034 0)
(0.908982141 0.01143631787 0)
(0.9403887702 0.01068423925 0)
(0.9377215268 0.01101145733 0)
(0.9350652179 0.01140781139 0)
(0.9324108569 0.01181294101 0)
(0.92975657 0.01221853567 0)
(0.9270929787 0.01256130447 0)
(0.9244166821 0.01280584012 0)
(0.9217360008 0.01300264272 0)
(0.9190541977 0.01318277679 0)
(0.9163716743 0.01335044458 0)
(0.9136880747 0.01349869824 0)
(0.9110031219 0.0136175432 0)
(0.9083167231 0.01370318323 0)
(0.9405794014 0.01257678641 0)
(0.937841615 0.01293525914 0)
(0.935115608 0.01337062522 0)
(0.9323916565 0.01381680026 0)
(0.9296677873 0.01426344025 0)
(0.9269338114 0.01464255273 0)
(0.9241860022 0.01491648853 0)
(0.9214333556 0.01514007599 0)
(0.9186794067 0.0153468105 0)
(0.9159245969 0.01554104817 0)
(0.9131685075 0.01571554255 0)
(0.9104107568 0.01586016606 0)
(0.9076513052 0.01597004858 0)
(0.8859935521 -0.02527405383 0)
(0.8815631556 -0.02260475526 0)
(0.8771327591 -0.01993545668 0)
(0.8727023626 -0.01726615811 0)
(0.8682719661 -0.01459685953 0)
(0.8638415696 -0.01192756096 0)
(0.8594111731 -0.009258262381 0)
(0.8549807766 -0.006588963805 0)
(0.8505503801 -0.003919665229 0)
(0.8461199836 -0.001250366654 0)
(0.8416895871 0.001418931922 0)
(0.8372591907 0.004088230497 0)
(0.8328287942 0.006757529073 0)
(0.886443767 -0.02302374743 0)
(0.8824179573 -0.02041745486 0)
(0.8783921476 -0.01781116229 0)
(0.8743663379 -0.01520486972 0)
(0.8703405282 -0.01259857715 0)
(0.8663147185 -0.009992284586 0)
(0.8622889088 -0.007385992017 0)
(0.8582630991 -0.004779699448 0)
(0.8542372894 -0.002173406879 0)
(0.8502114797 0.00043288569 0)
(0.84618567 0.003039178259 0)
(0.8421598603 0.005645470828 0)
(0.8381340506 0.008251763397 0)
(0.8877230494 -0.02094351571 0)
(0.8840404943 -0.01839737152 0)
(0.8803579391 -0.01585122733 0)
(0.8766753839 -0.01330508314 0)
(0.8729928287 -0.01075893895 0)
(0.8693102735 -0.00821279476 0)
(0.8656277184 -0.005666650571 0)
(0.8619451632 -0.003120506382 0)
(0.858262608 -0.0005743621929 0)
(0.8545800528 0.001971781996 0)
(0.8508974976 0.004517926185 0)
(0.8472149424 0.007064070375 0)
(0.8435323873 0.009610214564 0)
(0.8894805773 -0.01915540322 0)
(0.8861067552 -0.01665754609 0)
(0.882732933 -0.01415968895 0)
(0.8793591109 -0.01166183182 0)
(0.8759852887 -0.00916397468 0)
(0.8726114666 -0.006666117545 0)
(0.8692376444 -0.004168260409 0)
(0.8658638223 -0.001670403274 0)
(0.8624900002 0.0008274538619 0)
(0.859116178 0.003325310997 0)
(0.8557423559 0.005823168133 0)
(0.8523685337 0.008321025268 0)
(0.8489947116 0.0108188824 0)
(0.8915149366 -0.01763193536 0)
(0.8884301873 -0.01517056336 0)
(0.885345438 -0.01270919135 0)
(0.8822606887 -0.01024781935 0)
(0.8791759394 -0.007786447351 0)
(0.87609119 -0.005325075349 0)
(0.8730064407 -0.002863703348 0)
(0.8699216914 -0.0004023313459 0)
(0.8668369421 0.002059040656 0)
(0.8637521928 0.004520412657 0)
(0.8606674435 0.006981784659 0)
(0.8575826942 0.00944315666 0)
(0.8544979449 0.01190452866 0)
(0.8937420454 -0.01636166612 0)
(0.8909328771 -0.01392503062 0)
(0.8881237088 -0.01148839512 0)
(0.8853145404 -0.00905175962 0)
(0.8825053721 -0.00661512412 0)
(0.8796962038 -0.004178488619 0)
(0.8768870355 -0.001741853119 0)
(0.8740778672 0.0006947823819 0)
(0.8712686988 0.003131417882 0)
(0.8684595305 0.005568053383 0)
(0.8656503622 0.008004688883 0)
(0.8628411939 0.01044132438 0)
(0.8600320255 0.01287795988 0)
(0.8960928126 -0.01530551745 0)
(0.893550988 -0.01288543364 0)
(0.8910091633 -0.01046534983 0)
(0.8884673387 -0.008045266017 0)
(0.885925514 -0.005625182206 0)
(0.8833836894 -0.003205098394 0)
(0.8808418648 -0.0007850145824 0)
(0.8783000401 0.001635069229 0)
(0.8757582155 0.004055153041 0)
(0.8732163908 0.006475236852 0)
(0.8706745662 0.008895320664 0)
(0.8681327415 0.01131540448 0)
(0.8655909169 0.01373548829 0)
(0.8985247763 -0.01442909075 0)
(0.8962452807 -0.01202097105 0)
(0.8939657851 -0.009612851348 0)
(0.8916862895 -0.007204731647 0)
(0.8894067939 -0.004796611945 0)
(0.8871272983 -0.002388492243 0)
(0.8848478027 1.962745806e-05 0)
(0.8825683071 0.00242774716 0)
(0.8802888115 0.004835866861 0)
(0.8780093159 0.007243986563 0)
(0.8757298202 0.009652106264 0)
(0.8734503246 0.01206022597 0)
(0.871170829 0.01446834567 0)
(0.9010061315 -0.01369191249 0)
(0.8989862826 -0.01129504376 0)
(0.8969664338 -0.008898175028 0)
(0.894946585 -0.006501306296 0)
(0.8929267362 -0.004104437565 0)
(0.8909068874 -0.001707568834 0)
(0.8888870386 0.0006892998973 0)
(0.8868671898 0.003086168628 0)
(0.884847341 0.00548303736 0)
(0.8828274921 0.007879906091 0)
(0.8808076433 0.01027677482 0)
(0.8787877945 0.01267364355 0)
(0.8767679457 0.01507051228 0)
(0.9035179161 -0.01305888417 0)
(0.9017563205 -0.01067591629 0)
(0.8999947249 -0.008292948401 0)
(0.8982331293 -0.005909980516 0)
(0.8964715337 -0.003527012631 0)
(0.8947099381 -0.001144044745 0)
(0.8929483425 0.00123892314 0)
(0.8911867469 0.003621891025 0)
(0.8894251514 0.00600485891 0)
(0.8876635558 0.008387826796 0)
(0.8859019602 0.01077079468 0)
(0.8841403646 0.01315376257 0)
(0.882378769 0.01553673045 0)
(0.9060568958 -0.01253725562 0)
(0.9045521739 -0.01017060261 0)
(0.9030474521 -0.007803949599 0)
(0.9015427302 -0.005437296588 0)
(0.9000380083 -0.003070643577 0)
(0.8985332864 -0.0007039905654 0)
(0.8970285646 0.001662662446 0)
(0.8955238427 0.004029315457 0)
(0.8940191208 0.006395968468 0)
(0.8925143989 0.00876262148 0)
(0.8910096771 0.01112927449 0)
(0.8895049552 0.0134959275 0)
(0.8880002333 0.01586258051 0)
(0.9086114848 -0.01209521344 0)
(0.9073628814 -0.009749716383 0)
(0.906114278 -0.007404219326 0)
(0.9048656747 -0.005058722269 0)
(0.9036170713 -0.002713225213 0)
(0.9023684679 -0.0003677281559 0)
(0.9011198645 0.001977768901 0)
(0.8998712611 0.004323265958 0)
(0.8986226578 0.006668763014 0)
(0.8973740544 0.009014260071 0)
(0.896125451 0.01135975713 0)
(0.8948768476 0.01370525418 0)
(0.8936282442 0.01605075124 0)
(0.9111802568 -0.01173885139 0)
(0.9101868592 -0.009418196565 0)
(0.9091934617 -0.007097541744 0)
(0.9082000641 -0.004776886922 0)
(0.9072066665 -0.002456232101 0)
(0.906213269 -0.0001355772802 0)
(0.9052198714 0.002185077541 0)
(0.9042264738 0.004505732362 0)
(0.9032330763 0.006826387183 0)
(0.9022396787 0.009147042004 0)
(0.9012462811 0.01146769683 0)
(0.9002528835 0.01378835165 0)
(0.899259486 0.01610900647 0)
(0.8862958179 -0.04686500087 0)
(0.8814012071 -0.04434508816 0)
(0.8765065964 -0.04182517546 0)
(0.8716119857 -0.03930526276 0)
(0.866717375 -0.03678535005 0)
(0.8618227643 -0.03426543735 0)
(0.8569281536 -0.03174552464 0)
(0.8520335429 -0.02922561194 0)
(0.8471389321 -0.02670569923 0)
(0.8422443214 -0.02418578653 0)
(0.8373497107 -0.02166587383 0)
(0.8324551 -0.01914596112 0)
(0.8275604893 -0.01662604842 0)
(0.8862071286 -0.06633692388 0)
(0.8813154 -0.06401085061 0)
(0.8764236714 -0.06168477735 0)
(0.8715319429 -0.05935870408 0)
(0.8666402143 -0.05703263082 0)
(0.8617484857 -0.05470655755 0)
(0.8568567571 -0.05238048429 0)
(0.8519650286 -0.05005441102 0)
(0.8470733 -0.04772833776 0)
(0.8421815714 -0.04540226449 0)
(0.8372898429 -0.04307619122 0)
(0.8323981143 -0.04075011796 0)
(0.8275063857 -0.03842404469 0)
(0.8861184393 -0.08580884689 0)
(0.8812295929 -0.08367661306 0)
(0.8763407464 -0.08154437923 0)
(0.8714519 -0.07941214541 0)
(0.8665630536 -0.07727991158 0)
(0.8616742071 -0.07514767776 0)
(0.8567853607 -0.07301544393 0)
(0.8518965143 -0.0708832101 0)
(0.8470076679 -0.06875097628 0)
(0.8421188214 -0.06661874245 0)
(0.837229975 -0.06448650862 0)
(0.8323411286 -0.0623542748 0)
(0.8274522821 -0.06022204097 0)
(0.88602975 -0.1052807699 0)
(0.8811437857 -0.1033423755 0)
(0.8762578214 -0.1014039811 0)
(0.8713718571 -0.09946558673 0)
(0.8664858929 -0.09752719235 0)
(0.8615999286 -0.09558879796 0)
(0.8567139643 -0.09365040357 0)
(0.851828 -0.09171200918 0)
(0.8469420357 -0.0897736148 0)
(0.8420560714 -0.08783522041 0)
(0.8371701071 -0.08589682602 0)
(0.8322841429 -0.08395843163 0)
(0.8273981786 -0.08202003724 0)
(0.8859410607 -0.1247526929 0)
(0.8810579786 -0.123008138 0)
(0.8761748964 -0.121263583 0)
(0.8712918143 -0.1195190281 0)
(0.8664087321 -0.1177744731 0)
(0.86152565 -0.1160299182 0)
(0.8566425679 -0.1142853632 0)
(0.8517594857 -0.1125408083 0)
(0.8468764036 -0.1107962533 0)
(0.8419933214 -0.1090516984 0)
(0.8371102393 -0.1073071434 0)
(0.8322271571 -0.1055625885 0)
(0.827344075 -0.1038180335 0)
(0.8858523714 -0.1442246159 0)
(0.8809721714 -0.1426739004 0)
(0.8760919714 -0.1411231849 0)
(0.8712117714 -0.1395724694 0)
(0.8663315714 -0.1380217539 0)
(0.8614513714 -0.1364710384 0)
(0.8565711714 -0.1349203229 0)
(0.8516909714 -0.1333696073 0)
(0.8468107714 -0.1318188918 0)
(0.8419305714 -0.1302681763 0)
(0.8370503714 -0.1287174608 0)
(0.8321701714 -0.1271667453 0)
(0.8272899714 -0.1256160298 0)
(0.8857636821 -0.1636965389 0)
(0.8808863643 -0.1623396629 0)
(0.8760090464 -0.1609827868 0)
(0.8711317286 -0.1596259107 0)
(0.8662544107 -0.1582690346 0)
(0.8613770929 -0.1569121586 0)
(0.856499775 -0.1555552825 0)
(0.8516224571 -0.1541984064 0)
(0.8467451393 -0.1528415304 0)
(0.8418678214 -0.1514846543 0)
(0.8369905036 -0.1501277782 0)
(0.8321131857 -0.1487709021 0)
(0.8272358679 -0.1474140261 0)
(0.8856749929 -0.1831684619 0)
(0.8808005571 -0.1820054253 0)
(0.8759261214 -0.1808423887 0)
(0.8710516857 -0.179679352 0)
(0.86617725 -0.1785163154 0)
(0.8613028143 -0.1773532788 0)
(0.8564283786 -0.1761902421 0)
(0.8515539429 -0.1750272055 0)
(0.8466795071 -0.1738641689 0)
(0.8418050714 -0.1727011322 0)
(0.8369306357 -0.1715380956 0)
(0.8320562 -0.170375059 0)
(0.8271817643 -0.1692120223 0)
(0.8855863036 -0.2026403849 0)
(0.88071475 -0.2016711878 0)
(0.8758431964 -0.2007019906 0)
(0.8709716429 -0.1997327934 0)
(0.8661000893 -0.1987635962 0)
(0.8612285357 -0.197794399 0)
(0.8563569821 -0.1968252018 0)
(0.8514854286 -0.1958560046 0)
(0.846613875 -0.1948868074 0)
(0.8417423214 -0.1939176102 0)
(0.8368707679 -0.192948413 0)
(0.8319992143 -0.1919792158 0)
(0.8271276607 -0.1910100186 0)
(0.8854976143 -0.222112308 0)
(0.8806289429 -0.2213369502 0)
(0.8757602714 -0.2205615924 0)
(0.8708916 -0.2197862347 0)
(0.8660229286 -0.2190108769 0)
(0.8611542571 -0.2182355192 0)
(0.8562855857 -0.2174601614 0)
(0.8514169143 -0.2166848037 0)
(0.8465482429 -0.2159094459 0)
(0.8416795714 -0.2151340882 0)
(0.8368109 -0.2143587304 0)
(0.8319422286 -0.2135833727 0)
(0.8270735571 -0.2128080149 0)
(0.885408925 -0.241584231 0)
(0.8805431357 -0.2410027127 0)
(0.8756773464 -0.2404211943 0)
(0.8708115571 -0.239839676 0)
(0.8659457679 -0.2392581577 0)
(0.8610799786 -0.2386766394 0)
(0.8562141893 -0.2380951211 0)
(0.8513484 -0.2375136028 0)
(0.8464826107 -0.2369320844 0)
(0.8416168214 -0.2363505661 0)
(0.8367510321 -0.2357690478 0)
(0.8318852429 -0.2351875295 0)
(0.8270194536 -0.2346060112 0)
(0.8853202357 -0.261056154 0)
(0.8804573286 -0.2606684751 0)
(0.8755944214 -0.2602807962 0)
(0.8707315143 -0.2598931173 0)
(0.8658686071 -0.2595054385 0)
(0.8610057 -0.2591177596 0)
(0.8561427929 -0.2587300807 0)
(0.8512798857 -0.2583424018 0)
(0.8464169786 -0.257954723 0)
(0.8415540714 -0.2575670441 0)
(0.8366911643 -0.2571793652 0)
(0.8318282571 -0.2567916863 0)
(0.82696535 -0.2564040074 0)
(0.8852315464 -0.280528077 0)
(0.8803715214 -0.2803342376 0)
(0.8755114964 -0.2801403981 0)
(0.8706514714 -0.2799465587 0)
(0.8657914464 -0.2797527192 0)
(0.8609314214 -0.2795588798 0)
(0.8560713964 -0.2793650404 0)
(0.8512113714 -0.2791712009 0)
(0.8463513464 -0.2789773615 0)
(0.8414913214 -0.278783522 0)
(0.8366312964 -0.2785896826 0)
(0.8317712714 -0.2783958432 0)
(0.8269112464 -0.2782020037 0)
(0.9586996625 -0.058208052 0)
(0.9585249632 -0.07581842162 0)
(0.9583502639 -0.09342879125 0)
(0.9581755646 -0.1110391609 0)
(0.9580008652 -0.1286495305 0)
(0.9578261659 -0.1462599001 0)
(0.9576514666 -0.1638702698 0)
(0.9574767673 -0.1814806394 0)
(0.957302068 -0.199091009 0)
(0.9571273687 -0.2167013786 0)
(0.9569526694 -0.2343117483 0)
(0.9567779701 -0.2519221179 0)
(0.9566032707 -0.2695324875 0)
(0.9360443266 -0.0556841632 0)
(0.9359090487 -0.07381834845 0)
(0.9357737709 -0.09195253369 0)
(0.935638493 -0.1100867189 0)
(0.9355032151 -0.1282209042 0)
(0.9353679373 -0.1463550894 0)
(0.9352326594 -0.1644892747 0)
(0.9350973815 -0.1826234599 0)
(0.9349621036 -0.2007576452 0)
(0.9348268258 -0.2188918304 0)
(0.9346915479 -0.2370260157 0)
(0.93455627 -0.2551602009 0)
(0.9344209922 -0.2732943862 0)
(0.9133833466 -0.05320255515 0)
(0.9132879243 -0.07185730365 0)
(0.9131925021 -0.09051205216 0)
(0.9130970798 -0.1091668007 0)
(0.9130016575 -0.1278215492 0)
(0.9129062353 -0.1464762977 0)
(0.912810813 -0.1651310462 0)
(0.9127153907 -0.1837857947 0)
(0.9126199685 -0.2024405432 0)
(0.9125245462 -0.2210952917 0)
(0.9124291239 -0.2397500402 0)
(0.9123337017 -0.2584047887 0)
(0.9122382794 -0.2770595372 0)
(0.8127142857 -4.664285714 0)
(0.8082857143 -4.328571429 0)
(0.8038571429 -3.992857143 0)
(0.7994285714 -3.657142857 0)
(0.8197142857 -4.664285714 0)
(0.8151428571 -4.328571429 0)
(0.8105714286 -3.992857143 0)
(0.806 -3.657142857 0)
(0.8014285714 -3.321428571 0)
(0.8267142857 -4.664285714 0)
(0.822 -4.328571429 0)
(0.8172857143 -3.992857143 0)
(0.8125714286 -3.657142857 0)
(0.8078571429 -3.321428571 0)
(0.8031428571 -2.985714286 0)
(0.7984285714 -2.65 0)
(0.8337142857 -4.664285714 0)
(0.8288571429 -4.328571429 0)
(0.824 -3.992857143 0)
(0.8191428571 -3.657142857 0)
(0.8142857143 -3.321428571 0)
(0.8094285714 -2.985714286 0)
(0.8045714286 -2.65 0)
(0.7997142857 -2.314285714 0)
(0.8407142857 -4.664285714 0)
(0.8357142857 -4.328571429 0)
(0.8307142857 -3.992857143 0)
(0.8257142857 -3.657142857 0)
(0.8207142857 -3.321428571 0)
(0.8157142857 -2.985714286 0)
(0.8107142857 -2.65 0)
(0.8057142857 -2.314285714 0)
(0.8007142857 -1.978571429 0)
(0.7957142857 -1.642857143 0)
(0.8477142857 -4.664285714 0)
(0.8425714286 -4.328571429 0)
(0.8374285714 -3.992857143 0)
(0.8322857143 -3.657142857 0)
(0.8271428571 -3.321428571 0)
(0.822 -2.985714286 0)
(0.8168571429 -2.65 0)
(0.8117142857 -2.314285714 0)
(0.8065714286 -1.978571429 0)
(0.8014285714 -1.642857143 0)
(0.7962857143 -1.307142857 0)
(0.8547142857 -4.664285714 0)
(0.8494285714 -4.328571429 0)
(0.8441428571 -3.992857143 0)
(0.8388571429 -3.657142857 0)
(0.8335714286 -3.321428571 0)
(0.8282857143 -2.985714286 0)
(0.823 -2.65 0)
(0.8177142857 -2.314285714 0)
(0.8124285714 -1.978571429 0)
(0.8071428571 -1.642857143 0)
(0.8018571429 -1.307142857 0)
(0.7965714286 -0.9714285714 0)
(0.8617142857 -4.664285714 0)
(0.8562857143 -4.328571429 0)
(0.8508571429 -3.992857143 0)
(0.8454285714 -3.657142857 0)
(0.84 -3.321428571 0)
(0.8345714286 -2.985714286 0)
(0.8291428571 -2.65 0)
(0.8237142857 -2.314285714 0)
(0.8182857143 -1.978571429 0)
(0.8128571429 -1.642857143 0)
(0.8074285714 -1.307142857 0)
(0.802 -0.9714285714 0)
(0.7965714286 -0.6357142857 0)
(0.8687142857 -4.664285714 0)
(0.8631428571 -4.328571429 0)
(0.8575714286 -3.992857143 0)
(0.852 -3.657142857 0)
(0.8464285714 -3.321428571 0)
(0.8408571429 -2.985714286 0)
(0.8352857143 -2.65 0)
(0.8297142857 -2.314285714 0)
(0.8241428571 -1.978571429 0)
(0.8185714286 -1.642857143 0)
(0.813 -1.307142857 0)
(0.8074285714 -0.9714285714 0)
(0.8018571429 -0.6357142857 0)
(0.8757142857 -4.664285714 0)
(0.87 -4.328571429 0)
(0.8642857143 -3.992857143 0)
(0.8585714286 -3.657142857 0)
(0.8528571429 -3.321428571 0)
(0.8471428571 -2.985714286 0)
(0.8414285714 -2.65 0)
(0.8357142857 -2.314285714 0)
(0.83 -1.978571429 0)
(0.8242857143 -1.642857143 0)
(0.8185714286 -1.307142857 0)
(0.8128571429 -0.9714285714 0)
(0.8071428571 -0.6357142857 0)
(0.8827142857 -4.664285714 0)
(0.8768571429 -4.328571429 0)
(0.871 -3.992857143 0)
(0.8651428571 -3.657142857 0)
(0.8592857143 -3.321428571 0)
(0.8534285714 -2.985714286 0)
(0.8475714286 -2.65 0)
(0.8417142857 -2.314285714 0)
(0.8358571429 -1.978571429 0)
(0.83 -1.642857143 0)
(0.8241428571 -1.307142857 0)
(0.8182857143 -0.9714285714 0)
(0.8124285714 -0.6357142857 0)
(0.8897142857 -4.664285714 0)
(0.8837142857 -4.328571429 0)
(0.8777142857 -3.992857143 0)
(0.8717142857 -3.657142857 0)
(0.8657142857 -3.321428571 0)
(0.8597142857 -2.985714286 0)
(0.8537142857 -2.65 0)
(0.8477142857 -2.314285714 0)
(0.8417142857 -1.978571429 0)
(0.8357142857 -1.642857143 0)
(0.8297142857 -1.307142857 0)
(0.8237142857 -0.9714285714 0)
(0.8177142857 -0.6357142857 0)
(0.8967142857 -4.664285714 0)
(0.8905714286 -4.328571429 0)
(0.8844285714 -3.992857143 0)
(0.8782857143 -3.657142857 0)
(0.8721428571 -3.321428571 0)
(0.866 -2.985714286 0)
(0.8598571429 -2.65 0)
(0.8537142857 -2.314285714 0)
(0.8475714286 -1.978571429 0)
(0.8414285714 -1.642857143 0)
(0.8352857143 -1.307142857 0)
(0.8291428571 -0.9714285714 0)
(0.823 -0.6357142857 0)
(0.8333571429 -0.6357142857 0)
(0.8398571429 -0.9714285714 0)
(0.8463571429 -1.307142857 0)
(0.8528571429 -1.642857143 0)
(0.8593571429 -1.978571429 0)
(0.8658571429 -2.314285714 0)
(0.8723571429 -2.65 0)
(0.8788571429 -2.985714286 0)
(0.8853571429 -3.321428571 0)
(0.8918571429 -3.657142857 0)
(0.8983571429 -3.992857143 0)
(0.9048571429 -4.328571429 0)
(0.9113571429 -4.664285714 0)
(0.8384285714 -0.6357142857 0)
(0.8451428571 -0.9714285714 0)
(0.8518571429 -1.307142857 0)
(0.8585714286 -1.642857143 0)
(0.8652857143 -1.978571429 0)
(0.872 -2.314285714 0)
(0.8787142857 -2.65 0)
(0.8854285714 -2.985714286 0)
(0.8921428571 -3.321428571 0)
(0.8988571429 -3.657142857 0)
(0.9055714286 -3.992857143 0)
(0.9122857143 -4.328571429 0)
(0.919 -4.664285714 0)
(0.8435 -0.6357142857 0)
(0.8504285714 -0.9714285714 0)
(0.8573571429 -1.307142857 0)
(0.8642857143 -1.642857143 0)
(0.8712142857 -1.978571429 0)
(0.8781428571 -2.314285714 0)
(0.8850714286 -2.65 0)
(0.892 -2.985714286 0)
(0.8989285714 -3.321428571 0)
(0.9058571429 -3.657142857 0)
(0.9127857143 -3.992857143 0)
(0.9197142857 -4.328571429 0)
(0.9266428571 -4.664285714 0)
(0.8485714286 -0.6357142857 0)
(0.8557142857 -0.9714285714 0)
(0.8628571429 -1.307142857 0)
(0.87 -1.642857143 0)
(0.8771428571 -1.978571429 0)
(0.8842857143 -2.314285714 0)
(0.8914285714 -2.65 0)
(0.8985714286 -2.985714286 0)
(0.9057142857 -3.321428571 0)
(0.9128571429 -3.657142857 0)
(0.92 -3.992857143 0)
(0.9271428571 -4.328571429 0)
(0.9342857143 -4.664285714 0)
(0.8536428571 -0.6357142857 0)
(0.861 -0.9714285714 0)
(0.8683571429 -1.307142857 0)
(0.8757142857 -1.642857143 0)
(0.8830714286 -1.978571429 0)
(0.8904285714 -2.314285714 0)
(0.8977857143 -2.65 0)
(0.9051428571 -2.985714286 0)
(0.9125 -3.321428571 0)
(0.9198571429 -3.657142857 0)
(0.9272142857 -3.992857143 0)
(0.9345714286 -4.328571429 0)
(0.9419285714 -4.664285714 0)
(0.8587142857 -0.6357142857 0)
(0.8662857143 -0.9714285714 0)
(0.8738571429 -1.307142857 0)
(0.8814285714 -1.642857143 0)
(0.889 -1.978571429 0)
(0.8965714286 -2.314285714 0)
(0.9041428571 -2.65 0)
(0.9117142857 -2.985714286 0)
(0.9192857143 -3.321428571 0)
(0.9268571429 -3.657142857 0)
(0.9344285714 -3.992857143 0)
(0.942 -4.328571429 0)
(0.9495714286 -4.664285714 0)
(0.8637857143 -0.6357142857 0)
(0.8715714286 -0.9714285714 0)
(0.8793571429 -1.307142857 0)
(0.8871428571 -1.642857143 0)
(0.8949285714 -1.978571429 0)
(0.9027142857 -2.314285714 0)
(0.9105 -2.65 0)
(0.9182857143 -2.985714286 0)
(0.9260714286 -3.321428571 0)
(0.9338571429 -3.657142857 0)
(0.9416428571 -3.992857143 0)
(0.9494285714 -4.328571429 0)
(0.9572142857 -4.664285714 0)
(0.8688571429 -0.6357142857 0)
(0.8768571429 -0.9714285714 0)
(0.8848571429 -1.307142857 0)
(0.8928571429 -1.642857143 0)
(0.9008571429 -1.978571429 0)
(0.9088571429 -2.314285714 0)
(0.9168571429 -2.65 0)
(0.9248571429 -2.985714286 0)
(0.9328571429 -3.321428571 0)
(0.9408571429 -3.657142857 0)
(0.9488571429 -3.992857143 0)
(0.9568571429 -4.328571429 0)
(0.9648571429 -4.664285714 0)
(0.8739285714 -0.6357142857 0)
(0.8821428571 -0.9714285714 0)
(0.8903571429 -1.307142857 0)
(0.8985714286 -1.642857143 0)
(0.9067857143 -1.978571429 0)
(0.915 -2.314285714 0)
(0.9232142857 -2.65 0)
(0.9314285714 -2.985714286 0)
(0.9396428571 -3.321428571 0)
(0.9478571429 -3.657142857 0)
(0.9560714286 -3.992857143 0)
(0.9642857143 -4.328571429 0)
(0.879 -0.6357142857 0)
(0.8874285714 -0.9714285714 0)
(0.8958571429 -1.307142857 0)
(0.9042857143 -1.642857143 0)
(0.9127142857 -1.978571429 0)
(0.9211428571 -2.314285714 0)
(0.9295714286 -2.65 0)
(0.938 -2.985714286 0)
(0.9464285714 -3.321428571 0)
(0.9548571429 -3.657142857 0)
(0.9632857143 -3.992857143 0)
(0.8840714286 -0.6357142857 0)
(0.8927142857 -0.9714285714 0)
(0.9013571429 -1.307142857 0)
(0.91 -1.642857143 0)
(0.9186428571 -1.978571429 0)
(0.9272857143 -2.314285714 0)
(0.9359285714 -2.65 0)
(0.9445714286 -2.985714286 0)
(0.9532142857 -3.321428571 0)
(0.9618571429 -3.657142857 0)
(0.8891428571 -0.6357142857 0)
(0.898 -0.9714285714 0)
(0.9068571429 -1.307142857 0)
(0.9157142857 -1.642857143 0)
(0.9245714286 -1.978571429 0)
(0.9334285714 -2.314285714 0)
(0.9422857143 -2.65 0)
(0.9511428571 -2.985714286 0)
(0.96 -3.321428571 0)
(0.8942142857 -0.6357142857 0)
(0.9032857143 -0.9714285714 0)
(0.9123571429 -1.307142857 0)
(0.9214285714 -1.642857143 0)
(0.9305 -1.978571429 0)
(0.9395714286 -2.314285714 0)
(0.9486428571 -2.65 0)
(0.9577142857 -2.985714286 0)
(0.9660204082 -2.311836735 0)
(0.9570408163 -1.975816327 0)
(0.9480612245 -1.639795918 0)
(0.9390816327 -1.30377551 0)
(0.9301020408 -0.967755102 0)
(0.921122449 -0.6317346939 0)
(0.9689795918 -1.636734694 0)
(0.9603061224 -1.300408163 0)
(0.9516326531 -0.9640816327 0)
(0.9429591837 -0.627755102 0)
(0.9647959184 -0.6237755102 0)
(0.8168931499 -0.01567383814 0)
(0.8111492521 -0.01733749515 0)
(0.8054131527 -0.01902653051 0)
(0.79968267 -0.02073330903 0)
(0.8168903801 -0.03754508136 0)
(0.8111927162 -0.03908076476 0)
(0.8055022508 -0.04063987432 0)
(0.7998169701 -0.04221536218 0)
(0.8168876104 -0.05941632458 0)
(0.8112361804 -0.06082403436 0)
(0.805591349 -0.06225321812 0)
(0.7999512702 -0.06369741533 0)
(0.8168848406 -0.0812875678 0)
(0.8112796445 -0.08256730397 0)
(0.8056804471 -0.08386656193 0)
(0.8000855703 -0.08517946848 0)
(0.8168820708 -0.103158811 0)
(0.8113231086 -0.1043105736 0)
(0.8057695453 -0.1054799057 0)
(0.8002198705 -0.1066615216 0)
(0.816879301 -0.1250300542 0)
(0.8113665727 -0.1260538432 0)
(0.8058586434 -0.1270932495 0)
(0.8003541706 -0.1281435748 0)
(0.8168765313 -0.1469012975 0)
(0.8114100368 -0.1477971128 0)
(0.8059477415 -0.1487065934 0)
(0.8004884707 -0.1496256279 0)
(0.8168737615 -0.1687725407 0)
(0.811453501 -0.1695403824 0)
(0.8060368397 -0.1703199372 0)
(0.8006227708 -0.1711076811 0)
(0.8168709917 -0.1906437839 0)
(0.8114969651 -0.191283652 0)
(0.8061259378 -0.191933281 0)
(0.8007570709 -0.1925897342 0)
(0.8168682219 -0.2125150271 0)
(0.8115404292 -0.2130269216 0)
(0.806215036 -0.2135466248 0)
(0.800891371 -0.2140717874 0)
(0.8168654522 -0.2343862703 0)
(0.8115838933 -0.2347701912 0)
(0.8063041341 -0.2351599686 0)
(0.8010256711 -0.2355538405 0)
(0.8168626824 -0.2562575136 0)
(0.8116273575 -0.2565134608 0)
(0.8063932323 -0.2567733124 0)
(0.8011599712 -0.2570358937 0)
(0.8168599126 -0.2781287568 0)
(0.8116708216 -0.2782567304 0)
(0.8064823304 -0.2783866562 0)
(0.8012942713 -0.2785179468 0)
(0.8859812171 0.303482129 0)
(0.8705025214 0.3063143969 0)
(0.8550229298 0.3091421709 0)
(0.8395423527 0.3119648563 0)
(0.8240607459 0.3147820513 0)
(0.8085781015 0.3175935222 0)
(0.7930942681 0.3203981527 0)
(0.87767672 0.2841071151 0)
(0.8624336142 0.286914508 0)
(0.8471887167 0.2897129133 0)
(0.8319418482 0.2925011413 0)
(0.8166929203 0.2952783884 0)
(0.8014419172 0.2980441873 0)
(0.8693722228 0.2647321012 0)
(0.854364707 0.2675146191 0)
(0.8393545037 0.2702836556 0)
(0.8243413438 0.2730374262 0)
(0.8093250947 0.2757747254 0)
(0.794305733 0.2784948524 0)
(0.8610677257 0.2453570873 0)
(0.8462957997 0.2481147303 0)
(0.8315202906 0.2508543979 0)
(0.8167408393 0.2535737111 0)
(0.8019572691 0.2562710625 0)
(0.8527632285 0.2259820734 0)
(0.8382268925 0.2287148414 0)
(0.8236860776 0.2314251403 0)
(0.8091403349 0.234109996 0)
(0.7945894436 0.2367673995 0)
(0.8444587314 0.2066070595 0)
(0.8301579853 0.2093149526 0)
(0.8158518645 0.2119958826 0)
(0.8015398304 0.2146462809 0)
(0.8361542342 0.1872320456 0)
(0.8220890781 0.1899150637 0)
(0.8080176514 0.1925666249 0)
(0.793939326 0.1951825658 0)
(0.8278497371 0.1678570317 0)
(0.8140201709 0.1705151749 0)
(0.8001834384 0.1731373673 0)
(0.8195452399 0.1484820178 0)
(0.8059512637 0.151115286 0)
(0.7923492253 0.1537081096 0)
(0.8112407428 0.129107004 0)
(0.7978823565 0.1317153971 0)
(0.8029362456 0.1097319901 0)
(0.7898134493 0.1123155083 0)
(0.7946317485 0.09035697617 0)
(0.8 4.667142857 1)
(0.8 4.334285714 1)
(0.8 4.001428571 1)
(0.8 3.668571429 1)
(0.8 3.335714286 1)
(0.8 3.002857143 1)
(0.8 2.67 1)
(0.8 2.337142857 1)
(0.8 2.004285714 1)
(0.8 1.671428571 1)
(0.8 1.338571429 1)
(0.8 1.005714286 1)
(0.8 0.6728571429 1)
(0.8157142857 4.666938776 1)
(0.8157142857 4.333877551 1)
(0.8157142857 4.000816327 1)
(0.8157142857 3.667755102 1)
(0.8157142857 3.334693878 1)
(0.8157142857 3.001632653 1)
(0.8157142857 2.668571429 1)
(0.8157142857 2.335510204 1)
(0.8157142857 2.00244898 1)
(0.8157142857 1.669387755 1)
(0.8157142857 1.336326531 1)
(0.8157142857 1.003265306 1)
(0.8157142857 0.6702040816 1)
(0.8314285714 4.666734694 1)
(0.8314285714 4.333469388 1)
(0.8314285714 4.000204082 1)
(0.8314285714 3.666938776 1)
(0.8314285714 3.333673469 1)
(0.8314285714 3.000408163 1)
(0.8314285714 2.667142857 1)
(0.8314285714 2.333877551 1)
(0.8314285714 2.000612245 1)
(0.8314285714 1.667346939 1)
(0.8314285714 1.334081633 1)
(0.8314285714 1.000816327 1)
(0.8314285714 0.6675510204 1)
(0.8471428571 4.666530612 1)
(0.8471428571 4.333061224 1)
(0.8471428571 3.999591837 1)
(0.8471428571 3.666122449 1)
(0.8471428571 3.332653061 1)
(0.8471428571 2.999183673 1)
(0.8471428571 2.665714286 1)
(0.8471428571 2.332244898 1)
(0.8471428571 1.99877551 1)
(0.8471428571 1.665306122 1)
(0.8471428571 1.331836735 1)
(0.8471428571 0.9983673469 1)
(0.8471428571 0.6648979592 1)
(0.8628571429 4.666326531 1)
(0.8628571429 4.332653061 1)
(0.8628571429 3.998979592 1)
(0.8628571429 3.665306122 1)
(0.8628571429 3.331632653 1)
(0.8628571429 2.997959184 1)
(0.8628571429 2.664285714 1)
(0.8628571429 2.330612245 1)
(0.8628571429 1.996938776 1)
(0.8628571429 1.663265306 1)
(0.8628571429 1.329591837 1)
(0.8628571429 0.9959183673 1)
(0.8628571429 0.662244898 1)
(0.8785714286 4.666122449 1)
(0.8785714286 4.332244898 1)
(0.8785714286 3.998367347 1)
(0.8785714286 3.664489796 1)
(0.8785714286 3.330612245 1)
(0.8785714286 2.996734694 1)
(0.8785714286 2.662857143 1)
(0.8785714286 2.328979592 1)
(0.8785714286 1.995102041 1)
(0.8785714286 1.66122449 1)
(0.8785714286 1.327346939 1)
(0.8785714286 0.9934693878 1)
(0.8785714286 0.6595918367 1)
(0.8942857143 4.665918367 1)
(0.8942857143 4.331836735 1)
(0.8942857143 3.997755102 1)
(0.8942857143 3.663673469 1)
(0.8942857143 3.329591837 1)
(0.8942857143 2.995510204 1)
(0.8942857143 2.661428571 1)
(0.8942857143 2.327346939 1)
(0.8942857143 1.993265306 1)
(0.8942857143 1.659183673 1)
(0.8942857143 1.325102041 1)
(0.8942857143 0.9910204082 1)
(0.8942857143 0.6569387755 1)
(0.9469142857 0.01436483327 1)
(0.9502285714 0.01398512082 1)
(0.9535428571 0.01360540837 1)
(0.9469142857 0.0142931101 1)
(0.9502285714 0.01387495878 1)
(0.9535428571 0.01345680745 1)
(0.9469142857 0.01422138694 1)
(0.9502285714 0.01376479673 1)
(0.9535428571 0.01330820653 1)
(0.9469142857 0.01414966378 1)
(0.9502285714 0.01365463469 1)
(0.9535428571 0.01315960561 1)
(0.9469142857 0.01407794061 1)
(0.9502285714 0.01354447265 1)
(0.9535428571 0.01301100469 1)
(0.9469142857 0.01400621745 1)
(0.9502285714 0.01343431061 1)
(0.9535428571 0.01286240378 1)
(0.9469142857 0.01393449429 1)
(0.9502285714 0.01332414857 1)
(0.9535428571 0.01271380286 1)
(0.9469142857 0.01386277112 1)
(0.9502285714 0.01321398653 1)
(0.9535428571 0.01256520194 1)
(0.9469142857 0.01379104796 1)
(0.9502285714 0.01310382449 1)
(0.9535428571 0.01241660102 1)
(0.9469142857 0.0137193248 1)
(0.9502285714 0.01299366245 1)
(0.9535428571 0.0122680001 1)
(0.9469142857 0.01364760163 1)
(0.9502285714 0.01288350041 1)
(0.9535428571 0.01211939918 1)
(0.9469142857 0.01357587847 1)
(0.9502285714 0.01277333837 1)
(0.9535428571 0.01197079827 1)
(0.9469142857 0.01350415531 1)
(0.9502285714 0.01266317633 1)
(0.9535428571 0.01182219735 1)
(0.9568571429 0.01098121837 1)
(0.961844898 0.03278235449 1)
(0.9583081633 0.0332523126 1)
(0.9466531166 0.01161790582 1)
(0.9463919474 0.009803379505 1)
(0.9461307783 0.007988853187 1)
(0.9458696091 0.006174326868 1)
(0.94560844 0.004359800549 1)
(0.9453472708 0.002545274231 1)
(0.9450861017 0.0007307479119 1)
(0.9448249325 -0.001083778407 1)
(0.9445637634 -0.002898304726 1)
(0.9443025942 -0.004712831044 1)
(0.9440414251 -0.006527357363 1)
(0.9437802559 -0.008341883682 1)
(0.9435190868 -0.01015641 1)
(0.9499689247 0.01079944537 1)
(0.9497092779 0.009045876462 1)
(0.9494496311 0.007292307551 1)
(0.9491899844 0.005538738639 1)
(0.9489303376 0.003785169727 1)
(0.9486706908 0.002031600815 1)
(0.9484110441 0.0002780319036 1)
(0.9481513973 -0.001475537008 1)
(0.9478917505 -0.00322910592 1)
(0.9476321038 -0.004982674832 1)
(0.947372457 -0.006736243743 1)
(0.9471128102 -0.008489812655 1)
(0.9468531635 -0.01024338157 1)
(0.9532846813 0.009977531571 1)
(0.9530265055 0.008281466713 1)
(0.9527683296 0.006585401856 1)
(0.9525101538 0.004889336998 1)
(0.952251978 0.003193272141 1)
(0.9519938021 0.001497207283 1)
(0.9517356263 -0.0001988575744 1)
(0.9514774504 -0.001894922432 1)
(0.9512192746 -0.00359098729 1)
(0.9509610988 -0.005287052147 1)
(0.9507029229 -0.006983117005 1)
(0.9504447471 -0.008679181862 1)
(0.9501865712 -0.01037524672 1)
(0.9566003422 0.00915231708 1)
(0.9563435415 0.007510455589 1)
(0.9560867409 0.005868594098 1)
(0.9558299402 0.004226732607 1)
(0.9555731396 0.002584871116 1)
(0.9553163389 0.0009430096251 1)
(0.9550595383 -0.000698851866 1)
(0.9548027376 -0.002340713357 1)
(0.954545937 -0.003982574848 1)
(0.9542891363 -0.005624436339 1)
(0.9540323356 -0.00726629783 1)
(0.953775535 -0.008908159321 1)
(0.9535187343 -0.01055002081 1)
(0.9568489855 -0.01076863508 1)
(0.9148449633 0.2978283898 1)
(0.906118498 0.2785139226 1)
(0.8973920327 0.2591994553 1)
(0.8886655675 0.239884988 1)
(0.8799391022 0.2205705207 1)
(0.8712126369 0.2012560534 1)
(0.8624861716 0.1819415861 1)
(0.8537597063 0.1626271188 1)
(0.8450332411 0.1433126515 1)
(0.8363067758 0.1239981842 1)
(0.8275803105 0.1046837169 1)
(0.8188538452 0.0853692496 1)
(0.8101273799 0.06605478231 1)
(0.9282303081 0.2950084415 1)
(0.919317759 0.2757311687 1)
(0.9104052099 0.2564538959 1)
(0.9014926608 0.2371766231 1)
(0.8925801117 0.2178993503 1)
(0.8836675626 0.1986220775 1)
(0.8747550135 0.1793448047 1)
(0.8658424644 0.160067532 1)
(0.8569299153 0.1407902592 1)
(0.8480173662 0.1215129864 1)
(0.8391048172 0.1022357136 1)
(0.8301922681 0.08295844079 1)
(0.821279719 0.063681168 1)
(0.9416151855 0.2921863143 1)
(0.9325160852 0.2729440572 1)
(0.9234169849 0.2537018001 1)
(0.9143178847 0.234459543 1)
(0.9052187844 0.2152172858 1)
(0.8961196841 0.1959750287 1)
(0.8870205839 0.1767327716 1)
(0.8779214836 0.1574905145 1)
(0.8688223834 0.1382482574 1)
(0.8597232831 0.1190060002 1)
(0.8506241828 0.09976374313 1)
(0.8415250826 0.08052148601 1)
(0.8324259823 0.06127922889 1)
(0.9549995756 0.2893619465 1)
(0.945713437 0.2701524644 1)
(0.9364272983 0.2509429823 1)
(0.9271411597 0.2317335002 1)
(0.917855021 0.2125240182 1)
(0.9085688823 0.1933145361 1)
(0.8992827437 0.174105054 1)
(0.889996605 0.1548955719 1)
(0.8807104664 0.1356860898 1)
(0.8714243277 0.1164766077 1)
(0.8621381891 0.09726712566 1)
(0.8528520504 0.07805764358 1)
(0.8435659118 0.0588481615 1)
(0.958909874 0.26735672 1)
(0.9494362395 0.2481779372 1)
(0.9399626051 0.2289991543 1)
(0.9304889707 0.2098203715 1)
(0.9210153362 0.1906415886 1)
(0.9115417018 0.1714628058 1)
(0.9020680673 0.1522840229 1)
(0.8925944329 0.1331052401 1)
(0.8831207985 0.1139264572 1)
(0.873647164 0.09474767438 1)
(0.8641735296 0.07556889153 1)
(0.8546998951 0.05639010868 1)
(0.9624442016 0.2454084937 1)
(0.952782745 0.226258944 1)
(0.9431212884 0.2071093943 1)
(0.9334598318 0.1879598446 1)
(0.9237983752 0.1688102948 1)
(0.9141369185 0.1496607451 1)
(0.9044754619 0.1305111954 1)
(0.8948140053 0.1113616457 1)
(0.8851525487 0.09221209596 1)
(0.8754910921 0.07306254624 1)
(0.8658296355 0.05391299653 1)
(0.9656021713 0.2235155501 1)
(0.9557527141 0.2043944377 1)
(0.9459032569 0.1852733252 1)
(0.9360537998 0.1661522127 1)
(0.9262043426 0.1470311003 1)
(0.9163548854 0.1279099878 1)
(0.9065054282 0.1087888753 1)
(0.8966559711 0.08966776285 1)
(0.8868065139 0.07054665039 1)
(0.8769570567 0.05142553792 1)
(0.9583463788 0.182585458 1)
(0.9483088705 0.1634925581 1)
(0.9382713622 0.1443996583 1)
(0.9282338539 0.1253067584 1)
(0.9181963456 0.1062138585 1)
(0.9081588373 0.08712095867 1)
(0.8981213291 0.06802805881 1)
(0.8880838208 0.04893515894 1)
(0.9605619568 0.1608241288 1)
(0.9503361139 0.141758188 1)
(0.940110271 0.1226922472 1)
(0.9298844281 0.1036263064 1)
(0.9196585852 0.08456036566 1)
(0.9094327423 0.06549442487 1)
(0.8992068994 0.04642848409 1)
(0.9623949495 0.1390909043 1)
(0.9519800325 0.1200486959 1)
(0.9415651155 0.1010064875 1)
(0.9311501984 0.08196427913 1)
(0.9207352814 0.06292207074 1)
(0.9103203644 0.04387986235 1)
(0.9638448312 0.117383787 1)
(0.9532402886 0.09836293795 1)
(0.942635746 0.07934208889 1)
(0.9320312035 0.06032123983 1)
(0.9214266609 0.04130039077 1)
(0.9649296211 0.09578120717 1)
(0.954136869 0.07678789932 1)
(0.9433441168 0.05779459146 1)
(0.9325513646 0.03880128361 1)
(0.9656572472 0.07432189728 1)
(0.9546780359 0.05536414768 1)
(0.9436988246 0.03640639809 1)
(0.9909183673 4.331020408 1)
(0.9853061224 3.996530612 1)
(0.9796938776 3.662040816 1)
(0.9740816327 3.32755102 1)
(0.9684693878 2.993061224 1)
(0.9628571429 2.658571429 1)
(0.957244898 2.324081633 1)
(0.9516326531 1.989591837 1)
(0.9460204082 1.655102041 1)
(0.9404081633 1.320612245 1)
(0.9347959184 0.986122449 1)
(0.9291836735 0.6516326531 1)
(0.9708163265 1.318367347 1)
(0.9595918367 0.9836734694 1)
(0.9483673469 0.6489795918 1)
(0.9675510204 0.6463265306 1)
(0.9382918273 -0.01013377949 1)
(0.9364005563 -0.01015036261 1)
(0.9345109262 -0.01018314076 1)
(0.9326220611 -0.01022951075 1)
(0.93073318 -0.0102754146 1)
(0.9288438186 -0.01033242636 1)
(0.926954161 -0.01041129238 1)
(0.9250650979 -0.01050912328 1)
(0.9231768985 -0.01062159396 1)
(0.921289526 -0.01074619495 1)
(0.9194033136 -0.01088658915 1)
(0.9175191381 -0.01105130824 1)
(0.9156363201 -0.01123233565 1)
(0.9384824585 -0.00824123233 1)
(0.9365206446 -0.008226560801 1)
(0.9345613164 -0.008220326924 1)
(0.9326028607 -0.008225651496 1)
(0.9306443973 -0.008230510033 1)
(0.9286846513 -0.0082511781 1)
(0.9267234811 -0.008300643966 1)
(0.9247624527 -0.008371690012 1)
(0.9228021075 -0.008457560258 1)
(0.9208424486 -0.008555591361 1)
(0.9188837464 -0.008669744845 1)
(0.9169267729 -0.008808685377 1)
(0.9149709022 -0.008965470293 1)
(0.9386730897 -0.006348685172 1)
(0.9366407328 -0.006302758988 1)
(0.9346117065 -0.006257513093 1)
(0.9325836603 -0.006221792245 1)
(0.9305556145 -0.006185605462 1)
(0.928525484 -0.006169929843 1)
(0.9264928012 -0.006189995557 1)
(0.9244598075 -0.006234256739 1)
(0.9224273165 -0.006293526553 1)
(0.9203953712 -0.006364987767 1)
(0.9183641792 -0.006452900537 1)
(0.9163344078 -0.006566062519 1)
(0.9143054843 -0.006698604941 1)
(0.9388637208 -0.004456138015 1)
(0.936760821 -0.004378957175 1)
(0.9346620967 -0.004294699262 1)
(0.9325644599 -0.004217932994 1)
(0.9304668318 -0.004140700891 1)
(0.9283663168 -0.004088681586 1)
(0.9262621213 -0.004079347148 1)
(0.9241571623 -0.004096823466 1)
(0.9220525255 -0.004129492848 1)
(0.9199482937 -0.004174384173 1)
(0.9178446121 -0.004236056229 1)
(0.9157420427 -0.004323439661 1)
(0.9136400664 -0.004431739589 1)
(0.939054352 -0.002563590857 1)
(0.9368809092 -0.002455155363 1)
(0.9347124868 -0.002331885431 1)
(0.9325452596 -0.002214073744 1)
(0.9303780491 -0.002095796321 1)
(0.9282071495 -0.002007433329 1)
(0.9260314414 -0.001968698739 1)
(0.9238545171 -0.001959390193 1)
(0.9216777346 -0.001965459143 1)
(0.9195012163 -0.001983780579 1)
(0.9173250449 -0.00201921192 1)
(0.9151496776 -0.002080816803 1)
(0.9129746484 -0.002164874238 1)
(0.9392449832 -0.0006710436988 1)
(0.9370009975 -0.0005313535503 1)
(0.934762877 -0.0003690715997 1)
(0.9325260592 -0.0002102144927 1)
(0.9302892664 -5.089174988e-05 1)
(0.9280479822 7.381492844e-05 1)
(0.9258007615 0.0001419496698 1)
(0.9235518719 0.0001780430802 1)
(0.9213029436 0.0001985745622 1)
(0.9190541389 0.0002068230151 1)
(0.9168054777 0.0001976323882 1)
(0.9145573125 0.0001618060545 1)
(0.9123092305 0.0001019911143 1)
(0.9394356143 0.001221503459 1)
(0.9371210857 0.001392448262 1)
(0.9348132671 0.001593742231 1)
(0.9325068588 0.001793644758 1)
(0.9302004836 0.001994012821 1)
(0.927888815 0.002155063185 1)
(0.9255700816 0.002252598079 1)
(0.9232492267 0.002315476353 1)
(0.9209281526 0.002362608267 1)
(0.9186070615 0.002397426609 1)
(0.9162859105 0.002414476697 1)
(0.9139649474 0.002404428912 1)
(0.9116438126 0.002368856466 1)
(0.9396262455 0.003114050617 1)
(0.9372411739 0.003316250075 1)
(0.9348636573 0.003556556063 1)
(0.9324876584 0.003797504009 1)
(0.9301117009 0.004038917392 1)
(0.9277296477 0.004236311442 1)
(0.9253394017 0.004363246488 1)
(0.9229465816 0.004452909626 1)
(0.9205533616 0.004526641972 1)
(0.918159984 0.004588030203 1)
(0.9157663434 0.004631321005 1)
(0.9133725823 0.00464705177 1)
(0.9109783947 0.004635721818 1)
(0.9398168767 0.005006597775 1)
(0.9373612621 0.005240051887 1)
(0.9349140474 0.005519369894 1)
(0.932468458 0.00580136326 1)
(0.9300229182 0.006083821962 1)
(0.9275704805 0.006317559699 1)
(0.9251087218 0.006473894897 1)
(0.9226439364 0.006590342899 1)
(0.9201785706 0.006690675677 1)
(0.9177129066 0.006778633797 1)
(0.9152467762 0.006848165313 1)
(0.9127802172 0.006889674628 1)
(0.9103129768 0.00690258717 1)
(0.9400075079 0.006899144933 1)
(0.9374813504 0.0071638537 1)
(0.9349644376 0.007482183725 1)
(0.9324492577 0.007805222511 1)
(0.9299341355 0.008128726533 1)
(0.9274113132 0.008398807956 1)
(0.9248780419 0.008584543306 1)
(0.9223412912 0.008727776172 1)
(0.9198037797 0.008854709382 1)
(0.9172658292 0.008969237391 1)
(0.914727209 0.009065009622 1)
(0.9121878521 0.009132297486 1)
(0.9096475589 0.009169452522 1)
(0.940198139 0.008791692091 1)
(0.9376014386 0.009087655513 1)
(0.9350148277 0.009444997556 1)
(0.9324300573 0.009809081762 1)
(0.9298453527 0.0101736311 1)
(0.9272521459 0.01048005621 1)
(0.924647362 0.01069519172 1)
(0.922038646 0.01086520944 1)
(0.9194289887 0.01101874309 1)
(0.9168187517 0.01115984099 1)
(0.9142076418 0.01128185393 1)
(0.911595487 0.01137492034 1)
(0.908982141 0.01143631787 1)
(0.9403887702 0.01068423925 1)
(0.9377215268 0.01101145733 1)
(0.9350652179 0.01140781139 1)
(0.9324108569 0.01181294101 1)
(0.92975657 0.01221853567 1)
(0.9270929787 0.01256130447 1)
(0.9244166821 0.01280584012 1)
(0.9217360008 0.01300264272 1)
(0.9190541977 0.01318277679 1)
(0.9163716743 0.01335044458 1)
(0.9136880747 0.01349869824 1)
(0.9110031219 0.0136175432 1)
(0.9083167231 0.01370318323 1)
(0.9405794014 0.01257678641 1)
(0.937841615 0.01293525914 1)
(0.935115608 0.01337062522 1)
(0.9323916565 0.01381680026 1)
(0.9296677873 0.01426344025 1)
(0.9269338114 0.01464255273 1)
(0.9241860022 0.01491648853 1)
(0.9214333556 0.01514007599 1)
(0.9186794067 0.0153468105 1)
(0.9159245969 0.01554104817 1)
(0.9131685075 0.01571554255 1)
(0.9104107568 0.01586016606 1)
(0.9076513052 0.01597004858 1)
(0.8859935521 -0.02527405383 1)
(0.8815631556 -0.02260475526 1)
(0.8771327591 -0.01993545668 1)
(0.8727023626 -0.01726615811 1)
(0.8682719661 -0.01459685953 1)
(0.8638415696 -0.01192756096 1)
(0.8594111731 -0.009258262381 1)
(0.8549807766 -0.006588963805 1)
(0.8505503801 -0.003919665229 1)
(0.8461199836 -0.001250366654 1)
(0.8416895871 0.001418931922 1)
(0.8372591907 0.004088230497 1)
(0.8328287942 0.006757529073 1)
(0.886443767 -0.02302374743 1)
(0.8824179573 -0.02041745486 1)
(0.8783921476 -0.01781116229 1)
(0.8743663379 -0.01520486972 1)
(0.8703405282 -0.01259857715 1)
(0.8663147185 -0.009992284586 1)
(0.8622889088 -0.007385992017 1)
(0.8582630991 -0.004779699448 1)
(0.8542372894 -0.002173406879 1)
(0.8502114797 0.00043288569 1)
(0.84618567 0.003039178259 1)
(0.8421598603 0.005645470828 1)
(0.8381340506 0.008251763397 1)
(0.8877230494 -0.02094351571 1)
(0.8840404943 -0.01839737152 1)
(0.8803579391 -0.01585122733 1)
(0.8766753839 -0.01330508314 1)
(0.8729928287 -0.01075893895 1)
(0.8693102735 -0.00821279476 1)
(0.8656277184 -0.005666650571 1)
(0.8619451632 -0.003120506382 1)
(0.858262608 -0.0005743621929 1)
(0.8545800528 0.001971781996 1)
(0.8508974976 0.004517926185 1)
(0.8472149424 0.007064070375 1)
(0.8435323873 0.009610214564 1)
(0.8894805773 -0.01915540322 1)
(0.8861067552 -0.01665754609 1)
(0.882732933 -0.01415968895 1)
(0.8793591109 -0.01166183182 1)
(0.8759852887 -0.00916397468 1)
(0.8726114666 -0.006666117545 1)
(0.8692376444 -0.004168260409 1)
(0.8658638223 -0.001670403274 1)
(0.8624900002 0.0008274538619 1)
(0.859116178 0.003325310997 1)
(0.8557423559 0.005823168133 1)
(0.8523685337 0.008321025268 1)
(0.8489947116 0.0108188824 1)
(0.8915149366 -0.01763193536 1)
(0.8884301873 -0.01517056336 1)
(0.885345438 -0.01270919135 1)
(0.8822606887 -0.01024781935 1)
(0.8791759394 -0.007786447351 1)
(0.87609119 -0.005325075349 1)
(0.8730064407 -0.002863703348 1)
(0.8699216914 -0.0004023313459 1)
(0.8668369421 0.002059040656 1)
(0.8637521928 0.004520412657 1)
(0.8606674435 0.006981784659 1)
(0.8575826942 0.00944315666 1)
(0.8544979449 0.01190452866 1)
(0.8937420454 -0.01636166612 1)
(0.8909328771 -0.01392503062 1)
(0.8881237088 -0.01148839512 1)
(0.8853145404 -0.00905175962 1)
(0.8825053721 -0.00661512412 1)
(0.8796962038 -0.004178488619 1)
(0.8768870355 -0.001741853119 1)
(0.8740778672 0.0006947823819 1)
(0.8712686988 0.003131417882 1)
(0.8684595305 0.005568053383 1)
(0.8656503622 0.008004688883 1)
(0.8628411939 0.01044132438 1)
(0.8600320255 0.01287795988 1)
(0.8960928126 -0.01530551745 1)
(0.893550988 -0.01288543364 1)
(0.8910091633 -0.01046534983 1)
(0.8884673387 -0.008045266017 1)
(0.885925514 -0.005625182206 1)
(0.8833836894 -0.003205098394 1)
(0.8808418648 -0.0007850145824 1)
(0.8783000401 0.001635069229 1)
(0.8757582155 0.004055153041 1)
(0.8732163908 0.006475236852 1)
(0.8706745662 0.008895320664 1)
(0.8681327415 0.01131540448 1)
(0.8655909169 0.01373548829 1)
(0.8985247763 -0.01442909075 1)
(0.8962452807 -0.01202097105 1)
(0.8939657851 -0.009612851348 1)
(0.8916862895 -0.007204731647 1)
(0.8894067939 -0.004796611945 1)
(0.8871272983 -0.002388492243 1)
(0.8848478027 1.962745806e-05 1)
(0.8825683071 0.00242774716 1)
(0.8802888115 0.004835866861 1)
(0.8780093159 0.007243986563 1)
(0.8757298202 0.009652106264 1)
(0.8734503246 0.01206022597 1)
(0.871170829 0.01446834567 1)
(0.9010061315 -0.01369191249 1)
(0.8989862826 -0.01129504376 1)
(0.8969664338 -0.008898175028 1)
(0.894946585 -0.006501306296 1)
(0.8929267362 -0.004104437565 1)
(0.8909068874 -0.001707568834 1)
(0.8888870386 0.0006892998973 1)
(0.8868671898 0.003086168628 1)
(0.884847341 0.00548303736 1)
(0.8828274921 0.007879906091 1)
(0.8808076433 0.01027677482 1)
(0.8787877945 0.01267364355 1)
(0.8767679457 0.01507051228 1)
(0.9035179161 -0.01305888417 1)
(0.9017563205 -0.01067591629 1)
(0.8999947249 -0.008292948401 1)
(0.8982331293 -0.005909980516 1)
(0.8964715337 -0.003527012631 1)
(0.8947099381 -0.001144044745 1)
(0.8929483425 0.00123892314 1)
(0.8911867469 0.003621891025 1)
(0.8894251514 0.00600485891 1)
(0.8876635558 0.008387826796 1)
(0.8859019602 0.01077079468 1)
(0.8841403646 0.01315376257 1)
(0.882378769 0.01553673045 1)
(0.9060568958 -0.01253725562 1)
(0.9045521739 -0.01017060261 1)
(0.9030474521 -0.007803949599 1)
(0.9015427302 -0.005437296588 1)
(0.9000380083 -0.003070643577 1)
(0.8985332864 -0.0007039905654 1)
(0.8970285646 0.001662662446 1)
(0.8955238427 0.004029315457 1)
(0.8940191208 0.006395968468 1)
(0.8925143989 0.00876262148 1)
(0.8910096771 0.01112927449 1)
(0.8895049552 0.0134959275 1)
(0.8880002333 0.01586258051 1)
(0.9086114848 -0.01209521344 1)
(0.9073628814 -0.009749716383 1)
(0.906114278 -0.007404219326 1)
(0.9048656747 -0.005058722269 1)
(0.9036170713 -0.002713225213 1)
(0.9023684679 -0.0003677281559 1)
(0.9011198645 0.001977768901 1)
(0.8998712611 0.004323265958 1)
(0.8986226578 0.006668763014 1)
(0.8973740544 0.009014260071 1)
(0.896125451 0.01135975713 1)
(0.8948768476 0.01370525418 1)
(0.8936282442 0.01605075124 1)
(0.9111802568 -0.01173885139 1)
(0.9101868592 -0.009418196565 1)
(0.9091934617 -0.007097541744 1)
(0.9082000641 -0.004776886922 1)
(0.9072066665 -0.002456232101 1)
(0.906213269 -0.0001355772802 1)
(0.9052198714 0.002185077541 1)
(0.9042264738 0.004505732362 1)
(0.9032330763 0.006826387183 1)
(0.9022396787 0.009147042004 1)
(0.9012462811 0.01146769683 1)
(0.9002528835 0.01378835165 1)
(0.899259486 0.01610900647 1)
(0.8862958179 -0.04686500087 1)
(0.8814012071 -0.04434508816 1)
(0.8765065964 -0.04182517546 1)
(0.8716119857 -0.03930526276 1)
(0.866717375 -0.03678535005 1)
(0.8618227643 -0.03426543735 1)
(0.8569281536 -0.03174552464 1)
(0.8520335429 -0.02922561194 1)
(0.8471389321 -0.02670569923 1)
(0.8422443214 -0.02418578653 1)
(0.8373497107 -0.02166587383 1)
(0.8324551 -0.01914596112 1)
(0.8275604893 -0.01662604842 1)
(0.8862071286 -0.06633692388 1)
(0.8813154 -0.06401085061 1)
(0.8764236714 -0.06168477735 1)
(0.8715319429 -0.05935870408 1)
(0.8666402143 -0.05703263082 1)
(0.8617484857 -0.05470655755 1)
(0.8568567571 -0.05238048429 1)
(0.8519650286 -0.05005441102 1)
(0.8470733 -0.04772833776 1)
(0.8421815714 -0.04540226449 1)
(0.8372898429 -0.04307619122 1)
(0.8323981143 -0.04075011796 1)
(0.8275063857 -0.03842404469 1)
(0.8861184393 -0.08580884689 1)
(0.8812295929 -0.08367661306 1)
(0.8763407464 -0.08154437923 1)
(0.8714519 -0.07941214541 1)
(0.8665630536 -0.07727991158 1)
(0.8616742071 -0.07514767776 1)
(0.8567853607 -0.07301544393 1)
(0.8518965143 -0.0708832101 1)
(0.8470076679 -0.06875097628 1)
(0.8421188214 -0.06661874245 1)
(0.837229975 -0.06448650862 1)
(0.8323411286 -0.0623542748 1)
(0.8274522821 -0.06022204097 1)
(0.88602975 -0.1052807699 1)
(0.8811437857 -0.1033423755 1)
(0.8762578214 -0.1014039811 1)
(0.8713718571 -0.09946558673 1)
(0.8664858929 -0.09752719235 1)
(0.8615999286 -0.09558879796 1)
(0.8567139643 -0.09365040357 1)
(0.851828 -0.09171200918 1)
(0.8469420357 -0.0897736148 1)
(0.8420560714 -0.08783522041 1)
(0.8371701071 -0.08589682602 1)
(0.8322841429 -0.08395843163 1)
(0.8273981786 -0.08202003724 1)
(0.8859410607 -0.1247526929 1)
(0.8810579786 -0.123008138 1)
(0.8761748964 -0.121263583 1)
(0.8712918143 -0.1195190281 1)
(0.8664087321 -0.1177744731 1)
(0.86152565 -0.1160299182 1)
(0.8566425679 -0.1142853632 1)
(0.8517594857 -0.1125408083 1)
(0.8468764036 -0.1107962533 1)
(0.8419933214 -0.1090516984 1)
(0.8371102393 -0.1073071434 1)
(0.8322271571 -0.1055625885 1)
(0.827344075 -0.1038180335 1)
(0.8858523714 -0.1442246159 1)
(0.8809721714 -0.1426739004 1)
(0.8760919714 -0.1411231849 1)
(0.8712117714 -0.1395724694 1)
(0.8663315714 -0.1380217539 1)
(0.8614513714 -0.1364710384 1)
(0.8565711714 -0.1349203229 1)
(0.8516909714 -0.1333696073 1)
(0.8468107714 -0.1318188918 1)
(0.8419305714 -0.1302681763 1)
(0.8370503714 -0.1287174608 1)
(0.8321701714 -0.1271667453 1)
(0.8272899714 -0.1256160298 1)
(0.8857636821 -0.1636965389 1)
(0.8808863643 -0.1623396629 1)
(0.8760090464 -0.1609827868 1)
(0.8711317286 -0.1596259107 1)
(0.8662544107 -0.1582690346 1)
(0.8613770929 -0.1569121586 1)
(0.856499775 -0.1555552825 1)
(0.8516224571 -0.1541984064 1)
(0.8467451393 -0.1528415304 1)
(0.8418678214 -0.1514846543 1)
(0.8369905036 -0.1501277782 1)
(0.8321131857 -0.1487709021 1)
(0.8272358679 -0.1474140261 1)
(0.8856749929 -0.1831684619 1)
(0.8808005571 -0.1820054253 1)
(0.8759261214 -0.1808423887 1)
(0.8710516857 -0.179679352 1)
(0.86617725 -0.1785163154 1)
(0.8613028143 -0.1773532788 1)
(0.8564283786 -0.1761902421 1)
(0.8515539429 -0.1750272055 1)
(0.8466795071 -0.1738641689 1)
(0.8418050714 -0.1727011322 1)
(0.8369306357 -0.1715380956 1)
(0.8320562 -0.170375059 1)
(0.8271817643 -0.1692120223 1)
(0.8855863036 -0.2026403849 1)
(0.88071475 -0.2016711878 1)
(0.8758431964 -0.2007019906 1)
(0.8709716429 -0.1997327934 1)
(0.8661000893 -0.1987635962 1)
(0.8612285357 -0.197794399 1)
(0.8563569821 -0.1968252018 1)
(0.8514854286 -0.1958560046 1)
(0.846613875 -0.1948868074 1)
(0.8417423214 -0.1939176102 1)
(0.8368707679 -0.192948413 1)
(0.8319992143 -0.1919792158 1)
(0.8271276607 -0.1910100186 1)
(0.8854976143 -0.222112308 1)
(0.8806289429 -0.2213369502 1)
(0.8757602714 -0.2205615924 1)
(0.8708916 -0.2197862347 1)
(0.8660229286 -0.2190108769 1)
(0.8611542571 -0.2182355192 1)
(0.8562855857 -0.2174601614 1)
(0.8514169143 -0.2166848037 1)
(0.8465482429 -0.2159094459 1)
(0.8416795714 -0.2151340882 1)
(0.8368109 -0.2143587304 1)
(0.8319422286 -0.2135833727 1)
(0.8270735571 -0.2128080149 1)
(0.885408925 -0.241584231 1)
(0.8805431357 -0.2410027127 1)
(0.8756773464 -0.2404211943 1)
(0.8708115571 -0.239839676 1)
(0.8659457679 -0.2392581577 1)
(0.8610799786 -0.2386766394 1)
(0.8562141893 -0.2380951211 1)
(0.8513484 -0.2375136028 1)
(0.8464826107 -0.2369320844 1)
(0.8416168214 -0.2363505661 1)
(0.8367510321 -0.2357690478 1)
(0.8318852429 -0.2351875295 1)
(0.8270194536 -0.2346060112 1)
(0.8853202357 -0.261056154 1)
(0.8804573286 -0.2606684751 1)
(0.8755944214 -0.2602807962 1)
(0.8707315143 -0.2598931173 1)
(0.8658686071 -0.2595054385 1)
(0.8610057 -0.2591177596 1)
(0.8561427929 -0.2587300807 1)
(0.8512798857 -0.2583424018 1)
(0.8464169786 -0.257954723 1)
(0.8415540714 -0.2575670441 1)
(0.8366911643 -0.2571793652 1)
(0.8318282571 -0.2567916863 1)
(0.82696535 -0.2564040074 1)
(0.8852315464 -0.280528077 1)
(0.8803715214 -0.2803342376 1)
(0.8755114964 -0.2801403981 1)
(0.8706514714 -0.2799465587 1)
(0.8657914464 -0.2797527192 1)
(0.8609314214 -0.2795588798 1)
(0.8560713964 -0.2793650404 1)
(0.8512113714 -0.2791712009 1)
(0.8463513464 -0.2789773615 1)
(0.8414913214 -0.278783522 1)
(0.8366312964 -0.2785896826 1)
(0.8317712714 -0.2783958432 1)
(0.8269112464 -0.2782020037 1)
(0.9586996625 -0.058208052 1)
(0.9585249632 -0.07581842162 1)
(0.9583502639 -0.09342879125 1)
(0.9581755646 -0.1110391609 1)
(0.9580008652 -0.1286495305 1)
(0.9578261659 -0.1462599001 1)
(0.9576514666 -0.1638702698 1)
(0.9574767673 -0.1814806394 1)
(0.957302068 -0.199091009 1)
(0.9571273687 -0.2167013786 1)
(0.9569526694 -0.2343117483 1)
(0.9567779701 -0.2519221179 1)
(0.9566032707 -0.2695324875 1)
(0.9360443266 -0.0556841632 1)
(0.9359090487 -0.07381834845 1)
(0.9357737709 -0.09195253369 1)
(0.935638493 -0.1100867189 1)
(0.9355032151 -0.1282209042 1)
(0.9353679373 -0.1463550894 1)
(0.9352326594 -0.1644892747 1)
(0.9350973815 -0.1826234599 1)
(0.9349621036 -0.2007576452 1)
(0.9348268258 -0.2188918304 1)
(0.9346915479 -0.2370260157 1)
(0.93455627 -0.2551602009 1)
(0.9344209922 -0.2732943862 1)
(0.9133833466 -0.05320255515 1)
(0.9132879243 -0.07185730365 1)
(0.9131925021 -0.09051205216 1)
(0.9130970798 -0.1091668007 1)
(0.9130016575 -0.1278215492 1)
(0.9129062353 -0.1464762977 1)
(0.912810813 -0.1651310462 1)
(0.9127153907 -0.1837857947 1)
(0.9126199685 -0.2024405432 1)
(0.9125245462 -0.2210952917 1)
(0.9124291239 -0.2397500402 1)
(0.9123337017 -0.2584047887 1)
(0.9122382794 -0.2770595372 1)
(0.8127142857 -4.664285714 1)
(0.8082857143 -4.328571429 1)
(0.8038571429 -3.992857143 1)
(0.7994285714 -3.657142857 1)
(0.8197142857 -4.664285714 1)
(0.8151428571 -4.328571429 1)
(0.8105714286 -3.992857143 1)
(0.806 -3.657142857 1)
(0.8014285714 -3.321428571 1)
(0.8267142857 -4.664285714 1)
(0.822 -4.328571429 1)
(0.8172857143 -3.992857143 1)
(0.8125714286 -3.657142857 1)
(0.8078571429 -3.321428571 1)
(0.8031428571 -2.985714286 1)
(0.7984285714 -2.65 1)
(0.8337142857 -4.664285714 1)
(0.8288571429 -4.328571429 1)
(0.824 -3.992857143 1)
(0.8191428571 -3.657142857 1)
(0.8142857143 -3.321428571 1)
(0.8094285714 -2.985714286 1)
(0.8045714286 -2.65 1)
(0.7997142857 -2.314285714 1)
(0.8407142857 -4.664285714 1)
(0.8357142857 -4.328571429 1)
(0.8307142857 -3.992857143 1)
(0.8257142857 -3.657142857 1)
(0.8207142857 -3.321428571 1)
(0.8157142857 -2.985714286 1)
(0.8107142857 -2.65 1)
(0.8057142857 -2.314285714 1)
(0.8007142857 -1.978571429 1)
(0.7957142857 -1.642857143 1)
(0.8477142857 -4.664285714 1)
(0.8425714286 -4.328571429 1)
(0.8374285714 -3.992857143 1)
(0.8322857143 -3.657142857 1)
(0.8271428571 -3.321428571 1)
(0.822 -2.985714286 1)
(0.8168571429 -2.65 1)
(0.8117142857 -2.314285714 1)
(0.8065714286 -1.978571429 1)
(0.8014285714 -1.642857143 1)
(0.7962857143 -1.307142857 1)
(0.8547142857 -4.664285714 1)
(0.8494285714 -4.328571429 1)
(0.8441428571 -3.992857143 1)
(0.8388571429 -3.657142857 1)
(0.8335714286 -3.321428571 1)
(0.8282857143 -2.985714286 1)
(0.823 -2.65 1)
(0.8177142857 -2.314285714 1)
(0.8124285714 -1.978571429 1)
(0.8071428571 -1.642857143 1)
(0.8018571429 -1.307142857 1)
(0.7965714286 -0.9714285714 1)
(0.8617142857 -4.664285714 1)
(0.8562857143 -4.328571429 1)
(0.8508571429 -3.992857143 1)
(0.8454285714 -3.657142857 1)
(0.84 -3.321428571 1)
(0.8345714286 -2.985714286 1)
(0.8291428571 -2.65 1)
(0.8237142857 -2.314285714 1)
(0.8182857143 -1.978571429 1)
(0.8128571429 -1.642857143 1)
(0.8074285714 -1.307142857 1)
(0.802 -0.9714285714 1)
(0.7965714286 -0.6357142857 1)
(0.8687142857 -4.664285714 1)
(0.8631428571 -4.328571429 1)
(0.8575714286 -3.992857143 1)
(0.852 -3.657142857 1)
(0.8464285714 -3.321428571 1)
(0.8408571429 -2.985714286 1)
(0.8352857143 -2.65 1)
(0.8297142857 -2.314285714 1)
(0.8241428571 -1.978571429 1)
(0.8185714286 -1.642857143 1)
(0.813 -1.307142857 1)
(0.8074285714 -0.9714285714 1)
(0.8018571429 -0.6357142857 1)
(0.8757142857 -4.664285714 1)
(0.87 -4.328571429 1)
(0.8642857143 -3.992857143 1)
(0.8585714286 -3.657142857 1)
(0.8528571429 -3.321428571 1)
(0.8471428571 -2.985714286 1)
(0.8414285714 -2.65 1)
(0.8357142857 -2.314285714 1)
(0.83 -1.978571429 1)
(0.8242857143 -1.642857143 1)
(0.8185714286 -1.307142857 1)
(0.8128571429 -0.9714285714 1)
(0.8071428571 -0.6357142857 1)
(0.8827142857 -4.664285714 1)
(0.8768571429 -4.328571429 1)
(0.871 -3.992857143 1)
(0.8651428571 -3.657142857 1)
(0.8592857143 -3.321428571 1)
(0.8534285714 -2.985714286 1)
(0.8475714286 -2.65 1)
(0.8417142857 -2.314285714 1)
(0.8358571429 -1.978571429 1)
(0.83 -1.642857143 1)
(0.8241428571 -1.307142857 1)
(0.8182857143 -0.9714285714 1)
(0.8124285714 -0.6357142857 1)
(0.8897142857 -4.664285714 1)
(0.8837142857 -4.328571429 1)
(0.8777142857 -3.992857143 1)
(0.8717142857 -3.657142857 1)
(0.8657142857 -3.321428571 1)
(0.8597142857 -2.985714286 1)
(0.8537142857 -2.65 1)
(0.8477142857 -2.314285714 1)
(0.8417142857 -1.978571429 1)
(0.8357142857 -1.642857143 1)
(0.8297142857 -1.307142857 1)
(0.8237142857 -0.9714285714 1)
(0.8177142857 -0.6357142857 1)
(0.8967142857 -4.664285714 1)
(0.8905714286 -4.328571429 1)
(0.8844285714 -3.992857143 1)
(0.8782857143 -3.657142857 1)
(0.8721428571 -3.321428571 1)
(0.866 -2.985714286 1)
(0.8598571429 -2.65 1)
(0.8537142857 -2.314285714 1)
(0.8475714286 -1.978571429 1)
(0.8414285714 -1.642857143 1)
(0.8352857143 -1.307142857 1)
(0.8291428571 -0.9714285714 1)
(0.823 -0.6357142857 1)
(0.8333571429 -0.6357142857 1)
(0.8398571429 -0.9714285714 1)
(0.8463571429 -1.307142857 1)
(0.8528571429 -1.642857143 1)
(0.8593571429 -1.978571429 1)
(0.8658571429 -2.314285714 1)
(0.8723571429 -2.65 1)
(0.8788571429 -2.985714286 1)
(0.8853571429 -3.321428571 1)
(0.8918571429 -3.657142857 1)
(0.8983571429 -3.992857143 1)
(0.9048571429 -4.328571429 1)
(0.9113571429 -4.664285714 1)
(0.8384285714 -0.6357142857 1)
(0.8451428571 -0.9714285714 1)
(0.8518571429 -1.307142857 1)
(0.8585714286 -1.642857143 1)
(0.8652857143 -1.978571429 1)
(0.872 -2.314285714 1)
(0.8787142857 -2.65 1)
(0.8854285714 -2.985714286 1)
(0.8921428571 -3.321428571 1)
(0.8988571429 -3.657142857 1)
(0.9055714286 -3.992857143 1)
(0.9122857143 -4.328571429 1)
(0.919 -4.664285714 1)
(0.8435 -0.6357142857 1)
(0.8504285714 -0.9714285714 1)
(0.8573571429 -1.307142857 1)
(0.8642857143 -1.642857143 1)
(0.8712142857 -1.978571429 1)
(0.8781428571 -2.314285714 1)
(0.8850714286 -2.65 1)
(0.892 -2.985714286 1)
(0.8989285714 -3.321428571 1)
(0.9058571429 -3.657142857 1)
(0.9127857143 -3.992857143 1)
(0.9197142857 -4.328571429 1)
(0.9266428571 -4.664285714 1)
(0.8485714286 -0.6357142857 1)
(0.8557142857 -0.9714285714 1)
(0.8628571429 -1.307142857 1)
(0.87 -1.642857143 1)
(0.8771428571 -1.978571429 1)
(0.8842857143 -2.314285714 1)
(0.8914285714 -2.65 1)
(0.8985714286 -2.985714286 1)
(0.9057142857 -3.321428571 1)
(0.9128571429 -3.657142857 1)
(0.92 -3.992857143 1)
(0.9271428571 -4.328571429 1)
(0.9342857143 -4.664285714 1)
(0.8536428571 -0.6357142857 1)
(0.861 -0.9714285714 1)
(0.8683571429 -1.307142857 1)
(0.8757142857 -1.642857143 1)
(0.8830714286 -1.978571429 1)
(0.8904285714 -2.314285714 1)
(0.8977857143 -2.65 1)
(0.9051428571 -2.985714286 1)
(0.9125 -3.321428571 1)
(0.9198571429 -3.657142857 1)
(0.9272142857 -3.992857143 1)
(0.9345714286 -4.328571429 1)
(0.9419285714 -4.664285714 1)
(0.8587142857 -0.6357142857 1)
(0.8662857143 -0.9714285714 1)
(0.8738571429 -1.307142857 1)
(0.8814285714 -1.642857143 1)
(0.889 -1.978571429 1)
(0.8965714286 -2.314285714 1)
(0.9041428571 -2.65 1)
(0.9117142857 -2.985714286 1)
(0.9192857143 -3.321428571 1)
(0.9268571429 -3.657142857 1)
(0.9344285714 -3.992857143 1)
(0.942 -4.328571429 1)
(0.9495714286 -4.664285714 1)
(0.8637857143 -0.6357142857 1)
(0.8715714286 -0.9714285714 1)
(0.8793571429 -1.307142857 1)
(0.8871428571 -1.642857143 1)
(0.8949285714 -1.978571429 1)
(0.9027142857 -2.314285714 1)
(0.9105 -2.65 1)
(0.9182857143 -2.985714286 1)
(0.9260714286 -3.321428571 1)
(0.9338571429 -3.657142857 1)
(0.9416428571 -3.992857143 1)
(0.9494285714 -4.328571429 1)
(0.9572142857 -4.664285714 1)
(0.8688571429 -0.6357142857 1)
(0.8768571429 -0.9714285714 1)
(0.8848571429 -1.307142857 1)
(0.8928571429 -1.642857143 1)
(0.9008571429 -1.978571429 1)
(0.9088571429 -2.314285714 1)
(0.9168571429 -2.65 1)
(0.9248571429 -2.985714286 1)
(0.9328571429 -3.321428571 1)
(0.9408571429 -3.657142857 1)
(0.9488571429 -3.992857143 1)
(0.9568571429 -4.328571429 1)
(0.9648571429 -4.664285714 1)
(0.8739285714 -0.6357142857 1)
(0.8821428571 -0.9714285714 1)
(0.8903571429 -1.307142857 1)
(0.8985714286 -1.642857143 1)
(0.9067857143 -1.978571429 1)
(0.915 -2.314285714 1)
(0.9232142857 -2.65 1)
(0.9314285714 -2.985714286 1)
(0.9396428571 -3.321428571 1)
(0.9478571429 -3.657142857 1)
(0.9560714286 -3.992857143 1)
(0.9642857143 -4.328571429 1)
(0.879 -0.6357142857 1)
(0.8874285714 -0.9714285714 1)
(0.8958571429 -1.307142857 1)
(0.9042857143 -1.642857143 1)
(0.9127142857 -1.978571429 1)
(0.9211428571 -2.314285714 1)
(0.9295714286 -2.65 1)
(0.938 -2.985714286 1)
(0.9464285714 -3.321428571 1)
(0.9548571429 -3.657142857 1)
(0.9632857143 -3.992857143 1)
(0.8840714286 -0.6357142857 1)
(0.8927142857 -0.9714285714 1)
(0.9013571429 -1.307142857 1)
(0.91 -1.642857143 1)
(0.9186428571 -1.978571429 1)
(0.9272857143 -2.314285714 1)
(0.9359285714 -2.65 1)
(0.9445714286 -2.985714286 1)
(0.9532142857 -3.321428571 1)
(0.9618571429 -3.657142857 1)
(0.8891428571 -0.6357142857 1)
(0.898 -0.9714285714 1)
(0.9068571429 -1.307142857 1)
(0.9157142857 -1.642857143 1)
(0.9245714286 -1.978571429 1)
(0.9334285714 -2.314285714 1)
(0.9422857143 -2.65 1)
(0.9511428571 -2.985714286 1)
(0.96 -3.321428571 1)
(0.8942142857 -0.6357142857 1)
(0.9032857143 -0.9714285714 1)
(0.9123571429 -1.307142857 1)
(0.9214285714 -1.642857143 1)
(0.9305 -1.978571429 1)
(0.9395714286 -2.314285714 1)
(0.9486428571 -2.65 1)
(0.9577142857 -2.985714286 1)
(0.9660204082 -2.311836735 1)
(0.9570408163 -1.975816327 1)
(0.9480612245 -1.639795918 1)
(0.9390816327 -1.30377551 1)
(0.9301020408 -0.967755102 1)
(0.921122449 -0.6317346939 1)
(0.9689795918 -1.636734694 1)
(0.9603061224 -1.300408163 1)
(0.9516326531 -0.9640816327 1)
(0.9429591837 -0.627755102 1)
(0.9647959184 -0.6237755102 1)
(0.8168931499 -0.01567383814 1)
(0.8111492521 -0.01733749515 1)
(0.8054131527 -0.01902653051 1)
(0.79968267 -0.02073330903 1)
(0.8168903801 -0.03754508136 1)
(0.8111927162 -0.03908076476 1)
(0.8055022508 -0.04063987432 1)
(0.7998169701 -0.04221536218 1)
(0.8168876104 -0.05941632458 1)
(0.8112361804 -0.06082403436 1)
(0.805591349 -0.06225321812 1)
(0.7999512702 -0.06369741533 1)
(0.8168848406 -0.0812875678 1)
(0.8112796445 -0.08256730397 1)
(0.8056804471 -0.08386656193 1)
(0.8000855703 -0.08517946848 1)
(0.8168820708 -0.103158811 1)
(0.8113231086 -0.1043105736 1)
(0.8057695453 -0.1054799057 1)
(0.8002198705 -0.1066615216 1)
(0.816879301 -0.1250300542 1)
(0.8113665727 -0.1260538432 1)
(0.8058586434 -0.1270932495 1)
(0.8003541706 -0.1281435748 1)
(0.8168765313 -0.1469012975 1)
(0.8114100368 -0.1477971128 1)
(0.8059477415 -0.1487065934 1)
(0.8004884707 -0.1496256279 1)
(0.8168737615 -0.1687725407 1)
(0.811453501 -0.1695403824 1)
(0.8060368397 -0.1703199372 1)
(0.8006227708 -0.1711076811 1)
(0.8168709917 -0.1906437839 1)
(0.8114969651 -0.191283652 1)
(0.8061259378 -0.191933281 1)
(0.8007570709 -0.1925897342 1)
(0.8168682219 -0.2125150271 1)
(0.8115404292 -0.2130269216 1)
(0.806215036 -0.2135466248 1)
(0.800891371 -0.2140717874 1)
(0.8168654522 -0.2343862703 1)
(0.8115838933 -0.2347701912 1)
(0.8063041341 -0.2351599686 1)
(0.8010256711 -0.2355538405 1)
(0.8168626824 -0.2562575136 1)
(0.8116273575 -0.2565134608 1)
(0.8063932323 -0.2567733124 1)
(0.8011599712 -0.2570358937 1)
(0.8168599126 -0.2781287568 1)
(0.8116708216 -0.2782567304 1)
(0.8064823304 -0.2783866562 1)
(0.8012942713 -0.2785179468 1)
(0.8859812171 0.303482129 1)
(0.8705025214 0.3063143969 1)
(0.8550229298 0.3091421709 1)
(0.8395423527 0.3119648563 1)
(0.8240607459 0.3147820513 1)
(0.8085781015 0.3175935222 1)
(0.7930942681 0.3203981527 1)
(0.87767672 0.2841071151 1)
(0.8624336142 0.286914508 1)
(0.8471887167 0.2897129133 1)
(0.8319418482 0.2925011413 1)
(0.8166929203 0.2952783884 1)
(0.8014419172 0.2980441873 1)
(0.8693722228 0.2647321012 1)
(0.854364707 0.2675146191 1)
(0.8393545037 0.2702836556 1)
(0.8243413438 0.2730374262 1)
(0.8093250947 0.2757747254 1)
(0.794305733 0.2784948524 1)
(0.8610677257 0.2453570873 1)
(0.8462957997 0.2481147303 1)
(0.8315202906 0.2508543979 1)
(0.8167408393 0.2535737111 1)
(0.8019572691 0.2562710625 1)
(0.8527632285 0.2259820734 1)
(0.8382268925 0.2287148414 1)
(0.8236860776 0.2314251403 1)
(0.8091403349 0.234109996 1)
(0.7945894436 0.2367673995 1)
(0.8444587314 0.2066070595 1)
(0.8301579853 0.2093149526 1)
(0.8158518645 0.2119958826 1)
(0.8015398304 0.2146462809 1)
(0.8361542342 0.1872320456 1)
(0.8220890781 0.1899150637 1)
(0.8080176514 0.1925666249 1)
(0.793939326 0.1951825658 1)
(0.8278497371 0.1678570317 1)
(0.8140201709 0.1705151749 1)
(0.8001834384 0.1731373673 1)
(0.8195452399 0.1484820178 1)
(0.8059512637 0.151115286 1)
(0.7923492253 0.1537081096 1)
(0.8112407428 0.129107004 1)
(0.7978823565 0.1317153971 1)
(0.8029362456 0.1097319901 1)
(0.7898134493 0.1123155083 1)
(0.7946317485 0.09035697617 1)
)


// ************************************************************************* //
