/*--------------------------------*- C++ -*----------------------------------*\
| =========                 |                                                 |
| \\      /  F ield         | OpenFOAM: The Open Source CFD Toolbox           |
|  \\    /   O peration     | Version:  2206                                  |
|   \\  /    A nd           | Website:  www.openfoam.com                      |
|    \\/     M anipulation  |                                                 |
\*---------------------------------------------------------------------------*/
FoamFile
{
    version     2.0;
    format      ascii;
    arch        "LSB;label=32;scalar=64";
    class       volVectorField;
    location    "0.02";
    object      U;
}
// * * * * * * * * * * * * * * * * * * * * * * * * * * * * * * * * * * * * * //

dimensions      [0 1 -1 0 0 0 0];

internalField   nonuniform List<vector> 
1396
(
(0.96024734 0.31012302 0)
(0.90895551 0.21507746 -2.3969895e-21)
(0.86881806 0.13587905 0)
(0.85127634 0.078963937 -1.7829666e-21)
(0.84853786 0.049389593 -1.5781885e-21)
(0.848945 0.04460726 -1.4133505e-21)
(0.85050005 0.044500117 0)
(0.85274806 0.044542861 0)
(0.85473858 0.044237897 -1.0760318e-21)
(0.8559904 0.043895323 0)
(0.85660783 0.043704021 -2.4876022e-27)
(0.96288212 0.30119232 0)
(0.91020849 0.20846519 0)
(0.86957541 0.13299545 2.0453893e-21)
(0.85230228 0.078910955 0)
(0.84966495 0.049204543 0)
(0.84959112 0.045958706 0)
(0.85088329 0.045349274 0)
(0.85291131 0.044846248 0)
(0.85481162 0.044269445 0)
(0.85602967 0.043817551 9.9573306e-22)
(0.85662671 0.043610711 -9.2704931e-22)
(0.96499629 0.29520476 0)
(0.91136199 0.20443975 0)
(0.87048127 0.1313708 -2.0428861e-21)
(0.8525573 0.078514872 0)
(0.85021288 0.049870065 0)
(0.85007035 0.046149276 0)
(0.8511726 0.045460167 0)
(0.85305057 0.044836909 1.1675575e-21)
(0.85487307 0.044178255 0)
(0.85604959 0.043667576 -9.9513323e-22)
(0.8566152 0.043459981 0)
(0.96682024 0.28824844 0)
(0.91268018 0.19972227 2.3802832e-21)
(0.87142222 0.12915109 0)
(0.85319459 0.077824306 0)
(0.85072109 0.050675053 0)
(0.85048491 0.046584708 1.4095043e-21)
(0.85146922 0.045592763 0)
(0.85322372 0.044808391 -2.3334631e-21)
(0.85495799 0.044028957 0)
(0.85606841 0.043426414 0)
(0.85658618 0.043199497 0)
(0.96828211 0.28134736 0)
(0.91427268 0.19514416 -2.3780977e-21)
(0.87263369 0.12673099 -2.0386902e-21)
(0.85394433 0.077190113 0)
(0.85119085 0.051415559 0)
(0.85086571 0.046862254 -2.8167442e-21)
(0.85174897 0.045610309 0)
(0.85339863 0.044667242 1.1659199e-21)
(0.85504779 0.043749906 1.0731848e-21)
(0.85607305 0.043028441 0)
(0.85653625 0.042755586 9.2543767e-22)
(0.96943923 0.27431863 0)
(0.91614754 0.19040287 0)
(0.87427723 0.12402195 -1.0911292e-25)
(0.85491423 0.076504071 0)
(0.85167042 0.052123263 0)
(0.85124255 0.047040641 1.4072397e-21)
(0.85202273 0.045525779 0)
(0.85357088 0.044396999 0)
(0.85513323 0.043300003 -1.0725303e-21)
(0.85605542 0.042405231 -9.932654e-22)
(0.85646219 0.042030404 -9.249788e-22)
(0.97034581 0.26727702 -5.676158e-21)
(0.91822404 0.18550872 4.7551301e-21)
(0.87646953 0.12108448 2.0361245e-21)
(0.85617356 0.075760116 3.5498453e-21)
(0.8521078 0.052747094 3.1392846e-21)
(0.85162326 0.047061242 -2.8122772e-21)
(0.85228718 0.045272141 0)
(0.85372231 0.043924337 0)
(0.85519147 0.042594819 0)
(0.85599582 0.04144257 9.9275767e-22)
(0.85635816 0.040870118 0)
(0.97105819 0.26019997 5.6817398e-21)
(0.92042298 0.18043392 -4.7580597e-21)
(0.87916587 0.11794641 0)
(0.85783814 0.074891415 -7.0927282e-21)
(0.85244993 0.053248407 -3.1362217e-21)
(0.85197995 0.04690177 2.8099709e-21)
(0.85253451 0.044804428 -2.5457999e-21)
(0.85383766 0.043177914 2.3269144e-21)
(0.85519947 0.041529401 0)
(0.8558618 0.039970291 0)
(0.85618147 0.039023953 0)
(0.97162584 0.25308298 0)
(0.92270347 0.17518489 0)
(0.88218696 0.114667 0)
(0.85998592 0.073836714 3.5427565e-21)
(0.85272515 0.05348772 0)
(0.85227982 0.046595578 -2.8076995e-21)
(0.85274498 0.044100154 2.5440662e-21)
(0.85390563 0.042079364 -2.3255851e-21)
(0.85514004 0.039959544 0)
(0.85561663 0.037753063 0)
(0.85587706 0.036131011 0)
(0.972099 0.24595809 0)
(0.92505511 0.16978197 0)
(0.88537125 0.11127729 4.0662471e-21)
(0.86223272 0.072553556 -3.5392655e-21)
(0.85313116 0.05334823 0)
(0.85250894 0.046199338 2.8054577e-21)
(0.85289118 0.043155619 0)
(0.8539172 0.040542923 0)
(0.85500614 0.037704177 0)
(0.85522498 0.034507514 0)
(0.85538201 0.031782291 0)
(0.97252394 0.23887762 5.7105161e-21)
(0.92747873 0.16426687 0)
(0.88862676 0.10776135 -4.0628155e-21)
(0.86432833 0.071042519 3.5355532e-21)
(0.85370785 0.052918458 0)
(0.85267799 0.045626794 0)
(0.85296208 0.041920283 0)
(0.85386112 0.03846214 0)
(0.85464543 0.034549249 0)
(0.85470164 0.029955624 1.9793764e-21)
(0.8546691 0.025638311 0)
(0.97292577 0.23180128 2.7214545e-24)
(0.92996333 0.15864589 -4.7624615e-21)
(0.89185837 0.10408228 4.0589425e-21)
(0.86628885 0.069339149 3.5319007e-21)
(0.85437559 0.052265548 3.1244995e-21)
(0.85278558 0.044792153 0)
(0.85299572 0.040308902 0)
(0.85373508 0.035719735 -2.3198303e-21)
(0.85429706 0.030334737 0)
(0.85404859 0.023949251 -1.9792791e-21)
(0.8537596 0.017569995 0)
(0.97332129 0.22455173 -1.1454943e-20)
(0.93245728 0.15284468 4.7621729e-21)
(0.89494588 0.10023396 -4.0544865e-21)
(0.86815349 0.067497907 -3.5281371e-21)
(0.85504091 0.051376677 -1.2357425e-25)
(0.85289927 0.043681517 2.7982785e-21)
(0.85303769 0.038279015 0)
(0.85361193 0.032275727 1.5887114e-24)
(0.85391634 0.025078807 -2.1327714e-21)
(0.85336534 0.016559798 1.9743593e-21)
(0.85277767 0.0076942392 0)
(0.93484663 0.14680731 4.7650695e-21)
(0.89773422 0.096252563 0)
(0.86989203 0.065496648 0)
(0.85560341 0.050175012 -3.1190508e-21)
(0.85309518 0.042192296 -2.796623e-21)
(0.85310529 0.035657723 0)
(0.85354757 0.027966936 4.6323044e-21)
(0.85357143 0.018663429 2.1330454e-21)
(0.8527048 0.0076808819 -1.9750225e-21)
(0.85178219 -0.004072209 -1.8329506e-21)
(0.85668203 0.043566251 5.9217711e-21)
(0.85665497 0.043390181 -1.1841843e-20)
(0.85661306 0.043094626 1.8161674e-25)
(0.85654444 0.042564689 5.9195804e-21)
(0.85643253 0.041669507 0)
(0.85625064 0.040198201 5.9173188e-21)
(0.85596487 0.037773349 -1.8768509e-24)
(0.8555219 0.033991129 -1.18316e-20)
(0.85484782 0.02843036 5.9164449e-21)
(0.85387329 0.020701849 0)
(0.85257807 0.010554344 0)
(0.85104972 -0.0020229005 5.8900577e-21)
(0.84940199 -0.016824277 -5.895157e-21)
(0.84767372 -0.033835451 -5.8556533e-21)
(0.85666432 0.043389204 0)
(0.85659307 0.042987413 0)
(0.85647899 0.042291466 0)
(0.85627552 0.041018915 0)
(0.8559334 0.038839876 0)
(0.85538888 0.03530667 0)
(0.85456861 0.029894727 -5.6937455e-21)
(0.85339139 0.022128917 1.1387142e-20)
(0.85178925 0.011632358 -5.6943928e-21)
(0.84972989 -0.0018428148 0)
(0.84724522 -0.018351155 0)
(0.84445846 -0.037650555 0)
(0.84153023 -0.059200557 0)
(0.83857233 -0.082497935 0)
(0.85660186 0.043092831 -5.4951182e-21)
(0.85644419 0.042276784 5.4947666e-21)
(0.85618003 0.040865542 0)
(0.85571246 0.038330493 0)
(0.85495045 0.034130133 1.0983095e-20)
(0.85379394 0.027658032 -1.098822e-20)
(0.85215138 0.018364059 5.4855645e-21)
(0.84995345 0.0058489565 -5.490326e-21)
(0.8471667 -0.010089799 5.4678705e-21)
(0.84380034 -0.029469311 -5.4736272e-21)
(0.83991927 -0.052103696 -5.4280902e-21)
(0.83567954 -0.077468583 -5.3603029e-21)
(0.83135645 -0.10454165 1.6170308e-20)
(0.82721123 -0.1321961 -5.3725202e-21)
(0.85649946 0.042654481 -2.1904564e-25)
(0.8562016 0.041233074 -1.5910793e-20)
(0.85570544 0.038819123 1.0607936e-20)
(0.85485 0.034614791 0)
(0.85350316 0.027922862 0)
(0.85154115 0.018076777 -5.2962438e-21)
(0.84887963 0.0046066239 1.14108e-23)
(0.8454844 -0.012697287 5.2954582e-21)
(0.84137091 -0.033793968 5.2614857e-21)
(0.83659598 -0.058452257 -3.0357381e-23)
(0.83126054 -0.086265226 -3.8453352e-23)
(0.82555983 -0.11647166 -1.0377472e-20)
(0.81986342 -0.14765211 5.7142823e-23)
(0.81454657 -0.17833932 5.1389309e-21)
(0.85637414 0.042172013 -5.1264629e-21)
(0.85590289 0.040077553 -1.0251347e-20)
(0.85512353 0.03657414 1.8373409e-24)
(0.8538079 0.030623168 5.1265903e-21)
(0.85179096 0.021440082 5.1205265e-21)
(0.84893898 0.0083748492 -9.8509695e-24)
(0.8451878 -0.0089080876 -1.4963837e-23)
(0.84054541 -0.030411102 -5.1119607e-21)
(0.83508029 -0.055860711 0)
(0.82890341 -0.084797296 5.0353385e-21)
(0.82216237 -0.11660813 -5.0420305e-21)
(0.81508511 -0.15036215 -4.9499158e-21)
(0.80803533 -0.1846267 9.8661226e-21)
(0.80143844 -0.21794405 -4.9265936e-21)
(0.85626264 0.041797474 4.9599559e-21)
(0.85562778 0.039142807 1.0946258e-24)
(0.85457503 0.034719851 4.9600529e-21)
(0.85281547 0.02730558 -4.9562632e-21)
(0.85015635 0.016065827 4.9603017e-21)
(0.84645854 0.00038795269 -4.9465204e-21)
(0.84167778 -0.019942614 9.8871558e-21)
(0.83585948 -0.044762929 -4.9403395e-21)
(0.82912011 -0.073615908 0)
(0.82162633 -0.10584285 4.8496793e-21)
(0.81358741 -0.14061121 -4.8569211e-21)
(0.8052629 -0.17686457 0)
(0.79689734 -0.21359811 0)
(0.78898571 -0.24928948 0)
(0.85620047 0.041646483 0)
(0.8554548 0.038686441 0)
(0.8541988 0.033704091 0)
(0.8520936 0.025351427 0)
(0.84891646 0.01274102 0)
(0.84451733 -0.004729492 0)
(0.83886233 -0.02720495 0)
(0.83202346 -0.054416018 0)
(0.82415584 -0.085774425 0)
(0.81547761 -0.12045649 0)
(0.80626572 -0.15741389 0)
(0.79681039 -0.19550721 0)
(0.78719784 -0.23432636 0)
(0.77786342 -0.27259223 0)
(0.85620429 0.041748904 -4.6564484e-21)
(0.85542603 0.03879474 4.6570452e-21)
(0.85407578 0.03369521 -4.6552043e-21)
(0.85177634 0.025029161 4.4726964e-24)
(0.84826658 0.011826116 9.3078616e-21)
(0.84337225 -0.0065593101 -9.2979142e-21)
(0.8370543 -0.030267895 9.2769005e-21)
(0.8293973 -0.058983883 -4.6335294e-21)
(0.82058328 -0.092037762 0)
(0.81087154 -0.12848602 -4.5295033e-21)
(0.80059951 -0.16710665 9.0154582e-21)
(0.79009812 -0.2066803 -4.4926238e-21)
(0.77934389 -0.24721409 0)
(0.76862384 -0.28787502 -4.3018918e-21)
(0.85626762 0.042053408 -4.518492e-21)
(0.85553743 0.039389487 4.5189721e-21)
(0.8542138 0.03460228 -4.5174028e-21)
(0.85189288 0.026243861 4.0315889e-24)
(0.84826446 0.013227219 9.0328155e-21)
(0.84311148 -0.0051990856 -4.5180139e-21)
(0.8363688 -0.029244559 4.4926641e-21)
(0.82811591 -0.058609291 -4.4972922e-21)
(0.81854753 -0.092593429 0)
(0.80794916 -0.13018878 -4.3938401e-21)
(0.79670068 -0.17007134 8.7420554e-21)
(0.78519668 -0.21088834 -4.3538353e-21)
(0.77338523 -0.25278095 0)
(0.76135499 -0.29548413 0)
(0.85636891 0.042466839 0)
(0.85575282 0.040299434 0)
(0.85456925 0.036184688 0)
(0.85240269 0.028700788 0)
(0.84888763 0.016629619 0)
(0.84374379 -0.00094683373 0)
(0.83685361 -0.024388406 0)
(0.82826807 -0.053485566 0)
(0.81817603 -0.087569115 0)
(0.80687079 -0.1256291 0)
(0.79474739 -0.16633274 0)
(0.78227175 -0.20816544 0)
(0.76948615 -0.25106225 0)
(0.7563398 -0.29501995 0)
(0.85648035 0.04288664 0)
(0.85601632 0.04130848 0)
(0.85505807 0.038097007 0)
(0.8531999 0.031923294 4.2641242e-21)
(0.85002639 0.02146222 -8.5293727e-21)
(0.84517777 0.0055887029 8.7919722e-24)
(0.8384533 -0.016292991 4.2629941e-21)
(0.82984362 -0.044155327 0)
(0.81950613 -0.077435023 0)
(0.80772071 -0.11518336 4.165493e-21)
(0.79486618 -0.15615384 -8.2840265e-21)
(0.78144124 -0.19877603 6.2697501e-23)
(0.76773557 -0.24233007 7.3902478e-23)
(0.75370788 -0.28653535 4.0162016e-21)
(0.85657741 0.043232886 4.1496935e-21)
(0.85626928 0.042217898 -4.1492506e-21)
(0.85557644 0.039974337 7.2719591e-25)
(0.85413255 0.035348824 8.2984166e-21)
(0.85149863 0.026992116 -4.1506451e-21)
(0.84723777 0.013586672 -4.144171e-21)
(0.84104187 -0.0057634974 4.1488825e-21)
(0.83280544 -0.031317447 0)
(0.8226234 -0.062717432 0)
(0.8107423 -0.09915442 -4.0687142e-21)
(0.79751157 -0.13953975 8.0932585e-21)
(0.78340366 -0.18246814 -4.0274715e-21)
(0.76899986 -0.22631426 0)
(0.75448788 -0.27015164 -3.8424632e-21)
(0.85664733 0.043470548 4.0397236e-21)
(0.85647099 0.042903231 0)
(0.85603364 0.041522042 4.0390034e-21)
(0.85503912 0.038418638 -1.0137062e-24)
(0.85306975 0.032337491 -4.040141e-21)
(0.84964111 0.02184495 -4.0360717e-21)
(0.84433106 0.0057223848 4.0400765e-21)
(0.8368942 -0.01668703 0)
(0.82729499 -0.045366334 0)
(0.81565929 -0.07975235 -3.9787125e-21)
(0.80220344 -0.11893567 7.9188101e-21)
(0.787236 -0.16161339 -3.9405412e-21)
(0.77132749 -0.20551292 0)
(0.75501117 -0.24858522 0)
(0.85668344 0.043593323 3.9354559e-21)
(0.8565847 0.043294655 0)
(0.85631219 0.042493084 -3.9347694e-21)
(0.85562803 0.040523504 7.8695055e-21)
(0.8541357 0.036323844 -3.9353824e-21)
(0.8512902 0.028506644 0)
(0.84651019 0.015700871 3.9306978e-21)
(0.83935085 -0.0030098847 -3.9348276e-21)
(0.8296455 -0.027825462 0)
(0.81754213 -0.058285357 -3.8952667e-21)
(0.80345211 -0.093508121 7.7615017e-21)
(0.78802253 -0.13243558 -3.8645617e-21)
(0.77244362 -0.17410981 0)
(0.76042453 -0.21722761 -3.7219338e-21)
(0.85671363 0.043686036 0)
(0.85669803 0.043635149 0)
(0.85664501 0.04346797 0)
(0.8564872 0.042991268 -1.2656402e-21)
(0.85607791 0.041787811 1.1063757e-25)
(0.85514618 0.039117371 1.2678545e-21)
(0.85327763 0.033887869 0)
(0.84994827 0.024770896 0)
(0.84462067 0.010467562 0)
(0.83689637 -0.0099571939 6.3180089e-22)
(0.82665684 -0.036750962 -6.3177567e-22)
(0.81417765 -0.069239446 -3.1194769e-22)
(0.80031048 -0.10691235 1.5715231e-22)
(0.78577851 -0.14711091 1.5407123e-22)
(0.85671745 0.043698403 -1.1535696e-21)
(0.85671645 0.043696046 5.1237023e-28)
(0.85671185 0.043676026 1.1554906e-21)
(0.85669042 0.043594645 0)
(0.85661218 0.04331739 1.1573957e-21)
(0.85637117 0.042500354 -1.1583685e-21)
(0.85572971 0.040534679 0)
(0.85431664 0.036438465 -5.7983878e-22)
(0.85163466 0.028809069 1.1601866e-21)
(0.84706547 0.016004014 -5.8031227e-22)
(0.84002446 -0.0033245935 2.8904355e-22)
(0.83025236 -0.029059904 -1.2559285e-24)
(0.81807226 -0.062006984 -2.875011e-22)
(0.80466594 -0.098736116 0)
(0.85671774 0.043699154 2.1242511e-21)
(0.85671763 0.043699125 -1.0629372e-21)
(0.85671707 0.043698574 0)
(0.85671464 0.043696006 -1.0645722e-21)
(0.85670532 0.043685533 2.1307831e-21)
(0.85667325 0.043643265 -1.0662134e-21)
(0.8565761 0.043313089 0)
(0.8562164 0.04210084 0)
(0.85518512 0.03888782 0)
(0.85299576 0.032370419 0)
(0.84892439 0.020658862 0)
(0.84222577 0.0029556446 2.664237e-22)
(0.83267317 -0.023324518 -3.99043e-22)
(0.82098332 -0.054844812 1.3247736e-22)
(0.85671779 0.043699263 9.8411449e-22)
(0.85671778 0.043699264 -9.8481153e-22)
(0.85671776 0.04369923 0)
(0.85671763 0.043699052 9.8621516e-22)
(0.85671704 0.043698202 -9.8691851e-22)
(0.85671458 0.043694266 9.8762209e-22)
(0.85670414 0.043673674 -9.8832809e-22)
(0.85665726 0.04358325 4.9451002e-22)
(0.85647026 0.04303005 -4.9486783e-22)
(0.85565861 0.040523255 -4.9509655e-22)
(0.85368814 0.03452174 2.4788682e-22)
(0.84972579 0.024072459 2.4777382e-22)
(0.84314386 0.0052427148 -1.2347246e-22)
(0.83336119 -0.019366994 1.2343706e-22)
(0.85671779 0.043699274 0)
(0.85671779 0.043699274 9.1738337e-22)
(0.85671779 0.043699271 -9.1799191e-22)
(0.85671778 0.043699254 0)
(0.85671772 0.04369916 9.1921138e-22)
(0.85671746 0.043698664 -9.7320086e-29)
(0.85671623 0.043696078 -9.2043407e-22)
(0.85671029 0.043683241 -4.6052215e-22)
(0.85668342 0.043617236 9.2165415e-22)
(0.85655239 0.043307711 -9.2224855e-22)
(0.85581458 0.041126175 4.6142957e-22)
(0.85379413 0.035871596 2.3071368e-22)
(0.84981712 0.024152095 -2.3086774e-22)
(0.84213413 0.0068336038 0)
(0.85671779 0.043699275 1.7161336e-21)
(0.85671779 0.043699275 -1.1834213e-32)
(0.85671779 0.043699275 -8.5913011e-22)
(0.85671779 0.043699273 -8.5966378e-22)
(0.85671778 0.043699262 1.7203962e-21)
(0.85671775 0.043699198 -8.6073309e-22)
(0.85671759 0.043698823 0)
(0.85671671 0.043696747 0)
(0.85671223 0.043685238 4.3117003e-22)
(0.85668743 0.043630516 -4.3143952e-22)
(0.85657813 0.043298315 0)
(0.85570571 0.041523384 2.1594379e-22)
(0.85364546 0.035269495 -2.1606978e-22)
(0.848258 0.024261414 0)
(0.84466607 -0.065379841 2.530393e-21)
(0.84063593 -0.1123412 2.6168042e-21)
(0.8365634 -0.16441275 -5.1234714e-21)
(0.83345759 -0.21680738 2.5296305e-21)
(0.83210416 -0.26382564 -3.8569108e-23)
(0.83409538 -0.29359769 0)
(0.8395518 -0.30037701 0)
(0.85401835 -0.25878725 0)
(0.86901536 -0.18837777 1.2126529e-21)
(0.88730075 -0.096360633 -3.9719139e-23)
(0.8928265 -0.078407849 -2.4577456e-21)
(0.89218318 -0.11327621 4.1649094e-23)
(0.88383029 -0.17848377 1.2215011e-21)
(0.85773838 -0.1633047 -1.2397438e-21)
(0.83397731 -0.12029773 4.323144e-23)
(0.8279942 -0.17249305 0)
(0.82230436 -0.22761233 0)
(0.81797089 -0.28014104 2.6338869e-21)
(0.81619604 -0.3212814 -2.6162869e-21)
(0.81942313 -0.33853574 0)
(0.82636888 -0.33198037 -2.5613952e-21)
(0.84570654 -0.26590762 2.2469481e-23)
(0.86523731 -0.17235371 2.6688752e-21)
(0.8816995 -0.10103548 1.372311e-21)
(0.88355804 -0.1058082 -4.9472297e-23)
(0.88125021 -0.14562236 -4.5369612e-23)
(0.87273278 -0.20578128 -2.5382695e-21)
(0.84450633 -0.1882849 1.3085423e-21)
(0.82118359 -0.17353984 2.1889735e-23)
(0.8132784 -0.22908003 0)
(0.80576843 -0.28657508 0)
(0.80064599 -0.33585422 0)
(0.79889136 -0.36943713 -2.6452222e-21)
(0.80381374 -0.37454249 2.7194965e-21)
(0.81320769 -0.35382486 0)
(0.83760576 -0.2665928 -2.7056696e-21)
(0.86225151 -0.15684057 2.7494129e-21)
(0.87386057 -0.11166757 0)
(0.87139115 -0.13939454 0)
(0.86896863 -0.17159188 2.0024412e-23)
(0.86201702 -0.22046344 -2.6055067e-21)
(0.83157321 -0.205057 2.7480579e-21)
(0.80710495 -0.22213772 2.8202184e-21)
(0.79727863 -0.28044396 -2.8823811e-21)
(0.78836021 -0.33779213 0)
(0.78274463 -0.38181032 0)
(0.78113984 -0.40873045 0)
(0.7877031 -0.40365981 0)
(0.80052946 -0.36778825 0)
(0.82990592 -0.26119188 0)
(0.85811477 -0.14691626 -2.224372e-23)
(0.86328443 -0.13083419 -2.8185558e-21)
(0.85730713 -0.17150503 5.432452e-21)
(0.85586672 -0.19180532 -2.9350907e-23)
(0.85095397 -0.23107953 -5.387133e-21)
(0.81890761 -0.21606428 5.6088644e-21)
(0.792482 -0.26385692 0)
(0.78096076 -0.32410799 2.822018e-21)
(0.77094798 -0.37920135 -5.66865e-21)
(0.76503356 -0.41825089 1.1082195e-22)
(0.76332912 -0.44083141 5.5844665e-21)
(0.77116653 -0.42811164 -5.5576945e-21)
(0.78796609 -0.37780389 2.8042236e-21)
(0.82198061 -0.2552644 -2.8318198e-21)
(0.85210296 -0.14373263 8.5801217e-24)
(0.85165616 -0.14891637 2.8665005e-21)
(0.8419823 -0.1987726 2.7428279e-21)
(0.84187153 -0.20920229 4.4991198e-24)
(0.83899608 -0.23686454 -5.4546889e-21)
(0.80641643 -0.2234391 2.8765783e-21)
(0.77829876 -0.29791762 2.879825e-21)
(0.76537998 -0.35855054 -5.7768051e-21)
(0.75452145 -0.41081283 2.9017828e-21)
(0.7481091 -0.44694221 0)
(0.74621123 -0.46663658 -1.1036691e-23)
(0.75479733 -0.44904085 0)
(0.77534481 -0.38656225 1.1083481e-23)
(0.81381188 -0.25231204 -2.8911881e-21)
(0.84477685 -0.14696659 5.8001156e-21)
(0.84037844 -0.1646408 -2.8742961e-21)
(0.82795554 -0.21890238 -1.0883438e-23)
(0.82823834 -0.22492058 -1.0782278e-23)
(0.82669474 -0.24438543 0)
(0.79495147 -0.23017887 2.8959973e-21)
(0.7656287 -0.32343516 -5.6944985e-24)
(0.75143163 -0.38368569 0)
(0.73974683 -0.43428477 5.5354352e-24)
(0.73253171 -0.46939746 -5.4647846e-24)
(0.73022197 -0.48790783 5.4080696e-24)
(0.73915292 -0.46775187 0)
(0.7624951 -0.39811889 5.4417398e-24)
(0.80559502 -0.25513966 -2.8925543e-21)
(0.83717701 -0.15320107 2.9231025e-21)
(0.83022261 -0.17745198 0)
(0.81621291 -0.23335944 0)
(0.81630187 -0.23900068 5.3164759e-24)
(0.81528856 -0.25379496 -2.7723858e-21)
(0.78490316 -0.23797165 2.9049918e-21)
(0.75488738 -0.34067724 2.9539474e-21)
(0.73940086 -0.40092894 5.5744834e-24)
(0.72678671 -0.45108966 -4.4773552e-26)
(0.71849548 -0.48680564 5.4777698e-24)
(0.71538209 -0.50604658 -6.5537555e-26)
(0.7240764 -0.4864262 2.7313329e-21)
(0.74899044 -0.41489268 -5.5875471e-21)
(0.79675265 -0.26596839 5.7496479e-21)
(0.83080853 -0.16022236 -1.6367885e-23)
(0.82203305 -0.1872257 -2.8472655e-21)
(0.80671712 -0.24493278 5.3010354e-24)
(0.80633747 -0.25192185 -8.6069007e-26)
(0.80523129 -0.26491215 5.3947101e-24)
(0.77611443 -0.24833488 -2.9037094e-21)
(0.74613097 -0.34992004 -1.3947762e-24)
(0.72913646 -0.41110959 -5.5097144e-24)
(0.7151747 -0.46244602 -2.720159e-21)
(0.70544091 -0.50022852 2.8071463e-21)
(0.70089838 -0.52227834 -5.3224479e-24)
(0.70848107 -0.50681568 -5.2981711e-24)
(0.73327125 -0.43882638 -5.3808849e-24)
(0.78516916 -0.28812869 -2.8312673e-21)
(0.82555826 -0.16666135 2.8584376e-21)
(0.81578765 -0.19392284 0)
(0.79861396 -0.25486143 -5.3118292e-24)
(0.79734452 -0.26341457 -5.2827375e-24)
(0.79548772 -0.27747668 0)
(0.76736761 -0.26204227 2.874272e-21)
(0.73953712 -0.35104115 1.3618521e-24)
(0.72074082 -0.41429181 -3.3660674e-25)
(0.70499404 -0.46809649 9.9372946e-25)
(0.69337754 -0.50918957 -2.6131106e-21)
(0.68662887 -0.53617155 2.7073987e-21)
(0.69189313 -0.52804421 0)
(0.71426954 -0.47033941 -2.6512084e-21)
(0.76728079 -0.32679007 2.7580867e-21)
(0.82111819 -0.17265809 2.7850996e-21)
(0.81163758 -0.19659152 -2.3700854e-23)
(0.7919268 -0.26128875 -2.6563218e-21)
(0.78913215 -0.27166559 0)
(0.78556442 -0.29059824 0)
(0.75843208 -0.27864814 -3.4200492e-25)
(0.73527141 -0.34414274 -2.654936e-21)
(0.71419213 -0.41048887 2.7295697e-21)
(0.6962215 -0.46776992 -2.5665791e-21)
(0.68229941 -0.51278418 2.6616556e-21)
(0.67265781 -0.55009997 2.5000019e-21)
(0.67438226 -0.54626938 -5.0931246e-21)
(0.69243085 -0.50387629 2.5928693e-21)
(0.74195466 -0.37985956 3.264126e-25)
(0.8133133 -0.18763023 2.6983088e-21)
(0.81048807 -0.19342093 -2.0047896e-23)
(0.7864473 -0.26270071 -5.1665719e-21)
(0.78155693 -0.27742414 2.5381272e-21)
(0.77434095 -0.30569479 0)
(0.74818138 -0.29887119 3.389869e-25)
(0.73489384 -0.32870233 2.6639563e-21)
(0.71132623 -0.39872807 0)
(0.69069176 -0.46074163 0)
(0.67409028 -0.51100914 4.893759e-24)
(0.66111827 -0.55169496 2.4172993e-24)
(0.65827657 -0.56362598 0)
(0.67017547 -0.53829444 2.3768586e-24)
(0.71219356 -0.43979926 2.4448145e-24)
(0.79799961 -0.22092202 0)
(0.81168793 -0.18709301 -2.6006079e-21)
(0.78320295 -0.2570293 2.5305649e-21)
(0.77336721 -0.28193959 0)
(0.76284589 -0.31998447 2.4587681e-21)
(0.73647211 -0.32045129 -2.648628e-21)
(0.73241539 -0.30731514 -2.4726836e-21)
(0.70556906 -0.38053745 2.5308512e-21)
(0.68139341 -0.4475706 0)
(0.66152048 -0.50286443 2.4160641e-24)
(0.64512373 -0.54953685 -2.3002675e-21)
(0.63624612 -0.57635498 2.4031195e-21)
(0.64355302 -0.56547961 2.2889449e-21)
(0.67329201 -0.49827773 -2.414108e-21)
(0.7660026 -0.28541761 0)
(0.81302337 -0.17718786 -2.4976623e-21)
(0.78669072 -0.23837463 2.4591359e-21)
(0.76525375 -0.28270983 0)
(0.74869051 -0.34194879 2.353591e-21)
(0.72282199 -0.3407558 -2.5344883e-21)
(0.75440571 -0.26685146 2.4679627e-21)
(0.72820243 -0.34404829 0)
(0.70110757 -0.41867795 0)
(0.6781102 -0.48205426 -4.4340793e-24)
(0.65773581 -0.53798833 0)
(0.64329407 -0.57613622 2.1501708e-21)
(0.63903046 -0.59048255 -2.2544692e-21)
(0.65204282 -0.55539043 -4.3674529e-24)
(0.71436035 -0.40890434 0)
(0.80545848 -0.18609366 -4.687336e-24)
(0.79717418 -0.20282572 -2.3482856e-21)
(0.76388732 -0.2709176 2.2440979e-21)
(0.73511162 -0.36154486 -2.2422336e-21)
(0.70848204 -0.35615721 -5.6870277e-24)
(0.85671779 0.043699275 8.6951792e-23)
(0.85671779 0.043699275 -2.7728917e-21)
(0.85671779 0.043699275 -2.6811613e-21)
(0.85671779 0.043699275 2.7624288e-21)
(0.85671779 0.043699275 -1.7271199e-22)
(0.85671779 0.043699275 -1.7238665e-22)
(0.85671779 0.043699275 -8.6031259e-23)
(0.85671779 0.043699275 0)
(0.85671779 0.043699275 -5.3357911e-21)
(0.85671779 0.043699275 8.5899589e-23)
(0.85671779 0.043699275 5.6587492e-21)
(0.85671779 0.043699275 2.4058296e-33)
(0.85671779 0.043699275 -2.5625552e-21)
(0.85671779 0.043699275 2.5577803e-21)
(0.85671779 0.043699275 -5.6607084e-21)
(0.85671779 0.043699275 2.6538431e-21)
(0.85671779 0.043699275 -1.7089595e-22)
(0.85671779 0.043699275 2.6439497e-21)
(0.85671779 0.043699275 -2.8092907e-21)
(0.85671779 0.043699275 -2.7191016e-21)
(0.85671779 0.043699275 2.5444328e-21)
(0.85671779 0.043699275 -2.7090399e-21)
(0.85671779 0.043699275 8.5477455e-23)
(0.85671779 0.043699275 5.5456749e-21)
(0.85671779 0.043699275 -2.6399379e-21)
(0.85671779 0.043699275 1.7000217e-22)
(0.85671779 0.043699275 0)
(0.85671779 0.043699275 -2.6252797e-21)
(0.85671779 0.043699275 1.6905998e-22)
(0.85671779 0.043699275 2.7843459e-21)
(0.85671779 0.043699275 2.6950022e-21)
(0.85671779 0.043699275 -2.7741151e-21)
(0.85671778 0.043699275 -2.8112229e-21)
(0.85671779 0.04369928 2.7209684e-21)
(0.85671779 0.043699275 2.6310489e-21)
(0.85671779 0.043699274 -2.8803237e-21)
(0.85671779 0.043699273 -8.4558846e-23)
(0.85671779 0.043699273 0)
(0.85671779 0.043699273 2.5274239e-21)
(0.85671779 0.043699273 -5.2978359e-21)
(0.85671779 0.043699274 5.2041785e-21)
(0.85671779 0.043699274 -2.6811093e-21)
(0.85671779 0.043699274 0)
(0.85671779 0.043699275 -8.3478944e-23)
(0.85671764 0.043699562 8.4901632e-23)
(0.85671777 0.043699259 -8.4744367e-23)
(0.85671777 0.043699177 -2.5376317e-21)
(0.85671775 0.04369911 2.786244e-21)
(0.85671774 0.043699046 1.6855218e-22)
(0.85671772 0.043699004 0)
(0.85671772 0.043698999 8.3966818e-23)
(0.85671773 0.043699029 -8.3813018e-23)
(0.85671774 0.043699081 -2.6771126e-21)
(0.85671775 0.04369914 2.7557338e-21)
(0.85671777 0.043699192 8.3354939e-23)
(0.85671778 0.04369923 8.3203386e-23)
(0.85671778 0.043699253 -2.6576757e-21)
(0.85671275 0.043696952 2.7077303e-21)
(0.85671571 0.043689339 8.4460457e-23)
(0.85671384 0.043680032 -8.4304874e-23)
(0.85671076 0.043667022 2.861083e-21)
(0.8567072 0.04365336 -5.1237482e-21)
(0.85670433 0.043643655 -3.3533138e-22)
(0.85670313 0.043641133 2.6780219e-21)
(0.85670392 0.043646136 5.3462667e-21)
(0.85670627 0.043656476 -2.584876e-21)
(0.8567094 0.04366891 -2.7466372e-21)
(0.85671244 0.043680398 -8.3080314e-23)
(0.85671483 0.043689063 2.4878935e-21)
(0.85671638 0.043694506 -1.6555758e-22)
(0.85671716 0.043697198 -2.6441632e-21)
(0.85671779 0.043699275 9.7060908e-23)
(0.85671779 0.043699275 0)
(0.85671779 0.043699275 -1.4486926e-21)
(0.85671779 0.043699275 1.5414496e-21)
(0.85671779 0.043699275 -4.0141232e-34)
(0.85671779 0.043699275 -3.1416356e-21)
(0.85671779 0.043699275 1.6172808e-21)
(0.85671779 0.043699275 1.7139125e-21)
(0.85671779 0.043699275 -1.6089291e-21)
(0.85671779 0.043699275 0)
(0.85671779 0.043699275 -1.7056151e-21)
(0.85671779 0.043699275 -1.7009592e-21)
(0.85671779 0.043699275 1.5903081e-21)
(0.85671779 0.043699275 -1.797456e-21)
(0.85671779 0.043699275 1.6871429e-21)
(0.85671779 0.043699275 -2.103234e-22)
(0.85671779 0.043699275 0)
(0.85671779 0.043699275 1.0459683e-22)
(0.85671779 0.043699275 3.6942023e-35)
(0.85671779 0.043699275 0)
(0.85671779 0.043699275 2.2293761e-22)
(0.85671779 0.043699275 0)
(0.85671779 0.043699275 1.1083434e-22)
(0.85671779 0.043699275 1.1051982e-22)
(0.85671779 0.043699275 1.1020707e-22)
(0.85671779 0.043699275 1.0989608e-22)
(0.85671779 0.043699275 1.0958685e-22)
(0.85671779 0.043699275 -1.8577491e-21)
(0.85671779 0.043699275 1.1822075e-22)
(0.85671779 0.043699275 1.8858077e-21)
(0.85671779 0.043699275 -1.1750736e-22)
(0.85671779 0.043699275 -1.874462e-21)
(0.85671779 0.043699275 -1.1680251e-22)
(0.85671779 0.043699275 -1.863252e-21)
(0.85671779 0.043699275 1.8576972e-21)
(0.85671779 0.043699275 -2.0836973e-21)
(0.85671779 0.043699275 1.7312684e-21)
(0.85671779 0.043699275 0)
(0.85671779 0.043699275 -1.1473782e-22)
(0.85671779 0.043699275 0)
(0.85671779 0.043699275 -1.8755307e-21)
(0.85671779 0.043699275 2.1187988e-21)
(0.85671779 0.043699275 -1.8635645e-22)
(0.85671779 0.043699275 0)
(0.85671779 0.043699275 -1.9752002e-21)
(0.85671779 0.043699275 1.9689587e-21)
(0.85671779 0.043699275 0)
(0.85671779 0.043699275 -1.9565938e-21)
(0.85671779 0.043699275 3.9009388e-21)
(0.85671779 0.043699275 -1.8228592e-21)
(0.85671779 0.043699275 0)
(0.85671779 0.043699275 0)
(0.85671779 0.043699275 -1.9263503e-21)
(0.85671779 0.043699275 1.9204136e-21)
(0.85671779 0.043699275 4.2171427e-21)
(0.85671779 0.043699275 2.0357895e-21)
(0.85671779 0.043699275 -2.028947e-21)
(0.85671779 0.043699275 -2.1526116e-21)
(0.85671779 0.043699275 4.1608236e-21)
(0.85671779 0.043699275 9.3830961e-34)
(0.85671779 0.043699275 -2.0666121e-21)
(0.85671779 0.043699275 0)
(0.85671779 0.043699275 -6.4156083e-23)
(0.85671779 0.043699275 -2.0462529e-21)
(0.85671779 0.043699275 1.9758192e-21)
(0.85671779 0.043699275 0)
(0.85671779 0.043699274 0)
(0.85671779 0.043699274 -2.0197231e-21)
(0.85671779 0.043699275 0)
(0.85671779 0.043699275 6.9404992e-23)
(0.85671779 0.043699275 2.2130714e-21)
(0.85671779 0.043699275 -2.1363258e-21)
(0.85671779 0.043699275 -2.1974627e-21)
(0.85671779 0.043699275 2.1897405e-21)
(0.85671779 0.043699275 0)
(0.85671779 0.043699274 -2.1744576e-21)
(0.85671779 0.043699273 2.2346117e-21)
(0.85671779 0.043699271 0)
(0.85671779 0.043699266 6.7247802e-23)
(0.85671778 0.043699259 0)
(0.85671778 0.043699253 -6.678651e-23)
(0.85671778 0.043699249 0)
(0.85671779 0.043699275 4.7276045e-21)
(0.85671779 0.043699275 2.3548689e-21)
(0.85671779 0.043699275 7.3312596e-23)
(0.85671779 0.043699274 -4.7474447e-21)
(0.85671779 0.043699274 4.6569403e-21)
(0.85671779 0.043699274 -4.7120969e-21)
(0.85671778 0.04369927 1.4206434e-30)
(0.85671778 0.043699258 2.3026566e-21)
(0.85671776 0.04369923 0)
(0.85671773 0.043699173 -7.1430093e-23)
(0.85671769 0.043699073 -7.1169018e-23)
(0.85671765 0.043698919 -7.0909834e-23)
(0.85671762 0.043698727 7.0652582e-23)
(0.85671761 0.04369855 0)
(0.85671779 0.043699275 2.5160814e-21)
(0.85671779 0.043699276 2.4668063e-21)
(0.85671779 0.043699275 -7.7997641e-23)
(0.85671779 0.043699267 7.7686468e-23)
(0.85671778 0.04369924 0)
(0.85671774 0.043699175 7.707151e-23)
(0.85671765 0.043699031 -2.4565654e-21)
(0.85671745 0.043698774 2.4469188e-21)
(0.85671704 0.043698183 0)
(0.85671631 0.04369652 7.5870336e-23)
(0.85671517 0.043693109 7.557586e-23)
(0.85671369 0.043687484 7.528365e-23)
(0.8567122 0.043680212 -3.7495842e-23)
(0.85671123 0.043673779 2.3905877e-21)
(0.85671779 0.043699283 -5.336641e-21)
(0.85671778 0.043699298 -2.6777736e-21)
(0.85671774 0.043699312 2.6246541e-21)
(0.85671763 0.043699342 0)
(0.85671731 0.04369931 -4.1307656e-23)
(0.85671643 0.043698596 -4.1133106e-23)
(0.85671419 0.043694921 2.6214462e-21)
(0.85670904 0.043684349 -2.6104632e-21)
(0.85669851 0.043667828 0)
(0.85667996 0.043646068 -4.0447957e-23)
(0.85665307 0.043609727 0)
(0.85662414 0.043542366 4.0108369e-23)
(0.85660815 0.043460981 1.4428721e-26)
(0.85661235 0.043389189 3.9765809e-23)
(0.85671771 0.043699243 2.7979472e-21)
(0.85671741 0.043699331 -2.8299584e-21)
(0.85671643 0.043699576 2.9063888e-21)
(0.85671352 0.043699688 -2.8485927e-21)
(0.85670543 0.043700073 -2.7913189e-21)
(0.85668455 0.043702799 4.4113365e-23)
(0.85663966 0.04370237 2.8100336e-21)
(0.85655409 0.04365977 2.7973434e-21)
(0.85640602 0.043484652 -2.7848134e-21)
(0.85617632 0.043045686 2.8154473e-21)
(0.85588399 0.04230254 -2.7597986e-21)
(0.85564271 0.041222449 -4.2930146e-23)
(0.85554958 0.039694784 4.274068e-23)
(0.85557601 0.038057974 -4.2552856e-23)
(0.85671648 0.04369773 7.3097765e-23)
(0.85671294 0.043691062 0)
(0.85670216 0.04367972 0)
(0.85667446 0.043665869 -3.0486782e-21)
(0.8566142 0.043660471 3.0337129e-21)
(0.8564656 0.043676809 2.3769795e-23)
(0.85595852 0.043789332 -2.3651718e-23)
(0.8546747 0.044014255 -2.9885132e-21)
(0.85217589 0.043894224 2.9971782e-21)
(0.84853286 0.042120961 0)
(0.84442264 0.03708614 0)
(0.84093723 0.027923381 2.9628807e-21)
(0.83921576 0.015516616 -2.9259195e-21)
(0.83950797 0.004492861 -2.8802937e-21)
(0.85667895 0.043711424 -6.7790037e-21)
(0.85661765 0.043689663 6.7423042e-21)
(0.85647331 0.043531463 -6.6797835e-21)
(0.85619005 0.043120179 6.6438554e-21)
(0.85573542 0.042668096 -6.6081334e-21)
(0.85512778 0.042498496 6.5973625e-21)
(0.8534936 0.043160469 -3.2305156e-21)
(0.84787092 0.045419527 3.256596e-21)
(0.83751151 0.04972986 -3.2439872e-21)
(0.82659942 0.055004745 2.2701523e-23)
(0.8139305 0.058184521 -3.1727336e-21)
(0.79260799 0.0535037 -3.1634503e-21)
(0.94430061 0.11956297 -6.1646353e-22)
(0.95736558 0.067773952 0)
(0.95379444 0.015433231 -5.4521125e-22)
(0.93845754 -0.030369717 -7.5178125e-23)
(0.92105224 -0.057483285 6.9783864e-22)
(0.89790313 -0.074237574 -7.7360203e-23)
(0.89044322 -0.077107325 2.2618867e-22)
(0.89177588 -0.079953368 7.1865207e-23)
(0.90121347 -0.072903634 7.2620697e-23)
(0.91267036 -0.056687638 7.3323348e-23)
(0.92134818 -0.03919748 -3.0990734e-22)
(0.9280601 -0.016350087 7.716191e-23)
(0.92616406 -0.023890124 7.7928773e-23)
(0.90579872 0.080545537 -6.3067545e-22)
(0.91569335 0.050567173 6.3257343e-22)
(0.91129643 0.018062902 -6.3357802e-22)
(0.9019853 -0.010564606 8.3102429e-23)
(0.89312572 -0.035770774 5.5395451e-22)
(0.88472859 -0.060431576 0)
(0.88500353 -0.08224739 3.8755269e-22)
(0.89059048 -0.09445691 -3.1586543e-22)
(0.90091572 -0.091574324 0)
(0.91271409 -0.071308538 -7.9499899e-23)
(0.92042076 -0.048667491 -3.1684708e-22)
(0.92649188 -0.021890313 -1.5978053e-22)
(0.92474673 -0.030931188 1.5887914e-22)
(0.9052573 -0.02892728 3.1644173e-22)
(0.87452653 0.057375125 0)
(0.88025284 0.040921393 0)
(0.87859189 0.018400347 -8.1164471e-23)
(0.87551156 -0.0072621435 0)
(0.87394605 -0.038020281 0)
(0.874356 -0.070658846 0)
(0.87935731 -0.10019933 -1.6004704e-22)
(0.88778343 -0.11566101 0)
(0.89892856 -0.11161054 0)
(0.91143255 -0.084111655 0)
(0.91864472 -0.055131772 0)
(0.92427623 -0.027049422 -3.2754478e-22)
(0.92267639 -0.040202098 3.2524221e-22)
(0.90242706 -0.039431821 -8.1727728e-23)
(0.85659637 0.044484177 6.6364071e-22)
(0.8590648 0.031890023 -7.4851401e-22)
(0.86017427 0.0098863452 6.6181255e-22)
(0.86146748 -0.019898644 -6.6490461e-22)
(0.86361193 -0.056428371 8.2003419e-23)
(0.86776037 -0.093915175 -8.1551301e-23)
(0.8747302 -0.12544869 8.2455156e-23)
(0.88440831 -0.13982872 0)
(0.8958815 -0.13166471 3.2745615e-22)
(0.90905072 -0.094733257 -3.3389808e-22)
(0.91607443 -0.058823659 0)
(0.92129662 -0.032290333 8.4527878e-23)
(0.91975044 -0.051570971 0)
(0.898864 -0.050878667 0)
(0.85343469 0.035337192 6.8128985e-22)
(0.85394563 0.020073293 -1.2784563e-21)
(0.85453504 -0.0065281945 5.6342278e-24)
(0.85591211 -0.041861567 6.812547e-22)
(0.85875033 -0.082452208 -8.4539286e-23)
(0.86363026 -0.12239274 7.4732493e-22)
(0.8708605 -0.15333865 -6.7851958e-22)
(0.88082882 -0.16380463 3.3270877e-22)
(0.89223027 -0.15001866 -3.4040133e-22)
(0.90592293 -0.10245819 2.5571467e-22)
(0.91297826 -0.060049408 -3.4199951e-22)
(0.917702 -0.038339981 0)
(0.91596122 -0.065522017 8.4702863e-23)
(0.89498366 -0.06382817 0)
(0.85316712 0.025798569 6.1106747e-22)
(0.8531513 0.0052268562 -7.007259e-22)
(0.85305247 -0.027181545 8.6857667e-23)
(0.85378122 -0.067261051 0)
(0.85599612 -0.11068827 6.7990147e-22)
(0.86033294 -0.15172615 -6.934238e-22)
(0.8670775 -0.18080443 0)
(0.87705333 -0.1858376 6.7982266e-22)
(0.88825935 -0.16575013 -6.9588678e-22)
(0.90246839 -0.10692238 -2.6100758e-22)
(0.90965493 -0.059689924 3.4989434e-22)
(0.91365473 -0.045901922 3.5154328e-22)
(0.91125676 -0.081826211 -8.9452496e-23)
(0.89037183 -0.078300526 -2.634228e-22)
(0.8531575 0.014495202 -6.2827843e-22)
(0.85248286 -0.011791824 0)
(0.85180204 -0.049522814 6.1659704e-22)
(0.85184325 -0.093280125 -1.4102011e-21)
(0.85323125 -0.13884562 1.401665e-21)
(0.85675384 -0.1800644 -7.0832362e-22)
(0.86285512 -0.2065469 6.8977703e-22)
(0.87301158 -0.20526619 -1.4206429e-23)
(0.88409213 -0.1776573 -7.1059693e-22)
(0.89896899 -0.10781233 3.5692545e-22)
(0.90626414 -0.059187057 -3.5762711e-22)
(0.90927958 -0.05510935 3.5817654e-22)
(0.90590036 -0.099413554 -2.2172887e-24)
(0.8851662 -0.093097908 -1.7998072e-22)
(0.85273664 0.0014012728 9.1462427e-23)
(0.85130674 -0.030291442 -9.1036505e-23)
(0.84987723 -0.072518104 -9.0301341e-23)
(0.84914343 -0.11915232 -8.9470214e-23)
(0.84977775 -0.16634007 7.0527144e-22)
(0.85255731 -0.20688682 -8.1112008e-22)
(0.85816868 -0.23034323 7.9095578e-22)
(0.86870388 -0.22196941 -8.1073488e-22)
(0.87987584 -0.18608004 -8.9499984e-23)
(0.89562916 -0.10595833 0)
(0.90293622 -0.0600377 -4.5697954e-22)
(0.90494092 -0.065937319 1.9424371e-25)
(0.90047732 -0.11763268 3.6173973e-22)
(0.88000363 -0.10791906 1.8174672e-22)
(0.85129709 -0.01347732 -9.3568342e-23)
(0.84907434 -0.050123367 9.3174678e-23)
(0.84682369 -0.096020726 9.2522003e-23)
(0.84532987 -0.14489642 1.8288036e-22)
(0.84532097 -0.19303987 7.1713364e-22)
(0.84759447 -0.23213848 -5.5459005e-22)
(0.8529614 -0.25213021 6.2403083e-22)
(0.86423733 -0.23563429 -6.4409184e-22)
(0.87594095 -0.19109042 -6.4007164e-22)
(0.89280133 -0.10311837 7.4688924e-22)
(0.89995268 -0.062083041 9.3692791e-23)
(0.90107105 -0.077374321 0)
(0.89523367 -0.13625344 9.1461259e-23)
(0.8748998 -0.123213 -1.0104516e-24)
(0.84987095 -0.029273152 9.5398499e-22)
(0.84707809 -0.070375648 -9.4191669e-23)
(0.84408419 -0.11934861 7.409737e-22)
(0.84194527 -0.17014243 -1.1190948e-22)
(0.84126354 -0.2189874 -7.4968549e-22)
(0.84312045 -0.25600184 -8.1845937e-22)
(0.84809282 -0.27233912 7.4713008e-22)
(0.86003987 -0.24745785 0)
(0.87245434 -0.19448474 0)
(0.89033488 -0.1007082 7.6163665e-22)
(0.89747398 -0.064945277 -7.571272e-22)
(0.8980597 -0.088528386 0)
(0.89072092 -0.15391894 -9.4098547e-23)
(0.86955049 -0.13683004 -9.5241403e-23)
(0.85671752 0.043698212 -1.0040775e-22)
(0.85671767 0.04369868 0)
(0.85671775 0.043699047 2.296487e-31)
(0.85671779 0.043699237 0)
(0.73719632 -0.28051975 -8.8931163e-23)
(0.70497455 -0.36384753 -2.6320694e-21)
(0.67778106 -0.43268981 -2.4491847e-21)
(0.65346043 -0.49489215 2.5374164e-21)
(0.6332852 -0.54746231 0)
(0.62022809 -0.58156979 -2.3025503e-21)
(0.61457203 -0.6005183 2.4011723e-21)
(0.6332686 -0.56188672 0)
(0.69395207 -0.42792327 0)
(0.79931125 -0.18848187 -2.4878444e-21)
(0.79860717 -0.1813133 2.4395696e-21)
(0.75884302 -0.27672567 -2.3095938e-21)
(0.72374164 -0.3726032 2.3080336e-21)
(0.69417992 -0.36929195 2.4540194e-21)
(0.71317149 -0.31311046 -2.7115919e-21)
(0.6794968 -0.3947326 -2.5419141e-21)
(0.65405424 -0.45752724 2.629265e-21)
(0.63092978 -0.51486106 2.4360865e-21)
(0.61234389 -0.561545 -4.9259253e-21)
(0.60143881 -0.59067527 2.4953893e-21)
(0.59709383 -0.60504151 0)
(0.61919879 -0.56117225 0)
(0.68790184 -0.41414323 2.4458588e-21)
(0.79503958 -0.18360638 7.4377779e-24)
(0.79122235 -0.18985134 -2.1681208e-23)
(0.75031129 -0.28882624 -1.6878706e-23)
(0.71784172 -0.37445444 -2.3651031e-21)
(0.68275834 -0.37567269 0)
(0.75807937 -0.23146988 2.5382822e-21)
(0.73062117 -0.26760281 5.2724211e-21)
(0.77662988 -0.18296392 0)
(0.75110622 -0.21348399 -2.6584488e-21)
(0.7929586 -0.13594251 0)
(0.77230133 -0.15794578 -2.7528705e-21)
(0.80799633 -0.090621611 -2.6975036e-21)
(0.82209363 -0.048722962 -1.7164422e-23)
(0.85671779 0.043699275 -1.0488116e-34)
(0.85671779 0.043699275 -9.7884912e-22)
(0.85671779 0.043699275 1.6954952e-34)
(0.85671779 0.043699275 7.8269116e-22)
(0.85671779 0.043699275 -7.9360231e-22)
(0.85671779 0.043699275 -9.6460061e-22)
(0.85671779 0.043699275 1.9556821e-22)
(0.85671779 0.043699275 7.9315999e-22)
(0.85671779 0.043699275 0)
(0.85671779 0.043699275 -7.7126993e-22)
(0.85671779 0.043699275 7.8184746e-22)
(0.85671779 0.043699275 -7.9271914e-22)
(0.85671779 0.043699275 0)
(0.85671779 0.043699275 6.1154662e-22)
(0.85671779 0.043699275 -6.2042043e-22)
(0.85671779 0.043699275 -7.3084124e-35)
(0.85671779 0.043699275 -1.5627375e-21)
(0.85671779 0.043699275 -9.9025826e-22)
(0.85671779 0.043699275 1.0041866e-21)
(0.85671779 0.043699275 -8.148099e-22)
(0.85671779 0.043699275 -1.0332528e-21)
(0.85671779 0.043699274 3.1432104e-31)
(0.85671779 0.043699275 1.5405519e-21)
(0.85671779 0.043699275 7.8075374e-22)
(0.85671779 0.043699275 9.8940067e-22)
(0.85671779 0.043699275 -1.6051769e-21)
(0.85671779 0.043699275 -1.0174629e-21)
(0.85671779 0.043699275 8.2567958e-22)
(0.85671779 0.043699274 0)
(0.85671778 0.043699248 -8.5013875e-22)
(0.85671779 0.043699275 -7.6962849e-22)
(0.85671779 0.043699275 0)
(0.85671779 0.043699275 -9.8844506e-22)
(0.85671779 0.043699275 1.0022011e-21)
(0.85671779 0.043699275 6.0980725e-22)
(0.85671779 0.043699275 2.0617894e-22)
(0.85671779 0.043699274 0)
(0.85671778 0.043699248 -8.4902376e-22)
(0.85671758 0.043698358 -1.9388765e-21)
(0.85671779 0.043699275 7.6912577e-22)
(0.85671779 0.043699275 0)
(0.85671779 0.043699275 7.9044477e-22)
(0.85671779 0.043699275 -2.0038843e-22)
(0.85671779 0.043699275 1.0162241e-21)
(0.85671779 0.043699275 8.2473536e-22)
(0.85671779 0.043699274 0)
(0.85671778 0.043699248 8.4929787e-22)
(0.85671759 0.043698379 6.4660237e-22)
(0.85671051 0.043667227 -6.5652376e-22)
(0.85671779 0.043699275 8.1098257e-35)
(0.85671779 0.043699275 7.7956895e-22)
(0.85671779 0.043699275 -5.9289261e-22)
(0.85671779 0.043699275 -2.0044757e-22)
(0.85671779 0.043699275 1.1766565e-34)
(0.85671779 0.043699275 -1.6506314e-21)
(0.85671779 0.043699274 -1.0470048e-21)
(0.85671778 0.04369925 2.1256584e-22)
(0.85671761 0.043698443 0)
(0.85671127 0.043669685 -9.86353e-22)
(0.85662792 0.043304178 7.9139741e-26)
(0.85671779 0.043699275 -7.6817504e-22)
(0.85671779 0.043699275 -5.8382777e-22)
(0.85671779 0.043699275 5.9173268e-22)
(0.85671779 0.043699275 9.9975761e-22)
(0.85671779 0.043699275 -1.216405e-21)
(0.85671779 0.043699275 1.0279769e-21)
(0.85671779 0.043699274 1.6683079e-21)
(0.85671778 0.04369925 0)
(0.85671761 0.043698452 -2.1468457e-22)
(0.85671069 0.043669793 2.1789541e-22)
(0.85661964 0.043339159 8.847555e-22)
(0.85548346 0.036410714 0)
(0.85671779 0.043699275 0)
(0.85671779 0.043699275 0)
(0.85671779 0.043699275 0)
(0.85671779 0.043699275 0)
(0.85671779 0.043699275 -2.1118222e-24)
(0.85671779 0.043699275 -1.4332787e-22)
(0.85671779 0.043699275 7.8899628e-23)
(0.85671779 0.043699275 8.611282e-23)
(0.85671779 0.043699275 1.8955523e-22)
(0.85671779 0.043699275 1.0538122e-22)
(0.85671779 0.043699275 1.1865636e-22)
(0.85671779 0.043699275 -8.4848845e-24)
(0.85671779 0.043699275 1.6853357e-22)
(0.85671779 0.043699275 -2.7222932e-22)
(0.85671779 0.043699275 1.477635e-22)
(0.85671779 0.043699275 -1.6013044e-22)
(0.85671779 0.043699275 -1.7206798e-22)
(0.85671779 0.043699275 -5.6217517e-22)
(0.85671779 0.043699275 -2.1710534e-22)
(0.85671779 0.043699275 0)
(0.85671779 0.043699275 0)
(0.85671779 0.043699275 6.334103e-22)
(0.85671779 0.043699275 0)
(0.85671779 0.043699275 0)
(0.85671779 0.043699275 7.5669477e-22)
(0.85671779 0.043699275 -6.5715896e-24)
(0.85671779 0.043699275 7.3973441e-24)
(0.85671779 0.043699275 8.4604427e-24)
(0.85671779 0.043699275 -6.4222526e-22)
(0.85671779 0.043699275 0)
(0.85671779 0.043699275 0)
(0.85671779 0.043699275 0)
(0.85671779 0.043699275 9.4566914e-22)
(0.85671779 0.043699275 8.4482747e-24)
(0.85671779 0.043699275 -1.2724299e-21)
(0.85671779 0.043699275 0)
(0.85671779 0.043699275 0)
(0.85671779 0.043699275 0)
(0.85671779 0.043699275 2.520899e-21)
(0.85671779 0.043699275 -1.5018115e-21)
(0.85671779 0.043699275 0)
(0.85671779 0.043699275 0)
(0.85671779 0.043699275 3.0211914e-21)
(0.85671779 0.043699275 -1.8967279e-21)
(0.85671779 0.043699275 9.8499417e-24)
(0.85671779 0.043699275 1.8846119e-21)
(0.85671779 0.043699275 0)
(0.85671779 0.043699275 3.7597998e-21)
(0.85671779 0.043699275 0)
(0.85671779 0.043699275 0)
(0.85671779 0.043699275 -4.9861319e-21)
(0.85671779 0.043699275 -1.7489291e-33)
(0.85671779 0.043699275 4.9436919e-21)
(0.80306469 -0.075362644 3.5241537e-22)
(0.8264812 -0.079755173 -7.8286306e-22)
(0.85501826 0.038194571 3.6805093e-22)
(0.8564171 0.042040923 -4.1126718e-22)
(0.85671262 0.043666378 3.6578148e-22)
(0.85671769 0.043698357 -2.0585599e-22)
(0.85671779 0.043699266 2.0597293e-22)
(0.85671779 0.043699275 6.8696663e-23)
(0.85671779 0.043699275 -2.9369941e-35)
(0.85671779 0.043699275 2.2924592e-23)
(0.85671779 0.043699275 2.2935696e-23)
(0.85671779 0.043699275 2.2945576e-23)
(0.85671779 0.043699275 2.2955466e-23)
(0.85671779 0.043699275 2.2965364e-23)
(0.81543886 -0.054956537 0)
(0.83499305 -0.058601321 3.6746256e-22)
(0.85556657 0.03940276 -3.2529823e-22)
(0.85653048 0.042485435 2.1576333e-23)
(0.8567149 0.04367707 -1.5118386e-22)
(0.85671774 0.043698691 2.1621093e-22)
(0.85671779 0.043699269 -2.16445e-23)
(0.85671779 0.043699275 -1.0833991e-23)
(0.85671779 0.043699275 1.0845757e-23)
(0.85671779 0.043699275 1.5200068e-22)
(0.85671779 0.043699275 -2.173597e-23)
(0.85671779 0.043699275 -1.522989e-22)
(0.85671779 0.043699275 -3.484487e-22)
(0.85671779 0.043699275 3.2698714e-22)
(0.82465738 -0.039254098 3.1844188e-22)
(0.84077308 -0.04244039 -3.8131814e-22)
(0.85591843 0.040271278 3.0740354e-22)
(0.85659734 0.042782081 -1.6469902e-22)
(0.8567161 0.04368365 -2.0557474e-23)
(0.85671776 0.043698882 -1.0290931e-22)
(0.85671779 0.043699271 -8.2445768e-23)
(0.85671779 0.043699275 -2.0641137e-23)
(0.85671779 0.043699275 -2.0670918e-23)
(0.85671779 0.043699275 1.6559862e-22)
(0.85671779 0.043699275 2.0727686e-23)
(0.85671779 0.043699275 -1.8679903e-22)
(0.85671779 0.043699275 -2.0783284e-23)
(0.85671779 0.043699275 0)
(0.83158639 -0.02698641 -3.2886658e-22)
(0.84480409 -0.029724524 -1.9656463e-23)
(0.85615037 0.040912114 1.9623861e-23)
(0.85663847 0.042988638 1.5708231e-22)
(0.85671677 0.043687903 -7.8675741e-23)
(0.85671777 0.043698998 -1.1820689e-22)
(0.85671779 0.043699272 3.9468753e-23)
(0.85671779 0.043699275 -1.9767725e-23)
(0.85671779 0.043699275 -7.9204152e-23)
(0.85671779 0.043699275 7.9333953e-23)
(0.85671779 0.043699275 0)
(0.85671779 0.043699275 0)
(0.85671779 0.043699275 -1.9928982e-23)
(0.85671779 0.043699275 0)
(0.8369704 -0.01753573 3.1444837e-22)
(0.84757457 -0.019942034 3.7770518e-23)
(0.85630771 0.041392191 -1.8864347e-23)
(0.85666387 0.043134014 0)
(0.85671716 0.043690742 7.5634514e-23)
(0.85671778 0.043699072 -7.5774122e-23)
(0.85671779 0.043699273 -1.8978546e-23)
(0.85671779 0.043699275 3.8027401e-23)
(0.85671779 0.043699275 -1.523889e-22)
(0.85671779 0.043699275 3.0532476e-22)
(0.85671779 0.043699275 -3.0586597e-22)
(0.85671779 0.043699275 -1.5320454e-22)
(0.85671779 0.043699275 6.3309292e-22)
(0.85671779 0.043699275 -3.0750115e-22)
(0.84122407 -0.010388549 -2.8437972e-22)
(0.84945467 -0.012502605 4.2869499e-22)
(0.85641638 0.041753445 -4.2659837e-25)
(0.85667974 0.043237963 -1.4580134e-22)
(0.85671738 0.043692684 -9.1225158e-24)
(0.85671778 0.04369912 -9.1402528e-24)
(0.85671779 0.043699274 -2.7474187e-23)
(0.85671779 0.043699275 -4.5879709e-23)
(0.85671779 0.043699275 -7.3549038e-23)
(0.85671779 0.043699275 1.4737608e-22)
(0.85671779 0.043699275 -9.2283271e-24)
(0.85671779 0.043699275 0)
(0.85671779 0.043699275 0)
(0.85671779 0.043699275 9.2806868e-24)
(0.8441102 -0.0051733552 -1.4468837e-22)
(0.85072243 -0.0071589987 -1.4071775e-22)
(0.85649152 0.042015128 0)
(0.85668949 0.04331055 8.8109963e-24)
(0.85671751 0.043694 1.7656658e-23)
(0.85671779 0.043699151 2.7643333e-25)
(0.85671779 0.043699274 -2.6867417e-23)
(0.85671779 0.043699275 4.4405795e-23)
(0.85671779 0.043699275 -1.4237774e-22)
(0.85671779 0.043699275 1.4265252e-22)
(0.85671779 0.043699275 8.9329796e-24)
(0.85671779 0.043699275 0)
(0.85671779 0.043699275 0)
(0.85671779 0.043699275 2.875191e-22)
(0.85671779 0.043699275 0)
(0.85671779 0.043699275 0)
(0.85671779 0.043699275 0)
(0.85671779 0.043699275 1.4324424e-21)
(0.85671779 0.043699275 0)
(0.85671779 0.043699275 0)
(0.85671779 0.043699275 1.4754621e-21)
(0.85671779 0.043699275 -1.4324422e-21)
(0.85671779 0.043699275 0)
(0.85671779 0.043699275 0)
(0.85671779 0.043699275 0)
(0.85671779 0.043699275 0)
(0.85671779 0.043699275 0)
(0.85671779 0.043699275 0)
(0.85671779 0.043699275 0)
(0.85671779 0.043699275 -1.5697489e-21)
(0.85671779 0.043699275 0)
(0.85671779 0.043699275 0)
(0.85671779 0.043699275 0)
(0.85671779 0.043699275 0)
(0.85671779 0.043699275 0)
(0.85671779 0.043699275 3.1394976e-21)
(0.85671779 0.043699275 0)
(0.85671779 0.043699275 0)
(0.85671779 0.043699275 0)
(0.85671779 0.043699275 1.3918594e-21)
(0.85671779 0.043699275 0)
(0.85671779 0.043699275 5.8322785e-22)
(0.85671779 0.043699275 -5.7323812e-22)
(0.85671779 0.043699275 4.4030065e-24)
(0.85671779 0.043699275 -4.3300834e-24)
(0.85671779 0.043699275 0)
(0.85671779 0.043699275 -5.280963e-22)
(0.85671779 0.043699275 -5.3626364e-22)
(0.85671779 0.043699275 -5.1981108e-22)
(0.85671779 0.043699275 -5.8270143e-22)
(0.85671779 0.043699275 0)
(0.85671779 0.043699275 0)
(0.85671779 0.043699275 0)
(0.85671779 0.043699275 0)
(0.85671779 0.043699275 -5.2765781e-22)
(0.85671779 0.043699275 1.0469204e-21)
(0.85671779 0.043699275 5.1939288e-22)
(0.85671779 0.043699275 7.9914714e-24)
(0.85671779 0.043699275 -7.8711638e-24)
(0.85671779 0.043699275 0)
(0.85671779 0.043699275 5.722219e-22)
(0.85671779 0.043699275 0)
(0.85671779 0.043699275 5.5330062e-22)
(0.85671779 0.043699275 5.4430062e-22)
(0.85671779 0.043699275 5.3558862e-22)
(0.85671779 0.043699275 5.0665552e-34)
(0.85671779 0.043699275 5.1897534e-22)
(0.85671779 0.043699275 -5.1104929e-22)
(0.85671779 0.043699275 -1.5730053e-23)
(0.85671779 0.043699275 5.113989e-22)
(0.85671779 0.043699275 0)
(0.85671779 0.043699275 0)
(0.85671779 0.043699275 1.136038e-24)
(0.85671779 0.043699275 -5.7283181e-22)
(0.85671779 0.043699275 0)
(0.85671779 0.043699275 -5.5282683e-22)
(0.85671779 0.043699275 -5.438421e-22)
(0.85671779 0.043699275 0)
(0.85671779 0.043699275 -5.2672103e-22)
(0.85671779 0.043699275 -5.1855847e-22)
(0.85671779 0.043699275 3.4877527e-34)
(0.85671779 0.043699275 -5.0296953e-22)
(0.85671779 0.043699275 -9.9104265e-22)
(0.85671779 0.043699275 0)
(0.85671779 0.043699275 0)
(0.85671779 0.043699275 -1.4826374e-23)
(0.85671779 0.043699275 -5.8112785e-22)
(0.85671779 0.043699275 2.2312864e-24)
(0.85671779 0.043699275 -2.1938424e-24)
(0.85671779 0.043699275 -4.3152642e-24)
(0.85671779 0.043699275 8.4903803e-24)
(0.85671779 0.043699275 -5.3052406e-22)
(0.85671779 0.043699275 -8.2233066e-24)
(0.85671779 0.043699275 0)
(0.85671779 0.043699275 5.0226894e-22)
(0.85671779 0.043699275 4.947252e-22)
(0.85671779 0.043699275 5.1061444e-22)
(0.85671779 0.043699275 4.8792145e-22)
(0.85671779 0.043699275 0)
(0.85671779 0.043699275 0)
(0.85671779 0.043699275 5.8173918e-22)
(0.85671779 0.043699275 -5.7181899e-22)
(0.85671779 0.043699275 0)
(0.85671779 0.043699275 0)
(0.85671779 0.043699275 -4.24162e-24)
(0.85671779 0.043699275 5.3843281e-22)
(0.85671779 0.043699275 5.2586293e-22)
(0.85671779 0.043699275 8.0894806e-24)
(0.85671779 0.043699275 -1.5932453e-23)
(0.85671779 0.043699275 7.8466723e-24)
(0.85671779 0.043699275 0)
(0.85671779 0.043699275 -4.8755297e-22)
(0.85671779 0.043699275 0)
(0.85671779 0.043699275 0)
(0.85671779 0.043699275 5.6064817e-22)
(0.85671779 0.043699275 0)
(0.85671779 0.043699275 4.2380559e-24)
(0.85671779 0.043699275 -4.1704466e-24)
(0.85671779 0.043699275 4.1336179e-34)
(0.85671779 0.043699275 0)
(0.85671779 0.043699275 0)
(0.85671779 0.043699275 0)
(0.85671779 0.043699275 0)
(0.85671779 0.043699275 0)
(0.85671779 0.043699275 0)
(0.85671779 0.043699275 0)
(0.85671779 0.043699275 0)
(0.85671779 0.043699275 -5.2500763e-22)
(0.85671779 0.043699275 8.0765266e-24)
(0.85671779 0.043699275 -5.2494183e-22)
(0.85671779 0.043699275 -7.8344836e-24)
(0.85671779 0.043699275 3.1856683e-35)
(0.85671779 0.043699275 -4.716046e-22)
(0.85671779 0.043699275 4.7983682e-22)
(0.85671779 0.043699275 4.7305337e-22)
(0.85671779 0.043699275 -7.9473974e-24)
(0.85671779 0.043699275 -4.9318942e-22)
(0.85671779 0.043699275 -4.9362689e-22)
(0.85671779 0.043699275 1.6029246e-34)
(0.85671779 0.043699275 -1.5356663e-33)
(0.85671779 0.043699275 -2.7709978e-35)
(0.85671779 0.043699275 -4.1780654e-34)
(0.85671779 0.043699275 -9.7322185e-22)
(0.85671779 0.043699275 -9.2996097e-22)
)
;

boundaryField
{
    Side
    {
        type            empty;
    }
    Inlet
    {
        type            inletOutlet;
        inletValue      uniform (0.85671779 0.043699275 0);
        value           nonuniform List<vector> 
15
(
(0.85671779 0.043699275 0)
(0.85671779 0.043699275 0)
(0.85671779 0.043699275 0)
(0.85671779 0.043699275 0)
(0.85671779 0.043699275 0)
(0.85671779 0.043699275 0)
(0.85671779 0.043699275 0)
(0.85671779 0.043699275 0)
(0.85671779 0.043699275 0)
(0.85671779 0.043699275 0)
(0.85671779 0.043699275 0)
(0.85671779 0.043699275 0)
(0.85671779 0.043699275 0)
(0.85671779 0.043699275 0)
(0.85671779 0.043699275 0)
)
;
    }
    Airfoil
    {
        type            noSlip;
    }
    Outlet
    {
        type            zeroGradient;
    }
    Flap
    {
        type            noSlip;
    }
    procBoundary3to2
    {
        type            processor;
        value           nonuniform List<vector> 
113
(
(0.85671779 0.043699275 -6.5606549e-25)
(0.85671779 0.043699275 1.9681943e-24)
(1.0090098 0.42080901 0)
(1.0090098 0.42080901 0)
(1.0144861 0.41098895 3.5244332e-21)
(1.0184094 0.40323695 -3.5019243e-21)
(1.0220011 0.39459473 0)
(1.024997 0.38598661 -3.4632218e-21)
(1.0274904 0.37723937 -3.9351142e-24)
(1.029491 0.36844867 1.0295167e-20)
(1.0310283 0.35962398 -6.8373948e-21)
(1.0321313 0.35081112 0)
(1.0328078 0.34193667 6.8290616e-21)
(1.0330477 0.33288751 -6.8198802e-21)
(1.0328842 0.32375682 0)
(1.0324954 0.31510951 0)
(0.97386502 0.21711711 0)
(0.97386502 0.21711711 0)
(0.76505419 0.031647382 -5.7511773e-23)
(0.75163629 -0.0037840338 -1.0636647e-22)
(0.8416868 -0.0030981382 -9.0786511e-22)
(0.76505419 0.031647382 -5.7511773e-23)
(0.98130832 0.17708771 6.0430457e-22)
(0.9936439 0.098353195 -5.31181e-22)
(0.99439778 0.021461601 0)
(0.97355508 -0.057259237 -7.6567231e-23)
(0.94919923 -0.10231723 7.6874756e-23)
(0.90801411 -0.12177151 -7.4955623e-23)
(0.89187556 -0.091904746 7.4338262e-23)
(0.88970404 -0.074111192 3.6993604e-22)
(0.89926095 -0.05583779 -2.255945e-22)
(0.91134423 -0.040033389 2.2273024e-22)
(0.92154441 -0.026509325 -3.0164889e-22)
(0.92931582 -0.0093122244 -7.5992705e-23)
(0.92769724 -0.016914898 1.4927975e-22)
(0.90795291 -0.019877906 -1.7747616e-26)
(0.90795291 -0.019877906 -1.7747616e-26)
(0.85671779 0.043699275 3.328645e-34)
(0.85671779 0.043699275 3.328645e-34)
(0.85671779 0.043699275 -5.8755734e-22)
(0.85671779 0.043699275 -9.9252905e-22)
(0.85671779 0.043699275 -9.9252905e-22)
(0.85671779 0.043699275 -6.0361647e-22)
(0.85671779 0.043699275 -6.0361647e-22)
(0.85671779 0.043699275 8.1586949e-22)
(0.85671779 0.043699275 8.1586949e-22)
(0.85671779 0.043699275 -8.2771898e-22)
(0.85671779 0.043699274 -8.3940741e-22)
(0.85671779 0.043699274 -8.3940741e-22)
(0.85671778 0.043699248 -1.2768622e-21)
(0.85671778 0.043699248 -1.2768622e-21)
(0.85671759 0.04369837 -6.4719028e-22)
(0.85671759 0.04369837 -6.4719028e-22)
(0.85671046 0.043666825 -1.0935073e-21)
(0.85671046 0.043666825 -1.0935073e-21)
(0.85662089 0.043289347 8.8894632e-22)
(0.85662089 0.043289347 8.8894632e-22)
(0.85516318 0.036553921 9.0403509e-22)
(0.85516318 0.036553921 9.0403509e-22)
(0.8416868 -0.0030981382 -9.0786511e-22)
(0.85671779 0.043699275 0)
(0.85671779 0.043699275 0)
(0.85671779 0.043699275 0)
(0.85671779 0.043699275 -8.3901289e-23)
(0.85671779 0.043699275 -8.0804805e-23)
(0.85671779 0.043699275 0)
(0.85671779 0.043699275 -1.0549952e-22)
(0.85671779 0.043699275 1.1880635e-22)
(0.85671779 0.043699275 0)
(0.85671779 0.043699275 1.5888799e-22)
(0.85671779 0.043699275 -1.9074054e-22)
(0.85671779 0.043699275 -1.9074054e-22)
(0.85671779 0.043699275 -7.474171e-24)
(0.85671779 0.043699275 1.9268876e-21)
(0.85671779 0.043699275 1.9268876e-21)
(0.84378184 -0.0011150053 -1.248677e-22)
(0.85196984 -0.0034310485 1.3594041e-22)
(0.85652815 0.042147376 -1.3646766e-22)
(0.85669536 0.043359457 1.5390636e-22)
(0.85671755 0.043694713 1.2198779e-30)
(0.85671779 0.043699172 -1.7158818e-23)
(0.85671779 0.043699274 8.5965132e-24)
(0.85671779 0.043699275 -6.8909478e-23)
(0.85671779 0.043699275 1.9850399e-22)
(0.85671779 0.043699275 -1.4700377e-22)
(0.85671779 0.043699275 -1.3862429e-22)
(0.85671779 0.043699275 1.3889312e-22)
(0.85671779 0.043699275 -8.6976874e-24)
(0.85671779 0.043699275 2.8758248e-22)
(0.85671779 0.043699275 0)
(0.85671779 0.043699275 0)
(0.85671779 0.043699275 0)
(0.85671779 0.043699275 0)
(0.85671779 0.043699275 0)
(0.85671779 0.043699275 1.4754623e-21)
(0.85671779 0.043699275 1.4754623e-21)
(0.85671779 0.043699275 0)
(0.85671779 0.043699275 0)
(0.85671779 0.043699275 1.5697491e-21)
(0.85671779 0.043699275 1.5697491e-21)
(0.85671779 0.043699275 -1.6215606e-21)
(0.85671779 0.043699275 0)
(0.85671779 0.043699275 0)
(0.85671779 0.043699275 0)
(0.85671779 0.043699275 0)
(0.85671779 0.043699275 0)
(0.85671779 0.043699275 0)
(0.85671779 0.043699275 -1.550885e-23)
(0.85671779 0.043699275 -1.550885e-23)
(0.85671779 0.043699275 5.0431247e-22)
(0.85671779 0.043699275 1.5062072e-23)
(0.85671779 0.043699275 -1.4837279e-23)
(0.85671779 0.043699275 -1.4837279e-23)
)
;
    }
    procBoundary3to4
    {
        type            processor;
        value           nonuniform List<vector> 
142
(
(0.85671779 0.043699274 -1.3699676e-20)
(0.85671779 0.043699275 -8.0642266e-22)
(0.85671779 0.043699275 1.3900117e-20)
(0.85671779 0.043699275 8.0689114e-22)
(0.85671779 0.043699275 0)
(0.85671779 0.043699275 0)
(0.85671779 0.043699274 8.0830497e-22)
(0.85671779 0.043699265 -1.6175547e-21)
(0.85671776 0.043699212 4.0462512e-22)
(0.85671763 0.043698877 4.0486185e-22)
(0.85671683 0.043696932 0)
(0.85671302 0.043684582 4.0533518e-22)
(0.85668245 0.043628324 -4.0557341e-22)
(0.85649572 0.04326375 2.0289505e-22)
(0.85563334 0.040857489 -2.0296713e-22)
(0.85243215 0.034849873 0)
(0.83454182 -0.013232053 -2.7138069e-21)
(0.85671779 0.043699275 -2.792089e-21)
(0.85671779 0.043699275 -2.8639666e-21)
(0.85671779 0.043699275 -2.8639666e-21)
(0.85671779 0.043699275 8.6968786e-34)
(0.85671779 0.043699275 0)
(0.85671779 0.043699275 0)
(0.85671779 0.043699275 3.3571058e-35)
(0.85671779 0.043699275 3.3571058e-35)
(0.85671779 0.043699275 2.7375588e-21)
(0.85671779 0.043699275 2.7232248e-21)
(0.85671779 0.043699275 2.7232248e-21)
(0.85671779 0.043699275 1.6988558e-22)
(0.85671779 0.043699275 -2.7885381e-21)
(0.85671779 0.043699275 -2.7885381e-21)
(0.85671779 0.043699275 2.614707e-21)
(0.85671779 0.043699275 -2.6012078e-21)
(0.85671779 0.043699275 -2.6012078e-21)
(0.85671779 0.043699275 -2.6802028e-21)
(0.85671779 0.043699275 0)
(0.85671779 0.043699275 0)
(0.85671779 0.043699265 -5.0570147e-21)
(0.85671779 0.043699265 -5.0570147e-21)
(0.85671779 0.043699275 1.5607541e-21)
(0.85671779 0.043699275 0)
(0.85671779 0.043699275 0)
(0.85671779 0.043699275 5.9390719e-24)
(0.85671779 0.043699275 5.94104e-24)
(0.85671779 0.043699275 -1.4012968e-35)
(0.85671779 0.043699275 5.9449787e-24)
(0.85671779 0.043699275 2.042809e-22)
(0.85671779 0.043699275 -1.7318456e-21)
(0.85671779 0.043699275 -1.7318456e-21)
(0.85671779 0.043699275 -1.0718773e-22)
(0.85671779 0.043699275 -3.420593e-21)
(0.85671779 0.043699275 -3.420593e-21)
(0.85671779 0.043699275 -1.8041562e-21)
(0.85671779 0.043699275 1.6865134e-21)
(0.85671779 0.043699275 1.6865134e-21)
(0.85671779 0.043699275 3.8061719e-21)
(0.85671779 0.043699275 1.0917822e-34)
(0.85671779 0.043699275 1.0917822e-34)
(0.85671779 0.04369927 1.1758937e-20)
(0.85671779 0.043699273 0)
(0.85671779 0.043699274 1.8995613e-22)
(0.85671779 0.043699275 0)
(0.85671779 0.043699274 -1.3699676e-20)
(0.69290388 -0.34777466 -2.7487415e-21)
(0.65972358 -0.42545063 -2.0486727e-23)
(0.63512613 -0.48511492 0)
(0.61370279 -0.53728415 1.9652483e-23)
(0.59663233 -0.57930244 0)
(0.5873556 -0.60456886 -1.8971349e-23)
(0.58648873 -0.60869972 2.3907635e-21)
(0.61282441 -0.55747302 -6.2162519e-23)
(0.6934947 -0.3815907 -5.0378668e-21)
(0.7891466 -0.17898325 2.5943531e-21)
(0.77600556 -0.20998669 1.9857806e-23)
(0.73750566 -0.30462391 -1.8492247e-23)
(0.71178608 -0.37622731 -1.864886e-23)
(0.67392187 -0.37778117 2.6205445e-21)
(0.71235526 -0.29713448 2.6715964e-21)
(0.73498897 -0.24092103 0)
(0.7576108 -0.18583746 -2.8356416e-21)
(0.79303784 -0.10514917 -5.542506e-21)
(0.79303784 -0.10514917 -5.542506e-21)
(0.81201671 -0.058584079 -1.9749996e-23)
(0.83454182 -0.013232053 -2.7138069e-21)
(0.85671779 0.043699275 0)
(0.85671779 0.043699275 -9.2283048e-25)
(0.85671779 0.043699275 2.5106419e-22)
(0.85671779 0.043699275 2.5106419e-22)
(0.85671779 0.043699275 -2.1087896e-24)
(0.85671779 0.043699275 2.9075538e-22)
(0.85671779 0.043699275 0)
(0.85671779 0.043699275 3.4382123e-22)
(0.85671779 0.043699275 3.4382123e-22)
(0.85671779 0.043699275 3.8387273e-22)
(0.85671779 0.043699275 8.3365922e-22)
(0.85671779 0.043699275 8.3365922e-22)
(0.85671779 0.043699275 9.4448122e-22)
(0.85671779 0.043699275 8.4361415e-24)
(0.85671779 0.043699275 8.4361415e-24)
(0.85671779 0.043699275 1.25834e-21)
(0.85671779 0.043699275 1.25834e-21)
(0.85671779 0.043699275 2.1708349e-34)
(0.85671779 0.043699275 2.1708349e-34)
(0.85671779 0.043699275 1.5045502e-21)
(0.85671779 0.043699275 3.7577476e-21)
(0.85671779 0.043699275 3.7577476e-21)
(0.85671779 0.043699275 -7.3068209e-24)
(0.85671779 0.043699275 0)
(0.85671779 0.043699275 3.72257e-21)
(0.85671779 0.043699275 0)
(0.78672124 -0.10136828 -7.505291e-22)
(0.81417641 -0.10747343 9.0950001e-22)
(0.85416097 0.036467629 3.9059446e-22)
(0.8562239 0.041357014 -4.1635288e-22)
(0.85670817 0.043648106 0)
(0.85671757 0.04369771 2.0740007e-22)
(0.85671779 0.04369926 -2.9276415e-22)
(0.85671779 0.043699275 1.341671e-22)
(0.85671779 0.043699275 -1.2195512e-23)
(0.85671779 0.043699275 0)
(0.85671779 0.043699275 2.4383242e-23)
(0.85671779 0.043699275 2.4376524e-23)
(0.85671779 0.043699275 -1.2184837e-23)
(0.85671779 0.043699275 0)
(0.85671779 0.043699275 0)
(0.85671779 0.043699275 -5.7020028e-22)
(0.85671779 0.043699275 -5.7020028e-22)
(0.85671779 0.043699275 5.579736e-22)
(0.85671779 0.043699275 0)
(0.85671779 0.043699275 0)
(0.85671779 0.043699275 0)
(0.85671779 0.043699275 -8.327122e-24)
(0.85671779 0.043699275 -5.1638445e-22)
(0.85671779 0.043699275 5.1648415e-22)
(0.85671779 0.043699275 5.1648415e-22)
(0.85671779 0.043699275 -1.0164661e-21)
(0.85671779 0.043699275 -5.1627396e-22)
(0.85671779 0.043699275 -9.7108539e-22)
(0.85671779 0.043699275 -9.7108539e-22)
(0.85671779 0.043699275 -5.0089756e-22)
(0.85671779 0.043699275 -4.7876927e-22)
(0.85671779 0.043699275 -4.7201574e-22)
)
;
    }
}


// ************************************************************************* //
