/*--------------------------------*- C++ -*----------------------------------*\
| =========                 |                                                 |
| \\      /  F ield         | OpenFOAM: The Open Source CFD Toolbox           |
|  \\    /   O peration     | Version:  2206                                  |
|   \\  /    A nd           | Website:  www.openfoam.com                      |
|    \\/     M anipulation  |                                                 |
\*---------------------------------------------------------------------------*/
FoamFile
{
    version     2.0;
    format      ascii;
    arch        "LSB;label=32;scalar=64";
    class       volScalarField;
    location    "0.02";
    object      p;
}
// * * * * * * * * * * * * * * * * * * * * * * * * * * * * * * * * * * * * * //

dimensions      [1 -1 -2 0 0 0 0];

internalField   nonuniform List<scalar> 
1396
(
1
1
1
1
1
1
1
1
1
1
1
1
1
1
1
1
1
1
1
1
1
1
1
1
1
1
1
1
1
1
1
1
1
1
1
1
1
1
1
1
1
1
1
1
1
1
1
1
1
1
1
1
1
1
1
1
1
1
1
1
1
1
1
1
1
1
1
1
1
1
1
1
1
1
1
1
1
1
1
1
1
1
1
1
1
1
1
1
1
1
1
1
1
1
1
1
1
1
1
1
1
1
1
1
1
1
1
1
1
1
1
1
1
1
1
1
1
1
1
1
1
1
1
1
1
1
1
1
1
1
1
1
1
1
1
1
1
1
1
1
1
1
1
1
1
1
1
1
1
1
1
1
1
1
1
1
1
1
1
1
1
1
1
1
1
1
1
1
1
1
1
1
1
1
1
1
1
1
1
1
1
1
1
1
1
1
1
1
1
1
1
1
1
1
1
1
1
1
1
1
1
1
1
1
1
1
1
1
1
1
1
1
1
1
1
1
1
1
1
1
1
1
1
1
1
1
1
1
1
1
1
1
1
1
1
1
1
1
1
1
1
1
1
1
1
1
1
1
1
1
1
1
1
1
1
1
1
1
1
1
1
1
1
1
1
1
1
1
1
1
1
1
1
1
1
1
1
1
1
1
1
1
1
1
1
1
1
1
1
1
1
1
1
1
1
1
1
1
1
1
1
1
1
1
1
1
1
1
1
1
1
1
1
1
1
1
1
1
1
1
1
1
1
1
1
1
1
1
1
1
1
1
1
1
1
1
1
1
1
1
1
1
1
1
1
1
1
1
1
1
1
1
1
1
1
1
1
1
1
1
0.99998601
0.99999997
0.99999994
0.99999988
0.99999979
0.9999997
1
1
1
1
1
1
1
1
1
1
1
1
1
1
1
1
1
1
1
1
1
1
1
1
1
1
1
1
1
1
1
1
1
1
1
1
1
1
1
1
1
1
1
1
1
1
1
1
1
1
1
1
1
1
1
1
1
1
1
1
1
1
1
1
1
1
1
1
1
1
1
1
1
1
1
1
1
1
1
1
1
1
1
1
1
1
1
1
1
1
1
1
1
1
1
1
1
1
1
1
1
1
1
1
1
1
1
1
1
1
1
1
1
1
1
1
1
1
0.98874579
0.98467879
0.98177635
0.98115035
0.96894317
0.98320631
0.97232087
0.98714361
0.97869261
0.99153684
0.9856348
0.97703059
0.99536194
0.9917429
0.98597043
0.99834342
0.99689699
0.99415231
0.99432622
0.99719469
0.99870374
0.99939804
0.99535695
0.9979585
0.99924458
0.99973921
0.99639034
0.99871514
0.99977173
1.0000502
0.99947263
1.0003034
1.0003538
1.000252
1.000841
1.0006505
1.0010459
1.0013833
1.0009421
1.0018405
1.0019202
1.0012236
1.002629
1.0024427
1.0014878
1.0034021
1.0029471
1.0017319
1.0041429
1.0034297
1.001958
1.0048621
1.003896
1.0021707
1.0056337
1.0043814
1.0023798
1.0064931
1.0048988
1.0025885
1.0072085
1.005275
1.0027324
0.99998848
0.99995855
0.99988146
0.99971205
0.99941134
0.99898266
0.99850352
0.99811592
0.9979743
0.99816439
0.99860991
0.99911662
0.99954349
0.99983924
0.99999982
0.9999993
0.9999979
0.99999443
0.99998749
0.99997637
0.99996234
0.99994929
0.99994245
0.9999416
0.99995312
0.9999802
0.99999591
0.99999788
1
0.99999999
0.99999998
0.99999996
0.99999991
0.99999983
0.99999972
0.99999963
0.99999957
0.99999955
0.99999901
0.99999918
1.0000004
1.0000005
1
1
1
1
1
1
1
1
1
1
0.99999999
0.99999995
0.99999998
1
1
1
1
1
1
1
1
1
1
1
1
1
1
1
1
1
1
1
1
1
1
1
1
1
1
1
1
1
1
1
1
1
1
1
1
1
1
1
1
1
1
1
1
1
1
1
1
1
1
1
1
1
1
1
1
1
1
1
1
1
1
1
1
1
1
1
1
1
1
1
1
1
1
1
1
1
1
1
1
1
1
1
1
1
1
1
1
1
1
1
1
0.99999997
1.0000046
1.0002188
1
1
1
1
1
1
1
1
1.0000047
1.0002132
1
1
1
1
1
1
1
1
1.0000045
1.0002038
1
1
1
1
1
1
1
1
1.0000042
1.0001909
1
1
1
1
1
1
1
1
1.0000038
1.0001742
1
1
1
1
1
1
1
1
1.0000033
1.000154
1
1
1
1
1
1
1
1
1.0000027
1.0001308
1
1
1
1
1
1
1
1
1.0000022
1.0001059
1
1
1
1
1
1
1
0.99999999
1.0000016
1.0000802
1
1
1
1
1
1
1
0.99999998
1.0000011
1.0000541
1
1
1
1
1
1
1
0.99999996
1.0000006
1.0000275
1
1
1
1
1
1
1
0.99999995
1.0000001
1.0000003
1
1
1
1
1
1
1
0.99999996
0.99999962
0.99997208
1
1
1
1
1
1
1
1.0000001
0.99999884
0.99994231
1
1
1
1
1
0.99999876
1.0000001
1
1
1
1
1
1
1
1.0012547
0.99986314
1.0000156
0.99999907
1.0000001
1
1
1
1
1
1
1
1.0144969
0.99646052
1.000768
0.99990874
1.0000095
0.99999937
1
1
1
1
1
1
1
1
1.0086028
0.99779921
1.0004493
0.99994295
1.0000055
0.99999961
1
1
1
1
1
1
1
1
1.0047021
0.99869488
1.0002491
0.99996749
1.000003
0.99999978
1
1
1
1
1
1
1
1
1.0021257
0.99928285
1.0001226
0.99998474
1.0000015
0.99999989
1
1
1
1
1
1
1
1
1.0001588
0.99993685
1.0000118
0.99999865
1.0000001
0.99999999
1
1
1
1
1
1
1
1
1.0000015
1.0000035
0.99999888
1.0000002
0.99999998
1
1
1
1
1
1
1
1
1
0.99999986
1.0000006
0.99999982
1
1
1
1
1
1
1
1
1
1
1
1
1
1
1
1
1
1
1
1
1
1
1
1
1
1
1
1
1
1
1
1
1
1
1
1
1
1
1
1
1
1
1
1
1
1
1
1
1
1
1
1
1
1
1
1
1
1
1
1
1
1
1
1
1
1
1
1
1
1
1
1
1
1
1
1
1
1
1
1
1
1
1
1
1
1
1
1
1
1
1
1
1
1
1
1
1
1
1
1
1
1
1
1
1
1
1
1
1
1
1
1
1
1
1
1
1
1
1
1
1
1
1
1
1
1
1
1
1
1
1
1
1
1
1
1
1
1
1
1
1
1
1
1
1
1
1
1
1
1
1
1
1
1
1
1
1
1
1
1
1
1
1
1
1
1
1
1
1
1
1
1
1
1
1
1
1
1
1
1
1
1
1
1
1
1
1
1
1
1
1
1
1
1
1
1
1
1
1
1
1
1
1
1
1
1
1
1
1
1
1
1
1
1
1
1
1
1
1
1
1
1
1
1
1
1
1
1
1
1
1
1
1
1
1
1
1
1
1
1
1
1
1
1
1
1
1
1
1
1
1
1
1
1
1
1
1
1
1
1
1
1
1
1
1
1
1
1
1
1
1
1
1
1
1
1
1
1
1
1
1
1
1
1
1
1
1
1
1
1
1
1
1
1
1
1
1
1
1
1
1
1
1
1
1
1
1
1
1
1
1
1
1
1
1
1
1
1
1
1
1
1
1
1
1
1
1
1
1
1
1
1
1
1
1
1
1
1
1
1
1
1
1
1
1
1
1
1
1
1
1
1
1
1
1
1
1
1
1
1
1
1
1
1
1
1
1
1
1
1
1
1
1
1
1
1
1
1
1
1
1
1
1
1
1
1
1
1
1
1
1
1
1
1
1
1
1
1
1
1
1
1
1
1
1
1
1
1
1
1
1
1
1
1
1
1
1
1
1
1
1
1
1
1
1
1
1
1
1
1
1
1
1
1
1
1
1
1
1
1
1
1
1
1
1
1
1
1
1
1
1
1
1
1
1
1
)
;

boundaryField
{
    Side
    {
        type            empty;
    }
    Inlet
    {
        type            inletOutlet;
        inletValue      uniform 1;
        value           nonuniform List<scalar> 
15
(
1
1
1
1
1
1
1
1
1
1
1
1
1
1
1
)
;
    }
    Airfoil
    {
        type            zeroGradient;
    }
    Outlet
    {
        type            zeroGradient;
    }
    Flap
    {
        type            zeroGradient;
    }
    procBoundary5to4
    {
        type            processor;
        value           nonuniform List<scalar> 
189
(
1
1
1
1
1
1
1
1
1
1
1
1
1
1
1
1
1
1
1
1
1
1
1
1
1
1
1
1
1
1
1
1
1
1
1
1
1
1
1
1
1
1
1
1
1
1
1
1
1
1
1
1
1
1
1
1
1
1
1
1
0.99999752
0.99999583
0.99999352
0.99999007
0.99999007
0.99975537
1
1
0.99999999
0.99999999
0.99999998
0.99999998
1
1
1
1
1
0.99979177
0.99929833
0.99817883
0.99605431
0.99280086
0.99280086
0.98081536
0.97443946
0.96987305
0.96987305
0.95331038
0.95803032
0.96717648
0.96717648
0.96482998
0.97734031
0.98957085
0.98957085
0.98971391
0.99114675
0.992544
0.99745064
0.99745064
0.99852619
0.99960932
1.0006901
1.0017624
1.002804
1.0037792
1.0046979
1.0057174
1.0070267
1.008328
1.008328
1
1
1
1
1
1
1
0.99999855
1.0000002
1
1
1
1.0019614
0.99980791
1.0000243
1.0000243
1.0229954
0.99472871
0.99472871
1
1
1
1
1
1
1
1
1
1
1
1
1
1
1
1
1
1
1
1
1
1
1
1
1
1
1
1
1
1
1
1
1
1
1
1
1
1
1
1
1
1
1
1
1
1
1
1
1
1
1
1
1
1
1
1
1
1
1
)
;
    }
    procBoundary5to6
    {
        type            processor;
        value           nonuniform List<scalar> 
188
(
1
1
1
1
1
1
1
1
1
1
1
1
1
1
1
1
1
1
1
1
1
1
1
1
1
1
1
1
1
1
1
1
1
1
1
1
1
1
1
1
1
1
1
1
1
1
1
1
1
1
1
1
1
1
1
1
1
1
1
1
1
1
1
1
1
1
1
1
1
1
1
1
1
1
1
1
1
1
1
1
1
1
1
1
1
1
1
1
1
1
1
1
1
1
1
1
1
1
1
1
1
1
1
1
1
1
1
1
1
1
1
1
1
1
1
1
1
1
1
1
1
1
1
1
1
1
1
1
1
1
1
1
1
1
1
1
1
1
1
1
1
1
1
1
1
1
1
1
1
1
1
1
1
1
1
1
1
1
1
1
1
1
1
1
1
1
1
1
1
1
1
1
1
1
1
1
1
1
1
1
1
1
1
1
1
1
1
1
)
;
    }
}


// ************************************************************************* //
