/*--------------------------------*- C++ -*----------------------------------*\
| =========                 |                                                 |
| \\      /  F ield         | OpenFOAM: The Open Source CFD Toolbox           |
|  \\    /   O peration     | Version:  2206                                  |
|   \\  /    A nd           | Website:  www.openfoam.com                      |
|    \\/     M anipulation  |                                                 |
\*---------------------------------------------------------------------------*/
FoamFile
{
    version     2.0;
    format      ascii;
    arch        "LSB;label=32;scalar=64";
    class       volScalarField;
    location    "0.02";
    object      rho;
}
// * * * * * * * * * * * * * * * * * * * * * * * * * * * * * * * * * * * * * //

dimensions      [1 -3 0 0 0 0 0];

internalField   nonuniform List<scalar> 
1396
(
0.99999904
0.99999904
0.99999904
0.99999904
0.99999904
0.99999904
0.99999904
0.99999904
0.99999904
0.99999904
0.99999904
0.99999904
0.99999904
0.99999904
0.99999904
0.99999904
0.99999904
0.99999904
0.99999904
0.99999904
0.99999904
0.99999904
0.99999904
0.99999904
0.99999904
0.99999904
0.99999904
0.99999904
0.99999904
0.99999904
0.99999904
0.99999904
0.99999904
0.99999904
0.99999904
0.99999904
0.99999904
0.99999904
0.99999904
0.99999904
0.99999904
0.99999904
0.99999904
0.99999904
0.99999904
0.99999904
0.99999904
0.99999904
0.99999904
0.99999904
0.99999904
0.99999904
0.99999904
0.99999904
0.99999904
0.99999904
0.99999904
0.99999904
0.99999904
0.99999904
0.99999904
0.99999904
0.99999904
0.99999904
0.99999904
0.99999904
0.99999904
0.99999904
0.99999904
0.99999904
0.99999904
0.99999904
0.99999904
0.99999904
0.99999904
0.99999904
0.99999904
0.99999904
0.99999904
0.99999904
0.99999904
0.99999904
0.99999904
0.99999904
0.99999904
0.99999904
0.99999904
0.99999904
0.99999904
0.99999904
0.99999904
0.99999904
0.99999904
0.99999904
0.99999904
0.99999904
0.99999904
0.99999904
0.99999904
0.99999904
0.99999904
0.99999904
0.99999904
0.99999904
0.99999904
0.99999904
0.99999904
0.99999904
0.99999904
0.99999904
0.99999904
0.99999904
0.99999904
0.99999904
0.99999904
0.99999904
0.99999904
0.99999904
0.99999904
0.99999904
0.99999904
0.99999904
0.99999904
0.99999904
0.99999904
0.99999904
0.99999904
0.99999904
0.99999904
0.99999904
0.99999904
0.99999904
0.99999904
0.99999904
0.99999904
0.99999904
0.99999904
0.99999904
0.99999904
0.99999904
0.99999904
0.99999904
0.99999904
0.99999904
0.99999904
0.99999904
0.99999904
0.99999904
0.99999904
0.99999904
0.99999904
0.99999904
0.99999904
0.99999904
0.99999904
0.99999904
0.99999904
0.99999904
0.99999904
0.99999904
0.99999904
0.99999904
0.99999904
0.99999904
0.99999904
0.99999904
0.99999904
0.99999904
0.99999904
0.99999904
0.99999904
0.99999904
0.99999904
0.99999904
0.99999904
0.99999904
0.99999904
0.99999904
0.99999904
0.99999904
0.99999904
0.99999904
0.99999904
0.99999904
0.99999904
0.99999904
0.99999904
0.99999904
0.99999904
0.99999904
0.99999904
0.99999904
0.99999904
0.99999904
0.99999904
0.99999904
0.99999904
0.99999904
0.99999904
0.99999904
0.99999904
0.99999904
0.99999904
0.99999904
0.99999904
0.99999904
0.99999904
0.99999904
0.99999904
0.99999904
0.99999904
0.99999904
0.99999904
0.99999904
0.99999904
0.99999904
0.99999904
0.99999904
0.99999904
0.99999904
0.99999904
0.99999904
0.99999904
0.99999904
0.99999904
0.99999904
0.99999904
0.99999904
0.99999904
0.99999904
0.99999904
0.99999904
0.99999904
0.99999904
0.99999904
0.99999904
0.99999904
0.99999904
0.99999904
0.99999904
0.99999904
0.99999904
0.99999904
0.99999904
0.99999904
0.99999904
0.99999904
0.99999904
0.99999904
0.99999904
0.99999904
0.99999904
0.99999904
0.99999904
0.99999904
0.99999904
0.99999904
0.99999904
0.99999904
0.99999904
0.99999904
0.99999904
0.99999904
0.99999904
0.99999904
0.99999904
0.99999904
0.99999904
0.99999904
0.99999904
0.99999904
0.99999904
0.99999904
0.99999904
0.99999904
0.99999904
0.99999904
0.99999904
0.99999904
0.99999904
0.99999904
0.99999904
0.99999904
0.99999904
0.99999904
0.99999904
0.99999904
0.99999904
0.99999904
0.99999904
0.99999904
0.99999904
0.99999904
0.99999904
0.99999904
0.99999904
0.99999904
0.99999904
0.99999904
0.99999904
0.99999904
0.99999904
0.99999904
0.99999904
0.99999904
0.99999904
0.99999904
0.99999904
0.99999904
0.99999904
0.99999904
0.99999904
0.99999904
0.99999904
0.99999904
0.99999904
0.99999904
0.99999904
0.99999904
0.99999904
0.99999904
0.99999904
0.99999904
0.99999904
0.99999904
0.99999904
0.99999904
0.99999904
0.99999904
0.99999904
0.99999904
0.99999904
0.99999904
0.99999904
0.99999904
0.99999904
0.99999904
0.99999904
0.99999904
0.99999904
0.99999904
0.99999904
0.99999904
0.99999904
0.99999904
0.99999904
0.99999904
0.99999904
0.99999904
0.99999904
0.99999904
0.99999904
0.99999904
0.99999904
0.99999904
0.99999904
0.99999904
0.99999904
0.99999904
0.99999904
0.99999384
0.99999903
0.99999901
0.99999898
0.99999894
0.99999889
0.99999904
0.99999904
0.99999904
0.99999904
0.99999904
0.99999904
0.99999904
0.99999904
0.99999904
0.99999904
0.99999904
0.99999904
0.99999904
0.99999904
0.99999904
0.99999904
0.99999904
0.99999904
0.99999904
0.99999904
0.99999904
0.99999904
0.99999904
0.99999904
0.99999904
0.99999904
0.99999904
0.99999904
0.99999904
0.99999904
0.99999904
0.99999904
0.99999904
0.99999904
0.99999904
0.99999904
0.99999904
0.99999904
0.99999904
0.99999904
0.99999904
0.99999904
0.99999904
0.99999904
0.99999904
0.99999904
0.99999904
0.99999904
0.99999904
0.99999904
0.99999904
0.99999904
0.99999904
0.99999904
0.99999904
0.99999904
0.99999904
0.99999904
0.99999904
0.99999904
0.99999904
0.99999904
0.99999904
0.99999904
0.99999904
0.99999904
0.99999904
0.99999904
0.99999904
0.99999904
0.99999904
0.99999904
0.99999904
0.99999904
0.99999904
0.99999904
0.99999904
0.99999904
0.99999904
0.99999904
0.99999904
0.99999904
0.99999904
0.99999904
0.99999904
0.99999904
0.99999904
0.99999904
0.99999904
0.99999904
0.99999904
0.99999904
0.99999904
0.99999904
0.99999904
0.99999904
0.99999904
0.99999904
0.99999904
0.99999904
0.99999904
0.99999904
0.99999904
0.99999904
0.99999904
0.99999904
0.99999904
0.99999904
0.99999904
0.99999904
0.99999904
0.99999904
0.99999904
0.99999904
0.99999904
0.99999904
0.99999904
0.99999904
1.0051393
1.0100587
1.0151695
1.0184777
1.028536
1.018354
1.0274338
1.0146816
1.0216479
1.009346
1.0139504
1.0144721
1.0046952
1.0075311
1.0077936
1.0015804
1.0029462
1.0032197
0.99534978
0.99929628
1.0001806
1.0001242
0.99385998
0.99849734
0.99971411
0.99990132
0.99228604
0.99762611
0.99921685
0.99965799
0.99670593
0.9987473
0.9994463
0.99563183
0.9982727
0.99925214
0.99433889
0.99775136
0.99907124
0.99287762
0.99714501
0.9988802
0.99128989
0.99644119
0.9986629
0.98959461
0.99562271
0.9983981
0.98785683
0.99467747
0.99806071
0.9863173
0.99371082
0.99767207
0.9854312
0.99302716
0.99734915
0.98543382
0.99288619
0.99722798
0.98596367
0.99312994
0.99729106
0.99999555
0.99998671
0.9999698
0.99995729
0.9999945
1.000159
1.0005009
1.0009708
1.0013937
1.0015601
1.0013536
1.0008802
1.0004119
1.0001233
0.99999897
0.99999877
0.99999824
0.9999971
0.99999533
0.99999366
0.99999351
0.99999609
1.0000008
1.0000024
1.0000047
1.000009
1.0000054
1.0000005
0.99999904
0.99999904
0.99999904
0.99999904
0.99999905
0.99999907
0.99999914
0.99999924
0.99999936
0.9999994
0.99999895
0.99999894
0.99999951
0.99999937
0.99999904
0.99999904
0.99999904
0.99999904
0.99999904
0.99999904
0.99999904
0.99999905
0.99999905
0.99999905
0.99999904
0.99999901
0.99999903
0.99999906
0.99999904
0.99999904
0.99999904
0.99999904
0.99999904
0.99999904
0.99999904
0.99999904
0.99999904
0.99999904
0.99999904
0.99999904
0.99999904
0.99999904
0.99999904
0.99999904
0.99999904
0.99999904
0.99999904
0.99999904
0.99999904
0.99999904
0.99999904
0.99999904
0.99999904
0.99999904
0.99999904
0.99999904
0.99999904
0.99999904
0.99999904
0.99999904
0.99999904
0.99999904
0.99999904
0.99999904
0.99999904
0.99999904
0.99999904
0.99999904
0.99999904
0.99999904
0.99999904
0.99999904
0.99999904
0.99999904
0.99999904
0.99999904
0.99999904
0.99999904
0.99999904
0.99999904
0.99999904
0.99999904
0.99999904
0.99999904
0.99999904
0.99999904
0.99999904
0.99999904
0.99999904
0.99999904
0.99999904
0.99999904
0.99999904
0.99999904
0.99999904
0.99999904
0.99999904
0.99999904
0.99999904
0.99999904
0.99999904
0.99999904
0.99999904
0.99999904
0.99999904
0.99999904
0.99999904
0.99999904
0.99999904
0.99999904
0.99999904
0.99999904
0.99999904
0.99999904
0.99999904
0.99999904
0.99999904
0.99999904
0.99999904
0.99999906
1.0000004
0.99992108
0.99999904
0.99999904
0.99999904
0.99999904
0.99999904
0.99999904
0.99999904
0.99999903
1.0000002
0.99992054
0.99999904
0.99999904
0.99999904
0.99999904
0.99999904
0.99999904
0.99999904
0.99999903
1.0000002
0.99993254
0.99999904
0.99999904
0.99999904
0.99999904
0.99999904
0.99999904
0.99999904
0.99999904
1.0000002
0.99994614
0.99999904
0.99999904
0.99999904
0.99999904
0.99999904
0.99999904
0.99999904
0.99999904
1.0000001
0.99995622
0.99999904
0.99999904
0.99999904
0.99999904
0.99999904
0.99999904
0.99999904
0.99999904
0.99999997
0.99996206
0.99999904
0.99999904
0.99999904
0.99999904
0.99999904
0.99999904
0.99999904
0.99999904
0.99999985
0.99996546
0.99999904
0.99999904
0.99999904
0.99999904
0.99999904
0.99999904
0.99999904
0.99999904
0.99999972
0.99996854
0.99999904
0.99999904
0.99999904
0.99999904
0.99999904
0.99999904
0.99999905
0.99999906
0.99999954
0.99997261
0.99999904
0.99999904
0.99999904
0.99999904
0.99999904
0.99999904
0.99999904
0.99999912
0.99999948
0.99997824
0.99999904
0.99999904
0.99999904
0.99999904
0.99999904
0.99999904
0.99999904
0.99999912
1.0000004
0.99998529
0.99999904
0.99999904
0.99999904
0.99999904
0.99999904
0.99999904
0.99999904
0.99999905
1.0000009
0.99999431
0.99999904
0.99999904
0.99999904
0.99999904
0.99999904
0.99999904
0.99999904
0.99999904
0.99999985
1.0000088
0.99999904
0.99999904
0.99999904
0.99999904
0.99999904
0.99999904
0.99999904
0.9999991
0.9999997
1.0000212
0.99999904
0.99999904
0.99999904
0.99999904
0.99999904
0.99999865
0.99999907
0.99999904
0.99999904
0.99999904
0.99999904
0.99999904
0.99999904
0.99999904
0.99978168
0.99998826
1.0000007
0.99999882
0.99999906
0.99999904
0.99999904
0.99999904
0.99999904
0.99999904
0.99999904
0.99999904
0.9937695
1.0009626
0.99980251
1.0000016
0.99999969
0.99999892
0.99999905
0.99999904
0.99999904
0.99999904
0.99999904
0.99999904
0.99999904
0.99999904
0.99461127
1.0012096
0.9998533
1.0000042
0.99999924
0.99999898
0.99999905
0.99999904
0.99999904
0.99999904
0.99999904
0.99999904
0.99999904
0.99999904
0.99673942
1.0010517
0.99990304
1.0000028
0.99999912
0.99999901
0.99999905
0.99999904
0.99999904
0.99999904
0.99999904
0.99999904
0.99999904
0.99999904
0.99856781
1.0005156
0.99994056
1.0000017
0.99999912
0.99999902
0.99999904
0.99999904
0.99999904
0.99999904
0.99999904
0.99999904
0.99999904
0.99999904
0.99993166
1.0000215
0.99999412
0.99999945
0.99999904
0.99999904
0.99999904
0.99999904
0.99999904
0.99999904
0.99999904
0.99999904
0.99999904
0.99999904
1.0000014
0.99999256
1.000001
0.99999887
0.99999905
0.99999904
0.99999904
0.99999904
0.99999904
0.99999904
0.99999904
0.99999904
0.99999904
0.99999904
0.999999
0.99999893
0.99999909
0.99999904
0.99999904
0.99999904
0.99999904
0.99999904
0.99999904
0.99999904
0.99999904
0.99999904
0.99999904
0.99999904
0.99999904
0.99999905
0.99999903
0.99999904
0.99999904
0.99999904
0.99999904
0.99999904
0.99999904
0.99999904
0.99999904
0.99999904
0.99999904
0.99999904
0.99999904
0.99999904
0.99999904
0.99999904
0.99999904
0.99999904
0.99999904
0.99999904
0.99999904
0.99999904
0.99999904
0.99999904
0.99999904
0.99999904
0.99999904
0.99999904
0.99999904
0.99999904
0.99999904
0.99999904
0.99999904
0.99999904
0.99999904
0.99999904
0.99999904
0.99999904
0.99999904
0.99999904
0.99999904
0.99999904
0.99999904
0.99999904
0.99999904
0.99999904
0.99999904
0.99999904
0.99999904
0.99999904
0.99999904
0.99999904
0.99999904
0.99999904
0.99999904
0.99999904
0.99999904
0.99999904
0.99999904
0.99999904
0.99999904
0.99999904
0.99999904
0.99999904
0.99999904
0.99999904
0.99999904
0.99999904
0.99999904
0.99999904
0.99999904
0.99999904
0.99999904
0.99999904
0.99999904
0.99999904
0.99999904
0.99999904
0.99999904
0.99999904
0.99999904
0.99999904
0.99999904
0.99999904
0.99999904
0.99999904
0.99999904
0.99999904
0.99999904
0.99999904
0.99999904
0.99999904
0.99999904
0.99999904
0.99999904
0.99999904
0.99999904
0.99999904
0.99999904
0.99999904
0.99999904
0.99999904
0.99999904
0.99999904
0.99999904
0.99999904
0.99999904
0.99999904
0.99999904
0.99999904
0.99999904
0.99999904
0.99999904
0.99999904
0.99999904
0.99999904
0.99999904
0.99999904
0.99999904
0.99999904
0.99999904
0.99999904
0.99999904
0.99999904
0.99999904
0.99999904
0.99999904
0.99999904
0.99999904
0.99999904
0.99999904
0.99999904
0.99999904
0.99999904
0.99999904
0.99999904
0.99999904
0.99999904
0.99999904
0.99999904
0.99999904
0.99999904
0.99999904
0.99999904
0.99999904
0.99999904
0.99999904
0.99999904
0.99999904
0.99999904
0.99999904
0.99999904
0.99999904
0.99999904
0.99999904
0.99999904
0.99999904
0.99999904
0.99999904
0.99999904
0.99999904
0.99999904
0.99999904
0.99999904
0.99999904
0.99999904
0.99999904
0.99999904
0.99999904
0.99999904
0.99999904
0.99999904
0.99999904
0.99999904
0.99999904
0.99999904
0.99999904
0.99999904
0.99999904
0.99999904
0.99999904
0.99999904
0.99999904
0.99999904
0.99999904
0.99999904
0.99999904
0.99999904
0.99999904
0.99999904
0.99999904
0.99999904
0.99999904
0.99999904
0.99999904
0.99999904
0.99999904
0.99999904
0.99999904
0.99999904
0.99999904
0.99999904
0.99999904
0.99999904
0.99999904
0.99999904
0.99999904
0.99999904
0.99999904
0.99999904
0.99999904
0.99999904
0.99999904
0.99999904
0.99999904
0.99999904
0.99999904
0.99999904
0.99999904
0.99999904
0.99999904
0.99999904
0.99999904
0.99999904
0.99999904
0.99999904
0.99999904
0.99999904
0.99999904
0.99999904
0.99999904
0.99999904
0.99999904
0.99999904
0.99999904
0.99999904
0.99999904
0.99999904
0.99999904
0.99999904
0.99999904
0.99999904
0.99999904
0.99999904
0.99999904
0.99999904
0.99999904
0.99999904
0.99999904
0.99999904
0.99999904
0.99999904
0.99999904
0.99999904
0.99999904
0.99999904
0.99999904
0.99999904
0.99999904
0.99999904
0.99999904
0.99999904
0.99999904
0.99999904
0.99999904
0.99999904
0.99999904
0.99999904
0.99999904
0.99999904
0.99999904
0.99999904
0.99999904
0.99999904
0.99999904
0.99999904
0.99999904
0.99999904
0.99999904
0.99999904
0.99999904
0.99999904
0.99999904
0.99999904
0.99999904
0.99999904
0.99999904
0.99999904
0.99999904
0.99999904
0.99999904
0.99999904
0.99999904
0.99999904
0.99999904
0.99999904
0.99999904
0.99999904
0.99999904
0.99999904
0.99999904
0.99999904
0.99999904
0.99999904
0.99999904
0.99999904
0.99999904
0.99999904
0.99999904
0.99999904
0.99999904
0.99999904
0.99999904
0.99999904
0.99999904
0.99999904
0.99999904
0.99999904
0.99999904
0.99999904
0.99999904
0.99999904
0.99999904
0.99999904
0.99999904
0.99999904
0.99999904
0.99999904
0.99999904
0.99999904
0.99999904
0.99999904
0.99999904
0.99999904
0.99999904
0.99999904
0.99999904
0.99999904
0.99999904
0.99999904
0.99999904
0.99999904
0.99999904
0.99999904
0.99999904
0.99999904
0.99999904
0.99999904
0.99999904
0.99999904
0.99999904
0.99999904
0.99999904
0.99999904
0.99999904
0.99999904
0.99999904
0.99999904
0.99999904
0.99999904
0.99999904
0.99999904
0.99999904
0.99999904
0.99999904
0.99999904
0.99999904
0.99999904
0.99999904
0.99999904
0.99999904
0.99999904
0.99999904
0.99999904
0.99999904
0.99999904
0.99999904
0.99999904
0.99999904
0.99999904
0.99999904
0.99999904
0.99999904
0.99999904
0.99999904
0.99999904
0.99999904
0.99999904
0.99999904
0.99999904
0.99999904
0.99999904
0.99999904
0.99999904
0.99999904
0.99999904
0.99999904
0.99999904
0.99999904
0.99999904
0.99999904
0.99999904
0.99999904
0.99999904
0.99999904
0.99999904
0.99999904
0.99999904
0.99999904
0.99999904
0.99999904
0.99999904
0.99999904
0.99999904
0.99999904
0.99999904
0.99999904
0.99999904
0.99999904
0.99999904
0.99999904
0.99999904
0.99999904
0.99999904
0.99999904
0.99999904
0.99999904
0.99999904
0.99999904
0.99999904
0.99999904
0.99999904
0.99999904
0.99999904
0.99999904
0.99999904
0.99999904
0.99999904
0.99999904
0.99999904
0.99999904
0.99999904
0.99999904
)
;

boundaryField
{
    Side
    {
        type            empty;
    }
    Inlet
    {
        type            calculated;
        value           nonuniform List<scalar> 
15
(
0.99999904
0.99999904
0.99999904
0.99999904
0.99999904
0.99999904
0.99999904
0.99999904
0.99999904
0.99999904
0.99999904
0.99999904
0.99999904
0.99999904
0.99999904
)
;
    }
    Airfoil
    {
        type            calculated;
        value           nonuniform List<scalar> 0();
    }
    Outlet
    {
        type            calculated;
        value           nonuniform List<scalar> 0();
    }
    Flap
    {
        type            calculated;
        value           nonuniform List<scalar> 0();
    }
    procBoundary5to4
    {
        type            processor;
        value           nonuniform List<scalar> 
189
(
0.99999904
0.99999904
0.99999904
0.99999904
0.99999904
0.99999904
0.99999904
0.99999904
0.99999904
0.99999904
0.99999904
0.99999904
0.99999904
0.99999904
0.99999904
0.99999904
0.99999904
0.99999904
0.99999904
0.99999904
0.99999904
0.99999904
0.99999904
0.99999904
0.99999904
0.99999904
0.99999904
0.99999904
0.99999904
0.99999904
0.99999904
0.99999904
0.99999904
0.99999904
0.99999904
0.99999904
0.99999904
0.99999904
0.99999904
0.99999904
0.99999904
0.99999904
0.99999904
0.99999904
0.99999904
0.99999904
0.99999904
0.99999904
0.99999904
0.99999904
0.99999904
0.99999904
0.99999904
0.99999904
0.99999904
0.99999904
0.99999904
0.99999904
0.99999904
0.99999904
0.99999784
0.99999699
0.99999605
0.99999485
0.99999485
0.99991556
0.99999904
0.99999904
0.99999904
0.99999904
0.99999903
0.99999903
0.99999904
0.99999904
0.99999904
0.99999904
0.99999904
0.99994794
0.99983566
0.9997824
1.0001765
1.0017551
1.0017551
1.0108791
1.018257
1.0248692
1.0248692
1.034498
1.0319336
1.0239605
1.0239605
1.0085858
1.0035382
1.0005669
1.0005669
0.98387022
0.98117728
0.97798485
0.9904028
0.9904028
0.98806136
0.98549951
0.98292918
0.98049852
0.97826768
0.97634517
0.97497237
0.97451483
0.97501439
0.97583386
0.97583386
0.99999904
0.99999904
0.99999904
0.99999904
0.99999904
0.99999904
0.99999904
0.99999843
0.9999991
0.99999904
0.99999904
0.99999904
0.99985394
0.99995875
1.0000029
1.0000029
0.99749623
1.0001817
1.0001817
0.99999904
0.99999904
0.99999904
0.99999904
0.99999904
0.99999904
0.99999904
0.99999904
0.99999904
0.99999904
0.99999904
0.99999904
0.99999904
0.99999904
0.99999904
0.99999904
0.99999904
0.99999904
0.99999904
0.99999904
0.99999904
0.99999904
0.99999904
0.99999904
0.99999904
0.99999904
0.99999904
0.99999904
0.99999904
0.99999904
0.99999904
0.99999904
0.99999904
0.99999904
0.99999904
0.99999904
0.99999904
0.99999904
0.99999904
0.99999904
0.99999904
0.99999904
0.99999904
0.99999904
0.99999904
0.99999904
0.99999904
0.99999904
0.99999904
0.99999904
0.99999904
0.99999904
0.99999904
0.99999904
0.99999904
0.99999904
0.99999904
0.99999904
0.99999904
)
;
    }
    procBoundary5to6
    {
        type            processor;
        value           nonuniform List<scalar> 
188
(
0.99999904
0.99999904
0.99999904
0.99999904
0.99999904
0.99999904
0.99999904
0.99999904
0.99999904
0.99999904
0.99999904
0.99999904
0.99999904
0.99999904
0.99999904
0.99999904
0.99999904
0.99999904
0.99999904
0.99999904
0.99999904
0.99999904
0.99999904
0.99999904
0.99999904
0.99999904
0.99999904
0.99999904
0.99999904
0.99999904
0.99999904
0.99999904
0.99999904
0.99999904
0.99999904
0.99999904
0.99999904
0.99999904
0.99999904
0.99999904
0.99999904
0.99999904
0.99999904
0.99999904
0.99999904
0.99999904
0.99999904
0.99999904
0.99999904
0.99999904
0.99999904
0.99999904
0.99999904
0.99999904
0.99999904
0.99999904
0.99999904
0.99999904
0.99999904
0.99999904
0.99999904
0.99999904
0.99999904
0.99999904
0.99999904
0.99999904
0.99999904
0.99999904
0.99999904
0.99999904
0.99999904
0.99999904
0.99999904
0.99999904
0.99999904
0.99999904
0.99999904
0.99999904
0.99999904
0.99999904
0.99999904
0.99999904
0.99999904
0.99999904
0.99999904
0.99999904
0.99999904
0.99999904
0.99999904
0.99999904
0.99999904
0.99999904
0.99999904
0.99999904
0.99999904
0.99999904
0.99999904
0.99999904
0.99999904
0.99999904
0.99999904
0.99999904
0.99999904
0.99999904
0.99999904
0.99999904
0.99999904
0.99999904
0.99999904
0.99999904
0.99999904
0.99999904
0.99999904
0.99999904
0.99999904
0.99999904
0.99999904
0.99999904
0.99999904
0.99999904
0.99999904
0.99999904
0.99999904
0.99999904
0.99999904
0.99999904
0.99999904
0.99999904
0.99999904
0.99999904
0.99999904
0.99999904
0.99999904
0.99999904
0.99999904
0.99999904
0.99999904
0.99999904
0.99999904
0.99999904
0.99999904
0.99999904
0.99999904
0.99999904
0.99999904
0.99999904
0.99999904
0.99999904
0.99999904
0.99999904
0.99999904
0.99999904
0.99999904
0.99999904
0.99999904
0.99999904
0.99999904
0.99999904
0.99999904
0.99999904
0.99999904
0.99999904
0.99999904
0.99999904
0.99999904
0.99999904
0.99999904
0.99999904
0.99999904
0.99999904
0.99999904
0.99999904
0.99999904
0.99999904
0.99999904
0.99999904
0.99999904
0.99999904
0.99999904
0.99999904
0.99999904
0.99999904
0.99999904
0.99999904
0.99999904
0.99999904
0.99999904
0.99999904
)
;
    }
}


// ************************************************************************* //
