/*--------------------------------*- C++ -*----------------------------------*\
| =========                 |                                                 |
| \\      /  F ield         | OpenFOAM: The Open Source CFD Toolbox           |
|  \\    /   O peration     | Version:  2206                                  |
|   \\  /    A nd           | Website:  www.openfoam.com                      |
|    \\/     M anipulation  |                                                 |
\*---------------------------------------------------------------------------*/
FoamFile
{
    version     2.0;
    format      ascii;
    arch        "LSB;label=32;scalar=64";
    class       volScalarField;
    location    "0.02";
    object      T;
}
// * * * * * * * * * * * * * * * * * * * * * * * * * * * * * * * * * * * * * //

dimensions      [0 0 0 1 0 0 0];

internalField   nonuniform List<scalar> 
1396
(
1
1
1
1
1
1
1
1
1
1
1
1
1
1
1
1
1
1
1
1
1
1
1
1
1
1
1
1
1
1
1
1
1
1
1
1
1
1
1
1
1
1
1
1
1
1
1
1
1
1
1
1
1
1
1
1
1
1
1
1
1
1
1
1
1
1
1
1
1
1
1
1
1
1
1
1
1
1
1
1
1
1
1
1
1
1
1
1
1
1
1
1
1
1
1
1
1
1
1
1
1
1
1
1
1
1
1
1
1
1
1
1
1
1
1
1
1
1
1
1
1
1
1
1
1
1
1
1
1
1
1
1
1
1
1
1
1
1
1
1
1
1
1
1
1
1
1
1
1
1
1
1
1
1
1
1
1
1
1
1
1
1
1
1
1
1
1
1
1
1
1
1
1
1
1
1
1
1
1
1
1
1
1
1
1
1
1
1
1
1
1
1
1
1
1
1
1
1
1
1
1
1
1
1
1
1
1
1
1
1
1
1
1
1
1
1
1
1
1
1
1
1
1
1
1
1
1
1
1
1
1
1
1
1
1
1
1
1
1
1
1
1
1
1
1
1
1
1
1
1
1
1
1
1
1
1
1
1
1
1
1
1
1
1
1
1
1
1
1
1
1
1
1
1
1
1
1
1
1
1
1
1
1
1
1
1
1
1
1
1
1
1
1
1
1
1
1
1
1
1
1
1
1
1
1
1
1
1
1
1
1
1
1
1
1
1
1
1
1
1
1
1
1
1
1
1
1
1
1
1
1
1
1
1
1
1
1
1
1
1
1
1
1
1
1
1
1
1
1
1
1
1
1
1
1
1
1
1
1
1
0.99999121
0.99999998
0.99999997
0.99999994
0.9999999
0.99999985
1
1
1
1
1
1
1
1
1
1
1
1
1
1
1
1
1
1
1
1
1
1
1
1
1
1
1
1
1
1
1
1
1
1
1
1
1
1
1
1
1
1
1
1
1
1
1
1
1
1
1
1
1
1
1
1
1
1
1
1
1
1
1
1
1
1
1
1
1
1
1
1
1
1
1
1
1
1
1
1
1
1
1
1
1
1
1
1
1
1
1
1
1
1
1
1
1
1
1
1
1
1
1
1
1
1
1
1
1
1
1
1
1
1
1
1
1
1
0.98368935
0.97487189
0.96710487
0.96334897
0.94205963
0.96548484
0.94635771
0.97285956
0.95795403
0.98235484
0.972073
0.9630917
0.99070938
0.98432885
0.97834465
0.99676719
0.99396761
0.99096075
0.99897069
0.99789597
0.99852241
0.99927297
1.0015053
0.9994594
0.99952938
0.99983692
1.0041352
1.0010907
1.0005544
1.0003914
1.0027749
1.0015571
1.0009071
1.0046395
1.0025718
1.0013984
1.0067443
1.0036392
1.0018716
1.0090262
1.0047879
1.0023451
1.0114377
1.006022
1.0028278
1.0139517
1.0073556
1.0033382
1.0164853
1.0087981
1.0039039
1.0188011
1.0102487
1.0045082
1.0205002
1.011433
1.0050431
1.0213696
1.0120977
1.0053744
1.0215463
1.0122281
1.0054552
0.99999197
0.99997088
0.9999107
0.99975379
0.99941587
0.99882292
0.99800266
0.99714691
0.99658443
0.99660858
0.9972591
0.99823701
0.99913096
0.99971498
0.99999989
0.99999958
0.9999987
0.99999637
0.99999121
0.99998176
0.99996787
0.99995224
0.99994064
0.99993823
0.99994746
0.9999702
0.99998951
0.99999641
1
1
0.99999999
0.99999996
0.99999991
0.9999998
0.99999963
0.99999942
0.99999925
0.99999919
0.9999991
0.99999928
0.99999998
1.0000002
1
1
1
1
1
1
1
0.99999999
0.99999999
0.99999999
0.99999999
0.99999998
0.99999999
1
1
1
1
1
1
1
1
1
1
1
1
1
1
1
1
1
1
1
1
1
1
1
1
1
1
1
1
1
1
1
1
1
1
1
1
1
1
1
1
1
1
1
1
1
1
1
1
1
1
1
1
1
1
1
1
1
1
1
1
1
1
1
1
1
1
1
1
1
1
1
1
1
1
1
1
1
1
1
1
1
1
1
1
1
1
1
1
1
1
1
1
0.99999995
1.0000033
1.0002968
1
1
1
1
1
1
1
1
1.0000036
1.0002917
1
1
1
1
1
1
1
1
1.0000034
1.0002703
1
1
1
1
1
1
1
1
1.0000031
1.0002439
1
1
1
1
1
1
1
1
1.0000027
1.0002171
1
1
1
1
1
1
1
1
1.0000023
1.0001909
1
1
1
1
1
1
1
1
1.0000019
1.0001644
1
1
1
1
1
1
1
1
1.0000015
1.0001364
1
1
1
1
1
1
0.99999999
0.99999997
1.0000011
1.0001066
1
1
1
1
1
1
0.99999999
0.9999999
1.0000006
1.0000749
1
1
1
1
1
1
1
0.99999988
0.99999927
1.0000413
1
1
1
1
1
1
1
0.99999993
0.99999828
1.000005
1
1
1
1
1
1
1
0.99999997
0.99999881
0.99996231
1
1
1
1
1
1
1
1
0.99999819
0.99992015
1
1
1
1
1
0.99999915
1.0000001
1
1
1
1
1
1
1
1.0014724
0.99987392
1.0000139
0.9999993
1
1
1
1
1
1
1
1
1.0208564
0.99550132
1.0009647
0.9999062
1.0000089
0.99999949
1
1
1
1
1
1
1
1
1.0140663
0.99659282
1.0005951
0.99993777
1.0000053
0.99999968
1
1
1
1
1
1
1
1
1.0079878
0.99764469
1.0003451
0.99996374
1.000003
0.99999982
1
1
1
1
1
1
1
1
1.003562
0.99876696
1.0001811
0.99998207
1.0000014
0.99999991
1
1
1
1
1
1
1
1
1.0002262
0.99991439
1.0000167
0.99999824
1.0000001
0.99999999
1
1
1
1
1
1
1
1
0.99999908
1.00001
0.99999692
1.0000003
0.99999997
1
1
1
1
1
1
1
1
1
0.9999999
1.0000007
0.99999977
1
1
1
1
1
1
1
1
1
1
1
1
1
1
1
1
1
1
1
1
1
1
1
1
1
1
1
1
1
1
1
1
1
1
1
1
1
1
1
1
1
1
1
1
1
1
1
1
1
1
1
1
1
1
1
1
1
1
1
1
1
1
1
1
1
1
1
1
1
1
1
1
1
1
1
1
1
1
1
1
1
1
1
1
1
1
1
1
1
1
1
1
1
1
1
1
1
1
1
1
1
1
1
1
1
1
1
1
1
1
1
1
1
1
1
1
1
1
1
1
1
1
1
1
1
1
1
1
1
1
1
1
1
1
1
1
1
1
1
1
1
1
1
1
1
1
1
1
1
1
1
1
1
1
1
1
1
1
1
1
1
1
1
1
1
1
1
1
1
1
1
1
1
1
1
1
1
1
1
1
1
1
1
1
1
1
1
1
1
1
1
1
1
1
1
1
1
1
1
1
1
1
1
1
1
1
1
1
1
1
1
1
1
1
1
1
1
1
1
1
1
1
1
1
1
1
1
1
1
1
1
1
1
1
1
1
1
1
1
1
1
1
1
1
1
1
1
1
1
1
1
1
1
1
1
1
1
1
1
1
1
1
1
1
1
1
1
1
1
1
1
1
1
1
1
1
1
1
1
1
1
1
1
1
1
1
1
1
1
1
1
1
1
1
1
1
1
1
1
1
1
1
1
1
1
1
1
1
1
1
1
1
1
1
1
1
1
1
1
1
1
1
1
1
1
1
1
1
1
1
1
1
1
1
1
1
1
1
1
1
1
1
1
1
1
1
1
1
1
1
1
1
1
1
1
1
1
1
1
1
1
1
1
1
1
1
1
1
1
1
1
1
1
1
1
1
1
1
1
1
1
1
1
1
1
1
1
1
1
1
1
1
1
1
1
1
1
1
1
1
1
1
1
1
1
1
1
1
1
1
1
1
1
1
1
1
1
1
1
1
1
1
1
1
1
1
1
1
1
1
1
1
1
1
1
1
1
1
1
1
1
1
1
1
1
1
1
1
1
1
1
1
1
1
1
1
)
;

boundaryField
{
    Side
    {
        type            empty;
    }
    Inlet
    {
        type            inletOutlet;
        inletValue      uniform 1;
        value           nonuniform List<scalar> 
15
(
1
1
1
1
1
1
1
1
1
1
1
1
1
1
1
)
;
    }
    Airfoil
    {
        type            fixedValue;
        value           nonuniform List<scalar> 0();
    }
    Outlet
    {
        type            zeroGradient;
    }
    Flap
    {
        type            fixedValue;
        value           nonuniform List<scalar> 0();
    }
    procBoundary5to4
    {
        type            processor;
        value           nonuniform List<scalar> 
189
(
1
1
1
1
1
1
1
1
1
1
1
1
1
1
1
1
1
1
1
1
1
1
1
1
1
1
1
1
1
1
1
1
1
1
1
1
1
1
1
1
1
1
1
1
1
1
1
1
1
1
1
1
1
1
1
1
1
1
1
1
0.99999872
0.99999789
0.99999651
0.99999427
0.99999427
0.99983884
1
1
1
0.99999999
0.99999999
0.99999999
1
1
1
1
1
0.99984287
0.99946163
0.99839512
0.99587759
0.9910605
0.9910605
0.9702589
0.95696723
0.94633744
0.94633744
0.92151894
0.92838282
0.94454385
0.94454385
0.95661576
0.97389353
0.98900924
0.98900924
1.0059385
1.0101597
1.0148859
1.0071152
1.0071152
1.0105903
1.0143164
1.0180684
1.0216858
1.0250804
1.0280978
1.0304876
1.0320175
1.0328317
1.0332979
1.0332979
1
1
1
1
1
1
1
0.99999916
1.0000001
1
1
1
1.0021068
0.99984819
1.0000204
1.0000204
1.0255622
0.99454702
0.99454702
1
1
1
1
1
1
1
1
1
1
1
1
1
1
1
1
1
1
1
1
1
1
1
1
1
1
1
1
1
1
1
1
1
1
1
1
1
1
1
1
1
1
1
1
1
1
1
1
1
1
1
1
1
1
1
1
1
1
1
)
;
    }
    procBoundary5to6
    {
        type            processor;
        value           nonuniform List<scalar> 
188
(
1
1
1
1
1
1
1
1
1
1
1
1
1
1
1
1
1
1
1
1
1
1
1
1
1
1
1
1
1
1
1
1
1
1
1
1
1
1
1
1
1
1
1
1
1
1
1
1
1
1
1
1
1
1
1
1
1
1
1
1
1
1
1
1
1
1
1
1
1
1
1
1
1
1
1
1
1
1
1
1
1
1
1
1
1
1
1
1
1
1
1
1
1
1
1
1
1
1
1
1
1
1
1
1
1
1
1
1
1
1
1
1
1
1
1
1
1
1
1
1
1
1
1
1
1
1
1
1
1
1
1
1
1
1
1
1
1
1
1
1
1
1
1
1
1
1
1
1
1
1
1
1
1
1
1
1
1
1
1
1
1
1
1
1
1
1
1
1
1
1
1
1
1
1
1
1
1
1
1
1
1
1
1
1
1
1
1
1
)
;
    }
}


// ************************************************************************* //
