/*--------------------------------*- C++ -*----------------------------------*\
| =========                 |                                                 |
| \\      /  F ield         | OpenFOAM: The Open Source CFD Toolbox           |
|  \\    /   O peration     | Version:  2206                                  |
|   \\  /    A nd           | Website:  www.openfoam.com                      |
|    \\/     M anipulation  |                                                 |
\*---------------------------------------------------------------------------*/
FoamFile
{
    version     2.0;
    format      ascii;
    arch        "LSB;label=32;scalar=64";
    class       volVectorField;
    location    "0.02";
    object      U;
}
// * * * * * * * * * * * * * * * * * * * * * * * * * * * * * * * * * * * * * //

dimensions      [0 1 -1 0 0 0 0];

internalField   nonuniform List<vector> 
1396
(
(0.85671779 0.043699275 0)
(0.85671779 0.043699275 0)
(0.85671779 0.043699275 0)
(0.85671779 0.043699275 0)
(0.85671779 0.043699275 0)
(0.85671779 0.043699275 0)
(0.85671779 0.043699275 0)
(0.85671779 0.043699275 0)
(0.85671779 0.043699275 5.45363e-22)
(0.85671779 0.043699275 -5.4537835e-22)
(0.85671779 0.043699275 0)
(0.85671779 0.043699275 5.4540905e-22)
(0.85671779 0.043699275 -1.0908488e-21)
(0.85671779 0.043699275 5.4543993e-22)
(0.85671779 0.043699275 1.1195164e-21)
(0.85671779 0.043699275 -1.1195474e-21)
(0.85671779 0.043699275 0)
(0.85671779 0.043699275 -1.1196121e-21)
(0.85671779 0.043699275 1.6794667e-21)
(0.85671779 0.043699275 -5.5983841e-22)
(0.85671779 0.043699275 0)
(0.85671779 0.043699275 0)
(0.85671779 0.043699275 -5.5988694e-22)
(0.85671779 0.043699275 1.1198062e-21)
(0.85671779 0.043699275 -2.1259927e-34)
(0.85671779 0.043699275 -1.1198709e-21)
(0.85671779 0.043699275 5.5995165e-22)
(0.85671779 0.043699275 0)
(0.85671779 0.043699275 0)
(0.85671779 0.043699275 0)
(0.85671779 0.043699275 0)
(0.85671779 0.043699275 1.1502406e-21)
(0.85671779 0.043699275 -1.1502747e-21)
(0.85671779 0.043699275 5.7515443e-22)
(0.85671779 0.043699275 -5.7517151e-22)
(0.85671779 0.043699275 0)
(0.85671779 0.043699275 0)
(0.85671779 0.043699275 -5.7522273e-22)
(0.85671779 0.043699275 5.752398e-22)
(0.85671779 0.043699275 0)
(0.85671779 0.043699275 0)
(0.85671779 0.043699275 0)
(0.85671779 0.043699275 2.6912855e-34)
(0.85671779 0.043699275 -1.1825197e-21)
(0.85671779 0.043699275 0)
(0.85671779 0.043699275 0)
(0.85671779 0.043699275 0)
(0.85671779 0.043699275 0)
(0.85671779 0.043699275 0)
(0.85671779 0.043699275 0)
(0.85671779 0.043699275 -5.9138615e-22)
(0.85671779 0.043699275 5.914042e-22)
(0.85671779 0.043699275 0)
(0.85671779 0.043699275 0)
(0.85671779 0.043699275 0)
(0.85671779 0.043699275 0)
(0.85671779 0.043699275 0)
(0.85671779 0.043699275 1.2167392e-21)
(0.85671779 0.043699275 5.022625e-34)
(0.85671779 0.043699275 -2.4336312e-21)
(0.85671779 0.043699275 1.2168538e-21)
(0.85671779 0.043699275 0)
(0.85671779 0.043699275 0)
(0.85671779 0.043699275 0)
(0.85671779 0.043699275 6.0850333e-22)
(0.85671779 0.043699275 -6.0852244e-22)
(0.85671779 0.043699275 0)
(0.85671779 0.043699275 0)
(0.85671779 0.043699275 6.0857977e-22)
(0.85671779 0.043699275 -6.0859917e-22)
(0.85671779 0.043699275 0)
(0.85671779 0.043699275 0)
(0.85671779 0.043699275 -1.2530388e-21)
(0.85671779 0.043699275 1.2530793e-21)
(0.85671779 0.043699275 0)
(0.85671779 0.043699275 0)
(0.85671779 0.043699275 0)
(0.85671779 0.043699275 -6.2662069e-22)
(0.85671779 0.043699275 1.9619056e-35)
(0.85671779 0.043699275 6.2666122e-22)
(0.85671779 0.043699275 0)
(0.85671779 0.043699275 6.2670175e-22)
(0.85671779 0.043699275 -1.253444e-21)
(0.85671779 0.043699275 6.2674261e-22)
(0.85671779 0.043699275 1.2914436e-21)
(0.85671779 0.043699275 -1.2914847e-21)
(0.85671779 0.043699275 0)
(0.85671779 0.043699275 0)
(0.85671779 0.043699275 0)
(0.85671779 0.043699275 -6.4582841e-22)
(0.85671779 0.043699275 6.4584994e-22)
(0.85671779 0.043699275 0)
(0.85671779 0.043699275 6.4589299e-22)
(0.85671779 0.043699275 -6.4591452e-22)
(0.85671779 0.043699275 0)
(0.85671779 0.043699275 -6.4595758e-22)
(0.85671779 0.043699275 6.4597911e-22)
(0.85671779 0.043699275 0)
(0.85671779 0.043699275 0)
(0.85671779 0.043699275 -1.3324103e-21)
(0.85671779 0.043699275 1.3324561e-21)
(0.85671779 0.043699275 0)
(0.85671779 0.043699275 0)
(0.85671779 0.043699275 0)
(0.85671779 0.043699275 -6.6631966e-22)
(0.85671779 0.043699275 6.6634258e-22)
(0.85671779 0.043699275 -6.6636549e-22)
(0.85671779 0.043699275 1.3327768e-21)
(0.85671779 0.043699275 -6.6641132e-22)
(0.85671779 0.043699275 -6.6643424e-22)
(0.85671779 0.043699275 6.6645716e-22)
(0.85671779 0.043699275 6.6648049e-22)
(0.85671779 0.043699275 -2.8918106e-21)
(0.85671779 0.043699275 -2.7988198e-21)
(0.85671779 0.043699275 2.79348e-21)
(0.85671779 0.043699275 0)
(0.85671779 0.043699275 -2.7828614e-21)
(0.85671779 0.043699275 2.7775825e-21)
(0.85671779 0.043699275 2.7723232e-21)
(0.85671779 0.043699275 -2.767084e-21)
(0.85671779 0.043699275 -8.6308264e-23)
(0.85671779 0.043699275 0)
(0.85671779 0.043699275 0)
(0.85671779 0.043699275 0)
(0.85671779 0.043699275 0)
(0.85671779 0.043699275 0)
(0.85671779 0.043699275 0)
(0.85671779 0.043699275 1.7202749e-22)
(0.85671779 0.043699275 0)
(0.85671779 0.043699275 0)
(0.85671779 0.043699275 -8.6043627e-23)
(0.85671779 0.043699275 0)
(0.85671779 0.043699275 -2.9145218e-21)
(0.85671779 0.043699275 8.5750907e-23)
(0.85671779 0.043699275 0)
(0.85671779 0.043699275 1.7086138e-22)
(0.85671779 0.043699275 0)
(0.85671779 0.043699275 1.5785966e-35)
(0.85671779 0.043699275 -9.3627668e-25)
(0.85671779 0.043699275 8.9124449e-25)
(0.85671779 0.043699275 -6.9932401e-21)
(0.85671779 0.043699275 6.6864015e-21)
(0.85671779 0.043699275 0)
(0.85671779 0.043699275 6.1230674e-21)
(0.85671779 0.043699275 -7.731946e-21)
(0.85671779 0.043699275 -7.358957e-21)
(0.85671779 0.043699275 6.9904709e-21)
(0.85671779 0.043699275 2.6202242e-23)
(0.85671779 0.043699275 0)
(0.85671779 0.043699275 -6.1149489e-21)
(0.85671779 0.043699275 7.7968497e-21)
(0.85671779 0.043699275 7.4159441e-21)
(0.85671779 0.043699275 7.0705223e-21)
(0.85671779 0.043699275 2.6390025e-23)
(0.85671779 0.043699275 -2.5265573e-23)
(0.85671779 0.043699275 0)
(0.85671779 0.043699275 0)
(0.85671779 0.043699275 -7.474745e-21)
(0.85671779 0.043699275 -5.046055e-34)
(0.85671779 0.043699275 6.8046121e-21)
(0.85671779 0.043699275 -6.5635526e-21)
(0.85671779 0.043699275 6.2935386e-21)
(0.85671779 0.043699275 -9.6777245e-25)
(0.85671779 0.043699275 7.535408e-21)
(0.85671779 0.043699275 -4.7019479e-34)
(0.85671779 0.043699275 -2.6773777e-23)
(0.85671779 0.043699275 6.583594e-21)
(0.85671779 0.043699275 -6.2863935e-21)
(0.85671779 0.043699275 8.4392849e-21)
(0.85671779 0.043699275 7.9962062e-21)
(0.85671779 0.043699275 -9.2714757e-25)
(0.85671779 0.043699275 -1.4466559e-20)
(0.85671779 0.043699275 -1.3808572e-20)
(0.85671779 0.043699275 -6.6039189e-21)
(0.85671779 0.043699275 6.3780398e-21)
(0.85671779 0.043699275 -8.5155169e-21)
(0.85671779 0.043699275 7.1619343e-34)
(0.85671779 0.043699275 -7.6568839e-21)
(0.85671779 0.043699275 7.2892077e-21)
(0.85671779 0.043699275 6.9280566e-21)
(0.85671779 0.043699275 2.5978548e-23)
(0.85671779 0.043699275 -6.37137e-21)
(0.85671779 0.043699275 8.5931403e-21)
(0.85671779 0.043699275 -4.0656021e-21)
(0.85671779 0.043699275 7.7186417e-21)
(0.85671779 0.043699275 -3.7017006e-21)
(0.85671779 0.043699275 2.7370799e-23)
(0.85671779 0.043699275 3.3488803e-21)
(0.85671779 0.043699275 -3.2073626e-21)
(0.85671779 0.043699275 4.3360967e-21)
(0.85671779 0.043699275 -4.1019859e-21)
(0.85671779 0.043699275 -3.8916609e-21)
(0.85671779 0.043699275 3.7018523e-21)
(0.85671779 0.043699275 -2.7575763e-23)
(0.85671779 0.043699275 3.399194e-21)
(0.85671779 0.043699275 3.279796e-21)
(0.85671779 0.043699275 4.6071856e-21)
(0.85671779 0.043699275 -8.7527101e-21)
(0.85671779 0.043699275 1.010253e-24)
(0.85671779 0.043699275 3.9231011e-21)
(0.85671779 0.043699275 0)
(0.85671779 0.043699275 0)
(0.85671779 0.043699275 -3.4502334e-21)
(0.85671779 0.043699275 5.0806485e-23)
(0.85671779 0.043699275 -4.6896637e-21)
(0.85671779 0.043699275 4.4173703e-21)
(0.85671779 0.043699275 -1.019201e-24)
(0.85671779 0.043699275 9.6606511e-25)
(0.85671779 0.043699275 0)
(0.85671779 0.043699275 -2.7995048e-23)
(0.85671779 0.043699275 3.4485476e-21)
(0.85671779 0.043699275 3.3253617e-21)
(0.85671779 0.043699275 -3.7006191e-23)
(0.85671779 0.043699275 0)
(0.85671779 0.043699275 -4.2119513e-21)
(0.85671779 0.043699275 0)
(0.85671779 0.043699275 -2.9618575e-23)
(0.85671779 0.043699275 -3.582608e-21)
(0.85671779 0.043699275 0)
(0.85671779 0.043699275 -6.5942114e-21)
(0.85671779 0.043699275 -3.738186e-23)
(0.85671779 0.043699275 -4.5017501e-21)
(0.85671779 0.043699275 4.2488917e-21)
(0.85671779 0.043699275 4.0255587e-21)
(0.85671779 0.043699275 -2.9858733e-23)
(0.85671779 0.043699275 3.6386913e-21)
(0.85671779 0.043699275 3.4993563e-21)
(0.85671779 0.043699275 3.3203321e-21)
(0.85671779 0.043699275 0)
(0.85671779 0.043699275 4.5451628e-21)
(0.85671779 0.043699275 4.2885999e-21)
(0.85671779 0.043699275 -4.0592375e-21)
(0.85671779 0.043699275 0)
(0.85671779 0.043699275 0)
(0.85671779 0.043699275 -1.7103195e-33)
(0.85671779 0.043699275 5.2248253e-23)
(0.85671779 0.043699275 4.0188189e-22)
(0.85671779 0.043699275 -5.3783752e-22)
(0.85671779 0.043699275 0)
(0.85671779 0.043699275 2.7093619e-22)
(0.85671779 0.043699275 -2.7195631e-22)
(0.85671779 0.043699275 4.0005672e-36)
(0.85671779 0.043699275 -5.3573677e-35)
(0.85671779 0.043699275 2.7506325e-22)
(0.85671779 0.043699275 -1.5363202e-21)
(0.85671779 0.043699275 1.1216615e-21)
(0.85671779 0.043699275 0)
(0.85671779 0.043699275 -1.4130485e-22)
(0.85671779 0.043699275 -4.2557968e-22)
(0.85671779 0.043699275 8.5451592e-22)
(0.85671779 0.043699275 -2.8596634e-22)
(0.85671779 0.043699275 -1.435515e-22)
(0.85671779 0.043699275 1.1623275e-21)
(0.85671779 0.043699275 -7.3593219e-35)
(0.85671779 0.043699275 -5.8587775e-22)
(0.85671779 0.043699275 0)
(0.85671779 0.043699275 -2.9533441e-22)
(0.85671779 0.043699275 4.448204e-22)
(0.85671779 0.043699275 0)
(0.85671779 0.043699275 0)
(0.85671779 0.043699275 -1.5012249e-22)
(0.85671779 0.043699275 -1.2111088e-21)
(0.85671779 0.043699275 6.081035e-22)
(0.85671779 0.043699275 0)
(0.85671779 0.043699275 -6.1326658e-22)
(0.85671779 0.043699275 6.1588112e-22)
(0.85671779 0.043699275 3.0925904e-22)
(0.85671779 0.043699275 1.1006747e-34)
(0.85671779 0.043699275 -4.6789521e-22)
(0.85671779 0.043699275 0)
(0.85671779 0.043699275 -1.573239e-22)
(0.85671779 0.043699275 -1.2697197e-21)
(0.85671779 0.043699275 1.2753244e-21)
(0.85671779 0.043699275 -7.2055054e-22)
(0.85671779 0.043699275 0)
(0.85671779 0.043699275 8.0777451e-23)
(0.85671779 0.043699275 -8.1140422e-23)
(0.85671779 0.043699275 0)
(0.85671779 0.043699275 4.9125739e-22)
(0.85671779 0.043699275 5.3254861e-35)
(0.85671779 0.043699275 -1.3281582e-21)
(0.85671779 0.043699275 6.6714594e-22)
(0.85671779 0.043699275 0)
(0.85671779 0.043699275 8.417068e-23)
(0.85671779 0.043699275 8.4564856e-23)
(0.85671779 0.043699275 -8.4962742e-23)
(0.85671779 0.043699275 4.2682196e-22)
(0.85671779 0.043699275 -1.1880105e-34)
(0.85671779 0.043699275 3.5488929e-34)
(0.85671779 0.043699275 -3.4636981e-22)
(0.85671779 0.043699275 7.8692443e-22)
(0.85671779 0.043699275 -7.0289186e-22)
(0.85671779 0.043699275 -7.9461968e-22)
(0.85671779 0.043699275 7.9852401e-22)
(0.85671779 0.043699275 -8.9162988e-23)
(0.85671779 0.043699275 0)
(0.85671779 0.043699275 0)
(0.85671779 0.043699275 0)
(0.85671779 0.043699275 0)
(0.85671779 0.043699275 0)
(0.85671779 0.043699275 -9.2360809e-23)
(0.85671779 0.043699275 0)
(0.85671779 0.043699275 -7.4652313e-22)
(0.85671779 0.043699275 6.5660083e-22)
(0.85671779 0.043699275 -9.4289911e-23)
(0.85671779 0.043699275 7.5827877e-22)
(0.85671779 0.043699275 -1.048135e-21)
(0.85671779 0.043699275 -7.4018748e-35)
(0.85671779 0.043699275 5.687928e-36)
(0.85671779 0.043699275 -4.8370131e-35)
(0.85671779 0.043699275 -1.4681017e-21)
(0.85671779 0.043699275 7.8725461e-22)
(0.85671779 0.043699275 -2.9440383e-35)
(0.85671779 0.043699275 9.9491205e-23)
(0.85671779 0.043699275 1.0004241e-22)
(0.85671779 0.043699275 -7.0419827e-22)
(0.85671779 0.043699275 6.0698003e-22)
(0.85671779 0.043699275 1.0173328e-22)
(0.85671779 0.043699275 4.092387e-22)
(0.85671779 0.043699275 6.2451546e-22)
(0.85671779 0.043699275 -1.6750297e-21)
(0.85671779 0.043699275 1.6847974e-21)
(0.85671779 0.043699275 -9.5325733e-22)
(0.85671779 0.043699275 -1.0654241e-22)
(0.85671779 0.043699275 -2.1434952e-22)
(0.85671779 0.043699275 1.0781466e-22)
(0.85671779 0.043699275 -2.1692449e-22)
(0.85671779 0.043699275 -4.3647065e-22)
(0.85671779 0.043699275 1.1114049e-22)
(0.85671779 0.043699275 1.1182878e-22)
(0.85671779 0.043699275 -6.7515386e-22)
(0.85671779 0.043699275 9.0584992e-22)
(0.85671779 0.043699275 2.278915e-22)
(0.85671779 0.043699275 1.1466933e-21)
(0.85671779 0.043699275 -1.3848259e-21)
(0.85671779 0.043699275 1.0452998e-21)
(0.85671779 0.043699275 -3.5068884e-22)
(0.85671779 0.043699275 -9.5376694e-22)
(0.85671779 0.043699275 -1.2001323e-22)
(0.85671779 0.043699275 9.6652957e-22)
(0.85671779 0.043699275 -9.7303982e-22)
(0.85671779 0.043699275 8.5718357e-22)
(0.85671779 0.043699275 -1.2329087e-22)
(0.85671779 0.043699275 0)
(0.85671779 0.043699275 -6.2498883e-22)
(0.85671779 0.043699275 -8.0939009e-34)
(0.85671779 0.043699275 -2.0718445e-21)
(0.85671779 0.043699275 2.086809e-21)
(0.85671779 0.043699275 -1.1823701e-21)
(0.85671779 0.043699275 1.3233725e-22)
(0.85671779 0.043699275 9.3319981e-22)
(0.85671779 0.043699275 -1.0744465e-21)
(0.85671779 0.043699275 1.3531222e-22)
(0.85671779 0.043699275 0)
(0.85671779 0.043699275 1.2653316e-21)
(0.85671779 0.043699275 -2.4088256e-21)
(0.85671779 0.043699275 1.2853466e-21)
(0.85671779 0.043699275 -1.4395482e-22)
(0.85671779 0.043699275 2.902233e-22)
(0.85671779 0.043699275 0)
(0.85639579 0.043165815 -2.4089972e-23)
(0.85671735 0.043698546 -2.0154425e-30)
(0.85671704 0.043698038 -1.3969665e-22)
(0.85671662 0.043697326 4.7311217e-23)
(0.85671598 0.043696313 -2.4040575e-23)
(0.8567152 0.043695399 2.4438281e-23)
(0.85671779 0.043699275 -2.1769295e-33)
(0.85671779 0.043699274 -1.7489243e-22)
(0.85671779 0.043699274 -1.7751949e-22)
(0.85671779 0.043699273 2.7034001e-22)
(0.85671779 0.043699271 -9.9669501e-33)
(0.85671779 0.043699268 -1.9714154e-32)
(0.85671778 0.043699261 -5.1938533e-22)
(0.85671777 0.043699249 9.5967373e-23)
(0.85671776 0.043699229 -4.3898259e-22)
(0.85671774 0.043699212 0)
(0.85671779 0.043699275 1.6483089e-22)
(0.85671779 0.043699275 -3.3432475e-22)
(0.85671779 0.043699275 -1.6956075e-22)
(0.85671779 0.043699275 1.7202895e-22)
(0.85671779 0.043699275 -6.0992543e-35)
(0.85671779 0.043699275 -3.5437474e-22)
(0.85671779 0.043699275 1.7988436e-22)
(0.85671779 0.043699275 -4.5666178e-22)
(0.85671779 0.043699275 9.2766181e-23)
(0.85671779 0.043699275 -9.4245747e-23)
(0.85671779 0.043699275 2.8731982e-22)
(0.85671779 0.043699275 0)
(0.85671779 0.043699275 5.9389111e-22)
(0.85671779 0.043699275 0)
(0.85671779 0.043699275 3.3373565e-22)
(0.85671779 0.043699275 -5.0777315e-22)
(0.85671779 0.043699275 0)
(0.85671779 0.043699275 -1.7424887e-22)
(0.85671779 0.043699275 3.5371296e-22)
(0.85671779 0.043699275 3.5908666e-22)
(0.85671779 0.043699275 -3.6462615e-22)
(0.85671779 0.043699275 5.5550884e-22)
(0.85671779 0.043699275 -1.8811709e-22)
(0.85671779 0.043699275 -4.3719411e-34)
(0.85671779 0.043699275 1.4572711e-22)
(0.85671779 0.043699275 -9.8775384e-23)
(0.85671779 0.043699275 -7.5340933e-23)
(0.85671779 0.043699275 -1.7883572e-22)
(0.85671779 0.043699275 3.3791148e-22)
(0.85671779 0.043699275 1.4044078e-35)
(0.85671779 0.043699275 3.4785771e-22)
(0.85671779 0.043699275 2.9240836e-35)
(0.85671779 0.043699275 -1.1300699e-35)
(0.85671779 0.043699275 -1.8196279e-22)
(0.85671779 0.043699275 1.8480828e-22)
(0.85671779 0.043699275 -1.8774417e-22)
(0.85671779 0.043699275 3.8154971e-22)
(0.85671779 0.043699275 1.9390498e-22)
(0.85671779 0.043699275 -1.9713954e-22)
(0.85671779 0.043699275 2.0048385e-22)
(0.85671779 0.043699275 -2.0394358e-22)
(0.85671779 0.043699275 2.0752479e-22)
(0.85671779 0.043699275 1.7109655e-22)
(0.85671779 0.043699275 -3.4722004e-22)
(0.85671779 0.043699275 -3.5239682e-22)
(0.85671779 0.043699275 3.577303e-22)
(0.85671779 0.043699275 -1.7824258e-35)
(0.85671779 0.043699275 -3.688967e-22)
(0.85671779 0.043699275 0)
(0.85671779 0.043699275 1.9039133e-22)
(0.85671779 0.043699275 -1.9350878e-22)
(0.85671779 0.043699275 -9.8365016e-23)
(0.85671779 0.043699275 -1.5004526e-22)
(0.85671779 0.043699275 -2.0350535e-22)
(0.85671779 0.043699275 -1.8118719e-22)
(0.85671779 0.043699275 2.6345494e-23)
(0.85671779 0.043699275 3.4658465e-22)
(0.85671779 0.043699275 -3.5174242e-22)
(0.85671779 0.043699275 0)
(0.85671779 0.043699275 -1.8126624e-22)
(0.85671779 0.043699275 3.6817963e-22)
(0.85671779 0.043699275 -3.7400549e-22)
(0.85671779 0.043699275 -1.450933e-34)
(0.85671779 0.043699275 2.8967131e-22)
(0.85671779 0.043699275 -9.8161113e-23)
(0.85671779 0.043699275 2.9945793e-22)
(0.85671779 0.043699275 -1.0153449e-22)
(0.85671779 0.043699275 2.5827413e-22)
(0.85671779 0.043699275 1.5772198e-22)
(0.85671779 0.043699275 -2.1410583e-22)
(0.85671779 0.043699275 4.3886297e-22)
(0.85671779 0.043699275 -3.5638413e-22)
(0.85671779 0.043699275 -9.0459981e-23)
(0.85671779 0.043699275 -9.1866338e-23)
(0.85671779 0.043699275 9.3317114e-23)
(0.85671779 0.043699275 0)
(0.85671779 0.043699275 -9.6360616e-23)
(0.85671779 0.043699275 -9.7958046e-23)
(0.85671779 0.043699275 -9.9609335e-23)
(0.85671779 0.043699275 2.026345e-22)
(0.85671779 0.043699275 -1.5462713e-22)
(0.85671779 0.043699275 5.2457511e-23)
(0.85671779 0.043699275 1.0681146e-22)
(0.85671779 0.043699275 1.087777e-22)
(0.85671779 0.043699275 2.6678609e-22)
(0.85671779 0.043699275 -2.7086251e-22)
(0.85671779 0.043699275 1.8337692e-22)
(0.85671779 0.043699275 -9.313358e-23)
(0.85671779 0.043699275 2.8387495e-22)
(0.85671779 0.043699275 -1.9232985e-22)
(0.85671779 0.043699275 -4.5756569e-35)
(0.85671779 0.043699275 1.9880048e-22)
(0.85671779 0.043699275 2.0220186e-22)
(0.85671779 0.043699275 3.0216913e-35)
(0.85671779 0.043699275 -1.0468309e-22)
(0.85671779 0.043699275 5.3285535e-23)
(0.85671779 0.043699275 -1.8992471e-22)
(0.85671779 0.043699275 1.3819871e-22)
(0.85671779 0.043699275 5.2905638e-35)
(0.85671779 0.043699275 -4.5755634e-22)
(0.85671779 0.043699275 -4.6475382e-23)
(0.85671779 0.043699275 -1.416544e-22)
(0.85671779 0.043699275 2.3992507e-22)
(0.85671779 0.043699275 -1.4633164e-22)
(0.85671779 0.043699275 2.9757608e-22)
(0.85671779 0.043699275 -2.0177108e-22)
(0.85671779 0.043699275 5.1318941e-23)
(0.85671779 0.043699275 1.5667826e-22)
(0.74737084 -0.062505994 5.0328014e-25)
(0.71366418 -0.073226937 4.2197327e-25)
(0.68486002 -0.063421138 1.1615418e-22)
(0.67251956 -0.023082806 -6.804536e-22)
(0.61431285 -0.048410087 -5.5778565e-22)
(0.69182151 0.042017243 4.4168947e-22)
(0.64192663 0.056865091 -4.4385778e-22)
(0.73894386 0.098339418 2.1915619e-22)
(0.70985313 0.14724013 0)
(0.7882067 0.11856441 6.5324219e-22)
(0.77572933 0.17189167 -2.1495206e-22)
(0.77774722 0.23197808 2.2339722e-22)
(0.82723421 0.11173976 -4.3072158e-22)
(0.8276406 0.15567833 -6.468175e-22)
(0.84149771 0.2018852 -4.3102711e-22)
(0.86056946 0.094068122 -5.1031359e-25)
(0.87370752 0.12412303 4.2849758e-22)
(0.89365468 0.15588703 -4.3426292e-22)
(0.93352032 0.15958077 1.4527833e-21)
(0.91441903 0.12555267 -1.0738566e-24)
(0.89567367 0.100784 -1.2668825e-21)
(0.87774949 0.079754823 1.1895484e-21)
(0.93716919 0.15401715 0)
(0.91935386 0.12018603 -1.353557e-21)
(0.90181567 0.095816671 1.2639465e-21)
(0.88329725 0.076223546 0)
(0.94065209 0.14816558 -2.8461489e-24)
(0.92378738 0.11461028 5.4096923e-21)
(0.90732343 0.090653823 0)
(0.88855692 0.072360866 2.3717189e-21)
(0.92765146 0.10926711 -2.699491e-21)
(0.91214769 0.085693503 -3.6974161e-24)
(0.89338005 0.068524498 -4.7357369e-21)
(0.93100342 0.10404887 2.7043585e-21)
(0.91623168 0.08089875 0)
(0.89753968 0.064730572 4.7310313e-21)
(0.93386255 0.098941945 -2.7029912e-21)
(0.9195913 0.076301073 0)
(0.90091968 0.061092104 -2.36223e-21)
(0.93623869 0.093938181 0)
(0.92226551 0.071900867 0)
(0.90350008 0.057665946 0)
(0.93811567 0.089010432 -2.643268e-24)
(0.92427633 0.067662492 1.2305122e-24)
(0.90531973 0.054462947 1.1513309e-24)
(0.93947418 0.084134619 0)
(0.92562123 0.063550401 -2.5180633e-21)
(0.90643117 0.051471619 0)
(0.94031523 0.079320173 2.6464213e-24)
(0.92630273 0.059585955 -3.6487608e-24)
(0.90690109 0.048701522 0)
(0.940653 0.074576998 2.7106919e-21)
(0.9263644 0.055841197 2.5167525e-21)
(0.90686785 0.046266615 2.3502064e-21)
(0.9404975 0.069891755 -2.7136465e-21)
(0.92590835 0.052383767 0)
(0.90658756 0.044203524 -4.6920169e-21)
(0.93990071 0.065433343 0)
(0.92509876 0.049351044 0)
(0.90630411 0.042635313 4.6852156e-21)
(0.93902573 0.061962112 0)
(0.92411834 0.047208921 0)
(0.90587405 0.041587705 -2.3385901e-21)
(0.8563457 0.043237137 0)
(0.85559498 0.042209465 8.1573599e-23)
(0.85392316 0.040284541 -1.0071114e-26)
(0.85086633 0.037162287 -2.4548493e-22)
(0.8461924 0.03313342 -4.0932218e-23)
(0.84010022 0.029092883 1.2311264e-22)
(0.83335652 0.026448804 0)
(0.82738405 0.026789368 0)
(0.82417683 0.031155306 -6.7942779e-25)
(0.82563629 0.038995291 3.7112899e-22)
(0.83204968 0.047368565 -3.3046533e-22)
(0.84088514 0.050811588 -4.1139826e-23)
(0.8488422 0.050989737 0)
(0.85492399 0.049402061 4.1639792e-23)
(0.85671518 0.043697135 0)
(0.856709 0.043691657 -4.178199e-23)
(0.85669353 0.043679965 0)
(0.85666014 0.043657375 -1.6773531e-22)
(0.85660058 0.043622237 2.1003802e-22)
(0.85651314 0.043579104 4.2065131e-23)
(0.85640967 0.043540775 1.6864725e-22)
(0.85631687 0.043524541 -5.0686002e-22)
(0.85626959 0.043539164 7.1931345e-22)
(0.85629422 0.043469483 -3.8149265e-22)
(0.85638534 0.042927121 0)
(0.85650409 0.04371033 0)
(0.85660987 0.043731759 0)
(0.85656452 0.043706076 -4.2702158e-23)
(0.85671776 0.043699257 1.1410015e-31)
(0.85671767 0.04369921 8.5685642e-23)
(0.85671742 0.043699097 -8.5844169e-23)
(0.85671684 0.043698845 -4.3001642e-23)
(0.85671567 0.043698383 -1.7232596e-22)
(0.85671378 0.0436977 1.7264656e-22)
(0.85671134 0.04369691 4.3242087e-23)
(0.85670896 0.043696271 0)
(0.85670756 0.043696026 0)
(0.85670742 0.043693849 -4.3485257e-23)
(0.85670927 0.043614217 0)
(0.85671378 0.043614831 0)
(0.85671681 0.04368674 0)
(0.85671712 0.043698449 4.3813702e-23)
(0.85671779 0.043699275 -4.3874912e-23)
(0.85671779 0.043699274 4.3958027e-23)
(0.85671779 0.043699274 8.808295e-23)
(0.85671778 0.043699271 -2.206262e-22)
(0.85671777 0.043699268 1.7683729e-22)
(0.85671776 0.043699262 0)
(0.85671773 0.043699255 -8.8756903e-23)
(0.85671771 0.043699249 0)
(0.8567177 0.043699246 0)
(0.85671769 0.043699232 4.4634583e-23)
(0.85671762 0.043698976 4.4720634e-23)
(0.85671764 0.04369345 0)
(0.85671784 0.043695518 -3.1425596e-22)
(0.85671786 0.043699009 3.598457e-22)
(0.85671779 0.043699275 -4.5045232e-23)
(0.85671779 0.043699275 1.3539853e-22)
(0.85671779 0.043699275 -9.0441632e-23)
(0.85671779 0.043699275 1.8123652e-22)
(0.85671779 0.043699275 -3.6318233e-22)
(0.85671779 0.043699275 1.819472e-22)
(0.85671779 0.043699275 4.5576158e-23)
(0.85671779 0.043699275 3.6532695e-22)
(0.85671779 0.043699275 -2.4441774e-33)
(0.85671779 0.043699275 -3.6677081e-22)
(0.85671779 0.043699274 3.2155991e-22)
(0.85671779 0.043699263 -3.6822614e-22)
(0.8567178 0.043699261 -4.6119766e-23)
(0.8567178 0.043699259 -4.6211602e-23)
(0.85671779 0.043699275 -6.9419548e-23)
(0.85671779 0.043699275 4.6372182e-23)
(0.85671779 0.043699275 6.9697582e-23)
(0.85671779 0.043699275 -2.7934982e-22)
(0.85671779 0.043699275 -1.7237057e-35)
(0.85671779 0.043699275 2.1035665e-22)
(0.85671779 0.043699275 0)
(0.85671779 0.043699275 -2.3467532e-23)
(0.85671779 0.043699275 -2.3515104e-23)
(0.85671779 0.043699275 0)
(0.85671779 0.043699275 2.361083e-23)
(0.85671779 0.043699275 0)
(0.85671779 0.043699275 -4.0302475e-22)
(0.85671779 0.043699275 4.0384985e-22)
(0.85671779 0.043699275 4.758373e-23)
(0.85671779 0.043699275 0)
(0.85671779 0.043699275 4.7779703e-23)
(0.85671779 0.043699275 1.9151323e-22)
(0.85671779 0.043699275 -3.5982989e-22)
(0.85671779 0.043699275 1.6826859e-22)
(0.85671779 0.043699275 2.4088288e-23)
(0.85671779 0.043699275 4.3449142e-22)
(0.85671779 0.043699275 -3.6283119e-22)
(0.85671779 0.043699275 -2.423929e-23)
(0.85671779 0.043699275 -2.4290048e-23)
(0.85671779 0.043699275 0)
(0.85671779 0.043699275 2.4392199e-23)
(0.85671779 0.043699275 -2.4443585e-23)
(0.85671779 0.043699275 -7.3445074e-23)
(0.85671779 0.043699275 1.4720074e-22)
(0.85671779 0.043699275 -2.4585454e-23)
(0.85671779 0.043699275 1.2318836e-22)
(0.85671779 0.043699275 -2.22211e-22)
(0.85671779 0.043699275 0)
(0.85671779 0.043699275 -2.4795664e-23)
(0.85671779 0.043699275 9.3439495e-36)
(0.85671779 0.043699275 3.9843397e-22)
(0.85671779 0.043699275 -3.7433545e-22)
(0.85671779 0.043699275 0)
(0.85671779 0.043699275 -2.5063537e-23)
(0.85671779 0.043699275 -4.0188491e-22)
(0.85671779 0.043699275 4.027568e-22)
(0.85671779 0.043699275 -5.0425426e-23)
(0.85671779 0.043699275 1.5160571e-22)
(0.85671779 0.043699275 -1.0129111e-22)
(0.85671779 0.043699275 -2.284036e-22)
(0.85671779 0.043699275 -5.8643047e-35)
(0.85671779 0.043699275 2.0391768e-22)
(0.85671779 0.043699275 0)
(0.85671779 0.043699275 -2.5602225e-23)
(0.85671779 0.043699275 0)
(0.85671779 0.043699275 -4.1145182e-22)
(0.85671779 0.043699275 4.1236597e-22)
(0.85671779 0.043699275 -3.8745395e-22)
(0.85671779 0.043699275 4.1420652e-22)
(0.85671779 0.043699275 0)
(0.85671779 0.043699275 -6.4971837e-23)
(0.85671779 0.043699275 5.2094152e-23)
(0.85671779 0.043699275 9.1369931e-23)
(0.85671779 0.043699275 -1.177406e-22)
(0.85671779 0.043699275 -2.0978981e-22)
(0.85671779 0.043699275 1.9712358e-22)
(0.85671779 0.043699275 0)
(0.85671779 0.043699275 -4.3564603e-22)
(0.85671779 0.043699275 8.3358517e-22)
(0.85671779 0.043699275 -4.111147e-22)
(0.85671779 0.043699275 -1.3292157e-23)
(0.85671779 0.043699275 0)
(0.85671779 0.043699275 1.3353362e-23)
(0.85671779 0.043699275 1.3384171e-23)
(0.85671779 0.043699275 0)
(0.85671779 0.043699275 0)
(0.85671779 0.043699275 0)
(0.85671779 0.043699275 0)
(0.8567178 0.043699275 0)
(0.85671792 0.043699273 1.0162015e-21)
(0.85671713 0.043699276 0)
(0.85670514 0.043700757 0)
(0.85672836 0.043703237 0)
(0.86259009 0.043380785 0)
(0.85671779 0.043699275 0)
(0.85671779 0.043699275 0)
(0.85671779 0.043699275 0)
(0.85671779 0.043699275 0)
(0.8567178 0.043699275 0)
(0.85671776 0.043699274 -5.542404e-32)
(0.85671706 0.043699254 0)
(0.85671696 0.04370036 0)
(0.85675695 0.043719191 0)
(0.86287787 0.043556375 0)
(0.85671779 0.043699275 0)
(0.85671779 0.043699275 0)
(0.85671779 0.043699275 0)
(0.85671779 0.043699275 0)
(0.85671779 0.043699275 0)
(0.85671776 0.043699274 -5.0825604e-22)
(0.85671769 0.043699254 0)
(0.85671874 0.043699274 0)
(0.85676072 0.043705252 0)
(0.86293294 0.043827265 0)
(0.85671779 0.043699275 0)
(0.85671779 0.043699275 0)
(0.85671779 0.043699275 0)
(0.85671779 0.043699275 0)
(0.85671779 0.043699275 0)
(0.85671778 0.043699274 0)
(0.85671781 0.043699262 0)
(0.85671848 0.043699259 0)
(0.85675934 0.043704561 0)
(0.86286029 0.044160349 0)
(0.85671779 0.043699275 0)
(0.85671779 0.043699275 0)
(0.85671779 0.043699275 0)
(0.85671779 0.043699275 0)
(0.85671779 0.043699275 0)
(0.85671779 0.043699274 0)
(0.8567178 0.043699273 0)
(0.85671839 0.043699299 0)
(0.85675633 0.043706247 0)
(0.86267998 0.044496421 0)
(0.85671779 0.043699275 0)
(0.85671779 0.043699275 0)
(0.85671779 0.043699275 0)
(0.85671779 0.043699275 0)
(0.85671779 0.043699275 0)
(0.85671779 0.043699275 -2.5424805e-22)
(0.85671779 0.043699277 0)
(0.8567183 0.043699328 0)
(0.85675241 0.043707677 0)
(0.86238313 0.044874489 0)
(0.85671779 0.043699275 0)
(0.85671779 0.043699275 0)
(0.85671779 0.043699275 0)
(0.85671779 0.043699275 0)
(0.85671779 0.043699275 0)
(0.85671779 0.043699275 5.0857618e-22)
(0.85671779 0.04369928 0)
(0.85671822 0.043699359 0)
(0.8567478 0.043708662 0)
(0.86196789 0.045270605 0)
(0.85671779 0.043699275 0)
(0.85671779 0.043699275 0)
(0.85671779 0.043699275 0)
(0.85671779 0.043699275 0)
(0.85671779 0.043699275 0)
(0.85671779 0.043699275 -2.5432812e-22)
(0.85671779 0.043699282 0)
(0.85671813 0.043699389 0)
(0.8567427 0.043709558 0)
(0.86144381 0.045670388 0)
(0.85671779 0.043699275 0)
(0.85671779 0.043699275 0)
(0.85671779 0.043699275 0)
(0.85671779 0.043699275 0)
(0.85671779 0.043699275 0)
(0.85671778 0.043699275 0)
(0.85671777 0.043699283 0)
(0.85671803 0.043699406 0)
(0.8567373 0.043710335 0)
(0.86082988 0.046064984 0)
(0.85671779 0.043699275 0)
(0.85671779 0.043699275 -7.0875842e-22)
(0.85671779 0.043699275 0)
(0.85671779 0.043699275 0)
(0.85671779 0.043699275 -9.176556e-22)
(0.85671777 0.043699273 1.0176331e-21)
(0.85671762 0.043699281 0)
(0.85671794 0.043699451 0)
(0.85673168 0.043710748 -1.5117255e-21)
(0.86015215 0.046447004 0)
(0.85671779 0.043699275 0)
(0.85671779 0.043699275 7.0883627e-22)
(0.85671779 0.043699275 0)
(0.85671779 0.043699275 0)
(0.85671779 0.043699275 9.1778604e-22)
(0.85671779 0.043699268 -2.0355868e-21)
(0.85671747 0.043699266 0)
(0.85671688 0.043699479 0)
(0.85672594 0.043711026 1.5120787e-21)
(0.85943984 0.046809834 0)
(0.85671779 0.043699275 0)
(0.85671779 0.043699275 0)
(0.85671779 0.043699275 0)
(0.85671779 0.043699275 0)
(0.85671779 0.043699275 0)
(0.85671779 0.043699266 2.0359076e-21)
(0.85671754 0.043699183 0)
(0.85671437 0.043699315 0)
(0.85671685 0.04371134 0)
(0.85872308 0.047146019 0)
(0.85671779 0.043699275 0)
(0.85671779 0.043699275 0)
(0.85671779 0.043699275 0)
(0.85671779 0.043699275 0)
(0.85671779 0.043699275 0)
(0.85671779 0.043699272 -2.0362282e-21)
(0.85671735 0.043699079 0)
(0.8567032 0.043698737 0)
(0.85671076 0.043712252 0)
(0.85802281 0.047466426 0)
(0.85671779 0.043699275 0)
(0.85671779 0.043699275 0)
(0.85671779 0.043699275 0)
(0.85671779 0.043699275 0)
(0.85671779 0.043699275 0)
(0.8567178 0.043699275 1.0182798e-21)
(0.85671777 0.043699037 0)
(0.85670288 0.043697901 0)
(0.85650465 0.043712055 0)
(0.85756231 0.04775013 0)
(0.85671779 0.043699275 -2.7080155e-22)
(0.85671779 0.043699275 2.9027192e-23)
(0.85671779 0.043699275 -4.3458461e-22)
(0.85671779 0.043699275 -1.3556736e-23)
(0.85671779 0.043699275 -9.4557938e-35)
(0.85671456 0.043680319 2.1315849e-22)
(0.85671801 0.043699728 -4.7677712e-22)
(0.85671778 0.043699213 7.8483656e-22)
(0.85671779 0.043699276 -7.5482613e-22)
(0.85671779 0.043699275 -5.1497685e-22)
(0.85671779 0.043699275 -2.3373371e-22)
(0.85671779 0.043699275 -1.9750146e-22)
(0.85671779 0.043699275 -2.1823005e-22)
(0.85671779 0.043699275 2.1122476e-22)
(0.86388586 0.049496419 -8.2435302e-23)
(0.8561776 0.042177415 7.0606608e-22)
(0.85677888 0.043795212 -4.427488e-27)
(0.85671503 0.043686101 -7.1621512e-23)
(0.85671798 0.043699708 1.0981336e-21)
(0.85671778 0.043699231 -4.6119164e-22)
(0.85671779 0.043699276 5.0677918e-22)
(0.85671779 0.043699275 4.5748832e-22)
(0.85671779 0.043699275 4.9994841e-22)
(0.85671779 0.043699275 4.5429643e-22)
(0.85671779 0.043699275 8.7827415e-22)
(0.85671779 0.043699275 -4.2495679e-22)
(0.93831825 0.061343979 9.3452369e-23)
(0.83705503 0.020281928 -6.0978223e-25)
(0.862118 0.048368669 -8.303798e-23)
(0.85628451 0.04266312 -6.3310656e-22)
(0.85676439 0.04377554 -6.7962901e-22)
(0.85671556 0.043690501 3.4537369e-28)
(0.85671794 0.043699635 -4.8414629e-22)
(0.85671779 0.043699246 3.3186568e-23)
(0.85671779 0.043699276 -3.1899488e-23)
(0.85671779 0.043699275 -3.0708521e-23)
(0.85671779 0.043699275 -4.1444589e-22)
(0.85671779 0.043699275 -2.8574829e-23)
(0.85671779 0.043699275 -4.418471e-22)
(0.85671779 0.043699275 0)
(0.92177318 0.04864554 9.4161752e-23)
(0.84055909 0.028208734 -8.8648789e-23)
(0.86058163 0.047248458 -6.7169432e-22)
(0.85638729 0.043028083 7.9851058e-23)
(0.85675118 0.043755365 -6.8540528e-22)
(0.85671609 0.04369369 -7.2786488e-23)
(0.8567179 0.043699542 6.9702399e-23)
(0.85671779 0.043699257 0)
(0.85671779 0.043699276 3.2128525e-23)
(0.85671779 0.043699275 -6.1841417e-23)
(0.85671779 0.043699275 -4.7680668e-22)
(0.85671779 0.043699275 4.3137706e-23)
(0.85671779 0.043699275 -1.3893462e-23)
(0.85671779 0.043699275 0)
(0.90595577 0.041715572 0)
(0.84414478 0.034352649 -7.1328391e-22)
(0.85934572 0.046257625 -8.4623358e-23)
(0.85647839 0.043285983 6.4457041e-22)
(0.85674027 0.043737448 7.6809786e-23)
(0.85671659 0.043695886 -7.3383305e-23)
(0.85671786 0.043699455 1.4049903e-22)
(0.85671779 0.043699264 -5.7266559e-22)
(0.85671779 0.043699275 -5.5013469e-22)
(0.85671779 0.043699275 -5.293096e-22)
(0.85671779 0.043699275 5.1000364e-22)
(0.85671779 0.043699275 0)
(0.85671779 0.043699275 0)
(0.85671779 0.043699275 0)
(0.88865694 0.040121791 9.5601573e-23)
(0.84763328 0.038922526 -3.5051396e-25)
(0.85837289 0.045388917 5.9888282e-22)
(0.85655815 0.043460576 -1.3008383e-21)
(0.85673166 0.043722794 5.691626e-28)
(0.85671701 0.043697346 -7.3990047e-23)
(0.85671783 0.043699384 -4.9563744e-22)
(0.85671779 0.043699269 -1.0021532e-31)
(0.85671779 0.043699275 1.0430916e-21)
(0.85671779 0.043699275 4.7031047e-22)
(0.85671779 0.043699275 -1.3318806e-35)
(0.85671779 0.043699275 4.3699405e-23)
(0.85671779 0.043699275 -2.1102268e-23)
(0.85671779 0.043699275 -4.284899e-22)
(0.86098928 0.043285825 0)
(0.85493387 0.043193356 -5.0301837e-26)
(0.85702789 0.043938613 -8.0827463e-23)
(0.85668508 0.043659569 2.4413277e-22)
(0.85672053 0.043703445 1.0638224e-28)
(0.85671762 0.043698935 0)
(0.8567178 0.043699296 -8.3083933e-23)
(0.85671779 0.043699274 6.6934955e-22)
(0.85671779 0.043699275 -4.2130873e-22)
(0.85671779 0.043699275 0)
(0.85671779 0.043699275 4.2736717e-22)
(0.85671779 0.043699275 -2.5827732e-22)
(0.85671779 0.043699275 0)
(0.85671779 0.043699275 1.747155e-22)
(0.85656811 0.04370332 7.8166398e-23)
(0.85701878 0.043717065 -7.8684808e-23)
(0.85666572 0.043651195 0)
(0.85672243 0.043707011 0)
(0.85671743 0.043698542 8.0278063e-23)
(0.85671781 0.043699332 0)
(0.85671779 0.043699272 0)
(0.85671779 0.043699275 -4.0969019e-22)
(0.85671779 0.043699275 3.300269e-22)
(0.85671779 0.043699275 0)
(0.85671779 0.043699275 -8.3668114e-23)
(0.85671779 0.043699275 -8.4261162e-23)
(0.85671779 0.043699275 0)
(0.85671779 0.043699275 -8.5472833e-23)
(0.85670405 0.043700941 0)
(0.85675355 0.043701113 7.7151529e-23)
(0.8567101 0.043694562 -2.3296654e-22)
(0.85671851 0.043700321 1.5633223e-22)
(0.85671774 0.04369917 7.8683492e-23)
(0.85671779 0.043699283 -7.9207754e-23)
(0.85671779 0.043699274 -1.594781e-22)
(0.85671779 0.043699275 1.6055505e-22)
(0.85671779 0.043699275 -3.2329328e-22)
(0.85671779 0.043699275 3.2550635e-22)
(0.85671779 0.043699275 -3.2774992e-22)
(0.85671779 0.043699275 3.3002464e-22)
(0.85671779 0.043699275 8.3082788e-23)
(0.85671779 0.043699275 0)
(0.85671969 0.0436993 7.5198889e-23)
(0.85671698 0.04369911 -7.5677606e-23)
(0.85671849 0.043699421 -7.6162458e-23)
(0.85671773 0.043699169 4.9384338e-31)
(0.85671779 0.043699285 7.7151036e-23)
(0.85671779 0.043699274 7.7655012e-23)
(0.85671779 0.043699275 0)
(0.85671779 0.043699275 3.1473192e-22)
(0.85671779 0.043699275 -3.1682895e-22)
(0.85671779 0.043699275 -7.9738525e-23)
(0.85671779 0.043699275 0)
(0.85671779 0.043699275 3.2329112e-22)
(0.85671779 0.043699275 -4.068802e-22)
(0.85671779 0.043699275 0)
(0.85671793 0.043699265 -1.1069692e-22)
(0.85671773 0.043699263 0)
(0.85671787 0.043699289 0)
(0.85671778 0.043699263 0)
(0.85671779 0.043699276 0)
(0.85671779 0.043699275 0)
(0.85671779 0.043699275 -1.5330614e-22)
(0.85671779 0.043699275 1.5430108e-22)
(0.85671779 0.043699275 0)
(0.85671779 0.043699275 7.8165108e-23)
(0.85671779 0.043699275 0)
(0.85671779 0.043699275 0)
(0.85671779 0.043699275 0)
(0.85671779 0.043699275 3.2110584e-22)
(0.85671779 0.043699274 7.2448257e-23)
(0.8567178 0.043699276 -7.2892493e-23)
(0.85671779 0.043699274 -7.3342205e-23)
(0.85671779 0.043699276 3.6898751e-22)
(0.85671779 0.043699275 -1.4851698e-22)
(0.85671779 0.043699275 0)
(0.85671779 0.043699275 7.5197954e-23)
(0.85671779 0.043699275 0)
(0.85671779 0.043699275 0)
(0.85671779 0.043699275 7.6652586e-23)
(0.85671779 0.043699275 -3.0860019e-22)
(0.85671779 0.043699275 6.2123209e-22)
(0.85671779 0.043699275 -3.1265841e-22)
(0.85671779 0.043699275 7.8681954e-23)
(0.85671779 0.043699275 -7.1147047e-23)
(0.85671779 0.043699275 7.1575421e-23)
(0.85671779 0.043699275 -2.1602695e-22)
(0.85671779 0.043699275 7.2447826e-23)
(0.85671779 0.043699275 -3.6446025e-23)
(0.85671779 0.043699275 -1.4668352e-22)
(0.85671779 0.043699275 7.3797051e-23)
(0.85671779 0.043699275 0)
(0.85671779 0.043699275 0)
(0.85671779 0.043699275 -7.5197485e-23)
(0.85671779 0.043699275 3.0270473e-22)
(0.85671779 0.043699275 -3.0464405e-22)
(0.85671779 0.043699275 0)
(0.85671779 0.043699275 -7.714956e-23)
(0.85671779 0.043699275 0)
(0.85671779 0.043699275 -7.03051e-23)
(0.85671779 0.043699275 7.0723362e-23)
(0.85671779 0.043699275 0)
(0.85671779 0.043699275 3.5787499e-23)
(0.85671779 0.043699275 0)
(0.85671779 0.043699275 -1.4489478e-22)
(0.85671779 0.043699275 4.3734968e-22)
(0.85671779 0.043699275 -2.9336526e-22)
(0.85671779 0.043699275 0)
(0.85671779 0.043699275 0)
(0.85671779 0.043699275 2.9889737e-22)
(0.85671779 0.043699275 -3.0078806e-22)
(0.85671779 0.043699275 3.0270284e-22)
(0.85671779 0.043699275 0)
(0.85671779 0.043699275 6.9079083e-23)
(0.85671779 0.043699275 -2.0844853e-22)
(0.85671779 0.043699275 1.397827e-22)
(0.85671779 0.043699275 0)
(0.85671779 0.043699275 -1.414459e-22)
(0.85671779 0.043699275 1.4229243e-22)
(0.85671779 0.043699275 2.8629829e-22)
(0.85671779 0.043699275 -2.8803248e-22)
(0.85671779 0.043699275 0)
(0.85671779 0.043699275 0)
(0.85671779 0.043699275 0)
(0.85671779 0.043699275 2.9518458e-22)
(0.85671779 0.043699275 -2.9702847e-22)
(0.85671779 0.043699275 0)
(0.85671779 0.043699275 0)
(0.85671779 0.043699275 -1.3657019e-22)
(0.85671779 0.043699275 2.403786e-22)
(0.85671779 0.043699275 -1.3815738e-22)
(0.85671779 0.043699275 -1.3896489e-22)
(0.85671779 0.043699275 1.3978189e-22)
(0.85671779 0.043699275 0)
(0.85671779 0.043699275 -3.5361266e-23)
(0.85671779 0.043699275 0)
(0.85671779 0.043699275 -2.8629657e-22)
(0.85671779 0.043699275 2.5202692e-22)
(0.85671779 0.043699275 0)
(0.85671779 0.043699275 2.9156294e-22)
(0.85671779 0.043699275 0)
(0.85671779 0.043699275 0)
(0.85671779 0.043699275 1.0863344e-21)
(0.85671779 0.043699275 0)
(0.85671779 0.043699275 0)
(0.85671779 0.043699275 1.2652131e-21)
(0.85671779 0.043699275 0)
(0.85671779 0.043699275 0)
(0.85671779 0.043699275 0)
(0.85671779 0.043699275 0)
(0.85671779 0.043699275 -1.5255922e-21)
(0.85671779 0.043699275 0)
(0.85671779 0.043699275 0)
(0.85671779 0.043699275 -1.086334e-21)
(0.85671779 0.043699275 0)
(0.85671779 0.043699275 0)
(0.85671779 0.043699275 -8.434752e-22)
(0.85671779 0.043699275 0)
(0.85671779 0.043699275 0)
(0.85671779 0.043699275 0)
(0.85671779 0.043699275 0)
(0.85671779 0.043699275 0)
(0.85671779 0.043699275 1.5255912e-21)
(0.85671779 0.043699275 0)
(0.85671779 0.043699275 0)
(0.85671779 0.043699275 0)
(0.85671779 0.043699275 0)
(0.85671779 0.043699275 0)
(0.85671779 0.043699275 0)
(0.85671779 0.043699275 0)
(0.85671779 0.043699275 0)
(0.85671779 0.043699275 0)
(0.85671779 0.043699275 0)
(0.85671779 0.043699275 0)
(0.85671779 0.043699275 0)
(0.85671779 0.043699275 1.5255905e-21)
(0.85671779 0.043699275 0)
(0.85671779 0.043699275 0)
(0.85671779 0.043699275 0)
(0.85671779 0.043699275 0)
(0.85671779 0.043699275 0)
(0.85671779 0.043699275 0)
(0.85671779 0.043699275 0)
(0.85671779 0.043699275 0)
(0.85671779 0.043699275 0)
(0.85671779 0.043699275 0)
(0.85671779 0.043699275 0)
(0.85671779 0.043699275 1.7632446e-21)
(0.85671779 0.043699275 -1.5255895e-21)
(0.85671779 0.043699275 0)
(0.85671779 0.043699275 0)
(0.85671779 0.043699275 -1.0863327e-21)
(0.85671779 0.043699275 0)
(0.85671779 0.043699275 0)
(0.85671779 0.043699275 -8.4347441e-22)
(0.85671779 0.043699275 0)
(0.85671779 0.043699275 -7.3406966e-22)
(0.85671779 0.043699275 0)
(0.85671779 0.043699275 0)
(0.85671779 0.043699275 2.5612089e-21)
(0.85671779 0.043699275 0)
(0.85671779 0.043699275 -1.0375245e-34)
(0.85671779 0.043699275 0)
(0.85671779 0.043699275 0)
(0.85671779 0.043699275 1.2016621e-21)
(0.85671779 0.043699275 2.1726643e-21)
(0.85671779 0.043699275 0)
(0.85671779 0.043699275 0)
(0.85671779 0.043699275 1.6869482e-21)
(0.85671779 0.043699275 0)
(0.85671779 0.043699275 1.468139e-21)
(0.85671779 0.043699275 0)
(0.85671779 0.043699275 6.4978736e-22)
(0.85671779 0.043699275 -2.5612065e-21)
(0.85671779 0.043699275 0)
(0.85671779 0.043699275 -1.7632425e-21)
(0.85671779 0.043699275 0)
(0.85671779 0.043699275 0)
(0.85671779 0.043699275 -1.2016615e-21)
(0.85671779 0.043699275 -1.0863317e-21)
(0.85671779 0.043699275 0)
(0.85671779 0.043699275 0)
(0.85671779 0.043699275 -8.4347385e-22)
(0.85671779 0.043699275 0)
(0.85671779 0.043699275 -7.3406924e-22)
(0.85671779 0.043699275 0)
(0.85671779 0.043699275 -6.497872e-22)
(0.85671779 0.043699275 5.1224075e-21)
(0.85671779 0.043699275 0)
(0.85671779 0.043699275 3.5264823e-21)
(0.85671779 0.043699275 0)
(0.85671779 0.043699275 0)
(0.85671779 0.043699275 0)
(0.85671779 0.043699275 0)
(0.85671779 0.043699275 0)
(0.85671779 0.043699275 0)
(0.85671779 0.043699275 0)
(0.85671779 0.043699275 0)
(0.85671779 0.043699275 0)
(0.85671779 0.043699275 0)
(0.85671779 0.043699275 0)
(0.85671779 0.043699275 -1.0244806e-20)
(0.85671779 0.043699275 0)
(0.85671779 0.043699275 -7.0529601e-21)
(0.85671779 0.043699275 3.0511721e-21)
(0.85671779 0.043699275 0)
(0.85671779 0.043699275 0)
(0.85671779 0.043699275 0)
(0.85671779 0.043699275 0)
(0.85671779 0.043699275 0)
(0.85671779 0.043699275 0)
(0.85671779 0.043699275 0)
(0.85671779 0.043699275 0)
(0.85671779 0.043699275 0)
(0.85671779 0.043699275 0)
(0.85671779 0.043699275 5.1223978e-21)
(0.85671779 0.043699275 0)
(0.85671779 0.043699275 3.5264777e-21)
(0.85671779 0.043699275 -3.0511706e-21)
(0.85671779 0.043699275 -2.6887714e-21)
(0.85671779 0.043699275 0)
(0.85671779 0.043699275 -2.1726608e-21)
(0.85671779 0.043699275 -1.9823998e-21)
(0.85671779 0.043699275 -1.8227781e-21)
(0.85671779 0.043699275 -1.6869461e-21)
(0.85671779 0.043699275 0)
(0.85671779 0.043699275 -1.4681373e-21)
(0.85671779 0.043699275 -1.3787224e-21)
(0.85671779 0.043699275 -1.2995735e-21)
(0.85671779 0.043699275 0)
(0.85671779 0.043699275 0)
(0.85671779 0.043699275 0)
(0.85671779 0.043699275 0)
(0.85671779 0.043699275 2.6887701e-21)
(0.85671779 0.043699275 0)
(0.85671779 0.043699275 9.5472392e-34)
(0.85671779 0.043699275 1.982399e-21)
(0.85671779 0.043699275 1.8227774e-21)
(0.85671779 0.043699275 -8.2406976e-35)
(0.85671779 0.043699275 0)
(0.85671779 0.043699275 7.2109405e-34)
(0.85671779 0.043699275 1.378722e-21)
(0.85671779 0.043699275 0)
(0.85671779 0.043699275 0)
(0.85671779 0.043699275 0)
(0.85671779 0.043699275 0)
(0.85671779 0.043699275 0)
(0.85671779 0.043699275 0)
(0.85671779 0.043699275 2.1726591e-21)
(0.85671779 0.043699275 0)
(0.85671779 0.043699275 0)
(0.85671779 0.043699275 1.6869451e-21)
(0.85671779 0.043699275 0)
(0.85671779 0.043699275 1.4681365e-21)
(0.85671779 0.043699275 0)
(0.85671779 0.043699275 0)
(0.85671779 0.043699275 0)
(0.85671779 0.043699275 0)
(0.85671779 0.043699275 0)
(0.85671779 0.043699275 0)
(0.85671779 0.043699275 2.1726583e-21)
(0.85671779 0.043699275 0)
(0.85671779 0.043699275 0)
(0.85671779 0.043699275 1.6869445e-21)
(0.85671779 0.043699275 0)
(0.85671779 0.043699275 5.1223794e-21)
(0.85671779 0.043699275 0)
(0.85671779 0.043699275 3.5264686e-21)
(0.85671779 0.043699275 -3.0511638e-21)
(0.85671779 0.043699275 0)
(0.85671779 0.043699275 0)
(0.85671779 0.043699275 -2.1726574e-21)
(0.85671779 0.043699275 0)
(0.85671779 0.043699275 0)
(0.85671779 0.043699275 -1.686944e-21)
(0.85671779 0.043699275 0)
(0.85671779 0.043699275 -6.0642204e-24)
(0.85671779 0.043699275 -3.0232786e-36)
(0.85671779 0.043699275 0)
(0.85671779 0.043699275 -1.2412997e-20)
(0.85671779 0.043699275 2.4805501e-20)
(0.85671779 0.043699275 -1.2107972e-23)
(0.85671779 0.043699275 -2.4788761e-20)
(0.85671779 0.043699275 1.238415e-20)
(0.85671779 0.043699275 0)
(0.85671779 0.043699275 6.0458237e-24)
(0.85671779 0.043699275 -6.0437861e-24)
(0.85671779 0.043699275 0)
(0.85671779 0.043699275 0)
(0.85671779 0.043699275 1.2688675e-20)
(0.85671779 0.043699275 -6.1904804e-24)
(0.85671779 0.043699275 1.2376689e-23)
(0.85671779 0.043699275 -1.2663173e-20)
(0.85671779 0.043699275 2.532998e-20)
(0.85671779 0.043699275 -1.2654443e-20)
(0.85671779 0.043699275 -7.1903005e-37)
(0.85671779 0.043699275 1.2658081e-20)
(0.85671779 0.043699275 -6.1755607e-24)
(0.85671779 0.043699275 -1.2637021e-20)
(0.85671779 0.043699275 1.2638845e-20)
(0.85671779 0.043699275 -1.2628328e-20)
(0.85671779 0.043699275 1.2623986e-20)
(0.85671779 0.043699275 -1.2619647e-20)
(0.85671779 0.043699275 -1.2952248e-20)
(0.85671779 0.043699275 6.3221095e-24)
(0.85671779 0.043699275 1.2930479e-20)
(0.85671779 0.043699275 -6.3176563e-24)
(0.85671779 0.043699275 0)
(0.85671779 0.043699275 -1.2942078e-20)
(0.85671779 0.043699275 1.2931213e-20)
(0.85671779 0.043699275 -6.3087672e-24)
(0.85671779 0.043699275 0)
(0.85671779 0.043699275 5.2357989e-24)
(0.85671779 0.043699275 -1.0720532e-20)
(0.85671779 0.043699275 1.0718151e-20)
(0.85671779 0.043699275 5.2323095e-24)
(0.85671779 0.043699275 0)
(0.85671779 0.043699275 1.047998e-20)
(0.85671779 0.043699275 -1.048282e-20)
(0.85671779 0.043699275 1.0475426e-20)
(0.85671779 0.043699275 -1.0483383e-20)
(0.85671779 0.043699275 -1.0481105e-20)
(0.85671779 0.043699275 1.047883e-20)
(0.85671779 0.043699275 1.0466329e-20)
(0.85671779 0.043699275 -2.0933228e-20)
(0.85671779 0.043699275 5.1107904e-24)
(0.85671779 0.043699275 1.0459517e-20)
(0.85671779 0.043699275 1.0462358e-20)
(0.85671779 0.043699275 -1.0465196e-20)
(0.85671779 0.043699275 -1.0452714e-20)
(0.85671779 0.043699275 -1.0259784e-20)
(0.85671779 0.043699275 -8.3008788e-33)
(0.85671779 0.043699275 2.0510843e-20)
(0.85671779 0.043699275 -1.0253242e-20)
(0.85671779 0.043699275 0)
(0.85671779 0.043699275 0)
(0.85671779 0.043699275 1.0246708e-20)
(0.85671779 0.043699275 -2.0489064e-20)
(0.85671779 0.043699275 1.0242356e-20)
(0.85671779 0.043699275 1.0240182e-20)
(0.85671779 0.043699275 -8.340718e-33)
(0.85671779 0.043699275 -2.0466673e-20)
(0.85671779 0.043699275 1.0233665e-20)
(0.85671779 0.043699275 1.0231493e-20)
(0.85671779 0.043699275 -9.2225093e-25)
(0.85671779 0.043699275 4.7281779e-22)
(0.85671779 0.043699275 -5.0440572e-22)
(0.85671779 0.043699275 2.697314e-22)
(0.85671779 0.043699275 8.7386181e-22)
(0.85671779 0.043699275 -9.4412136e-22)
(0.85671779 0.043699275 5.0210304e-22)
(0.85671779 0.043699275 -5.3486449e-22)
(0.85671779 0.043699275 1.7886625e-33)
(0.85671779 0.043699275 -2.4573616e-24)
(0.85671779 0.043699275 -6.8638697e-22)
(0.85671779 0.043699275 5.3658555e-22)
(0.85671779 0.043699275 -5.7789837e-22)
(0.85671779 0.043699275 -2.4553073e-24)
(0.85671779 0.043699275 6.8576095e-22)
(0.85671779 0.043699275 5.8938829e-24)
(0.85671779 0.043699275 -8.4489937e-22)
(0.85671779 0.043699275 -4.9065129e-24)
(0.85671779 0.043699275 6.9048868e-22)
(0.85671779 0.043699275 7.5954878e-22)
(0.85671779 0.043699275 -8.4395834e-22)
(0.85671779 0.043699275 9.4211433e-22)
(0.85671779 0.043699275 7.5290611e-22)
(0.85671779 0.043699275 2.5094532e-21)
(0.85671779 0.043699275 -9.4093531e-22)
(0.85671779 0.043699275 2.1587872e-21)
(0.85671779 0.043699275 -1.6645818e-21)
(0.85671779 0.043699275 0)
(0.85671779 0.043699275 -2.1473166e-21)
(0.85671779 0.043699275 0)
(0.85671779 0.043699275 -1.8771723e-21)
(0.85671779 0.043699275 8.3759948e-24)
(0.85671779 0.043699275 2.4901791e-21)
(0.85671779 0.043699275 1.8748319e-21)
(0.85671779 0.043699275 8.3640681e-24)
(0.85671779 0.043699275 -2.5055445e-21)
(0.85671779 0.043699275 2.991144e-21)
(0.85671779 0.043699275 -2.1381569e-21)
(0.85671779 0.043699275 -2.4916599e-21)
(0.85671779 0.043699275 -5.970412e-21)
(0.85671779 0.043699275 2.497255e-21)
(0.85671779 0.043699275 -8.2956568e-34)
(0.85671779 0.043699275 -8.4014513e-24)
(0.85671779 0.043699275 0)
(0.85671779 0.043699275 2.1412738e-21)
(0.85671779 0.043699275 -2.1449023e-21)
(0.85671779 0.043699275 0)
(0.85671779 0.043699275 -2.1271835e-21)
(0.85671779 0.043699275 1.0612639e-21)
(0.85671779 0.043699275 -1.3413179e-33)
(0.85671779 0.043699275 1.7879546e-21)
(0.85671779 0.043699275 1.7707216e-21)
(0.85671779 0.043699275 -3.5627722e-21)
(0.85671779 0.043699275 -1.3891562e-23)
(0.85671779 0.043699275 8.8743282e-22)
(0.85671779 0.043699275 8.8581166e-22)
(0.85671779 0.043699275 1.1971051e-23)
(0.85671779 0.043699275 1.5298773e-21)
(0.85671779 0.043699275 -1.5036009e-21)
(0.85671779 0.043699275 -7.6253278e-22)
(0.85671779 0.043699275 -1.4418313e-33)
(0.85671779 0.043699275 0)
(0.85671779 0.043699275 -1.0458991e-23)
(0.85671779 0.043699275 6.5800811e-22)
(0.85671779 0.043699275 1.4487216e-33)
(0.85671779 0.043699275 -1.0355448e-33)
(0.85671779 0.043699275 1.1993732e-21)
(0.85671779 0.043699275 0)
(0.85671779 0.043699275 5.445306e-22)
(0.85671779 0.043699275 -5.3556102e-22)
(0.85671779 0.043699275 0)
(0.85671779 0.043699275 0)
(0.85671779 0.043699275 0)
(0.85671779 0.043699275 -2.1825938e-20)
(0.85671779 0.043699275 -2.1821617e-20)
(0.85671779 0.043699275 -4.37935e-33)
(0.85671779 0.043699275 -2.1810322e-20)
(0.85671779 0.043699275 4.3617341e-20)
(0.85671779 0.043699275 4.3606062e-20)
(0.85671779 0.043699275 -2.1800046e-20)
(0.85671779 0.043699275 -2.179574e-20)
(0.85671779 0.043699275 -2.1794096e-20)
(0.85671779 0.043699275 -2.1784466e-20)
(0.85671779 0.043699275 2.1780169e-20)
(0.85671779 0.043699275 4.3559699e-20)
(0.85671779 0.043699275 -2.1774226e-20)
(0.85671779 0.043699275 2.1767271e-20)
(0.85671779 0.043699275 2.1319433e-20)
(0.85671779 0.043699275 2.1312706e-20)
(0.85671779 0.043699275 2.601146e-24)
(0.85671779 0.043699275 -7.6164542e-21)
(0.85671779 0.043699275 -7.6226885e-21)
(0.85671779 0.043699275 7.6140487e-21)
(0.85671779 0.043699275 0)
(0.85671779 0.043699275 -2.8138162e-22)
(0.85671779 0.043699275 2.7669231e-22)
(0.85671779 0.043699275 0)
(0.85671779 0.043699275 2.8334829e-22)
(0.85671779 0.043699275 0)
(0.85671779 0.043699275 0)
(0.85671779 0.043699275 7.3950642e-34)
(0.85671779 0.043699275 8.2928922e-24)
(0.85671779 0.043699275 2.5306575e-22)
)
;

boundaryField
{
    Side
    {
        type            empty;
    }
    Inlet
    {
        type            inletOutlet;
        inletValue      uniform (0.85671779 0.043699275 0);
        value           nonuniform List<vector> 
15
(
(0.85671779 0.043699275 0)
(0.85671779 0.043699275 0)
(0.85671779 0.043699275 0)
(0.85671779 0.043699275 0)
(0.85671779 0.043699275 0)
(0.85671779 0.043699275 0)
(0.85671779 0.043699275 0)
(0.85671779 0.043699275 0)
(0.85671779 0.043699275 0)
(0.85671779 0.043699275 0)
(0.85671779 0.043699275 -9.2225093e-25)
(0.85671779 0.043699275 4.7281779e-22)
(0.85671779 0.043699275 -9.4412136e-22)
(0.85671779 0.043699275 0)
(0.85671779 0.043699275 0)
)
;
    }
    Airfoil
    {
        type            noSlip;
    }
    Outlet
    {
        type            zeroGradient;
    }
    Flap
    {
        type            noSlip;
    }
    procBoundary5to4
    {
        type            processor;
        value           nonuniform List<vector> 
189
(
(0.85671779 0.043699275 1.0629149e-21)
(0.85671779 0.043699275 1.062943e-21)
(0.85671779 0.043699275 1.6521906e-34)
(0.85671779 0.043699275 -1.0630013e-21)
(0.85671779 0.043699275 0)
(0.85671779 0.043699275 5.3152979e-22)
(0.85671779 0.043699275 -5.3154438e-22)
(0.85671779 0.043699275 0)
(0.85671779 0.043699275 0)
(0.85671779 0.043699275 0)
(0.85671779 0.043699275 0)
(0.85671779 0.043699275 0)
(0.85671779 0.043699275 -5.3163187e-22)
(0.85671779 0.043699275 5.3164662e-22)
(0.85671779 0.043699275 -8.8477873e-23)
(0.85671779 0.043699275 -2.8258278e-21)
(0.85671779 0.043699275 -8.8137015e-23)
(0.85671779 0.043699275 8.7967574e-23)
(0.85671779 0.043699275 -2.8973595e-21)
(0.85671779 0.043699275 -2.8973595e-21)
(0.85671779 0.043699275 -8.7327025e-23)
(0.85671779 0.043699275 8.716068e-23)
(0.85671779 0.043699275 8.716068e-23)
(0.85671779 0.043699275 0)
(0.85671779 0.043699275 -8.6531787e-23)
(0.85671779 0.043699275 -8.6531787e-23)
(0.85671779 0.043699275 -2.7543528e-21)
(0.85671779 0.043699275 8.5911908e-23)
(0.85671779 0.043699275 8.5911908e-23)
(0.85671779 0.043699275 0)
(0.85671779 0.043699275 0)
(0.85671779 0.043699275 0)
(0.85671779 0.043699275 8.485549e-23)
(0.85671779 0.043699275 8.485549e-23)
(0.85671779 0.043699275 3.2848771e-21)
(0.85671779 0.043699275 0)
(0.85671779 0.043699275 8.1475265e-21)
(0.85671779 0.043699275 -8.2185579e-21)
(0.85671779 0.043699275 -8.290839e-21)
(0.85671779 0.043699275 1.6745142e-20)
(0.85671779 0.043699275 1.6745142e-20)
(0.85671779 0.043699275 -8.8999394e-21)
(0.85671779 0.043699275 0)
(0.85671779 0.043699275 4.5181651e-21)
(0.85671779 0.043699275 -4.5981656e-21)
(0.85671779 0.043699275 -4.5981656e-21)
(0.85671779 0.043699275 -4.9838096e-21)
(0.85671779 0.043699275 4.9976083e-21)
(0.85671779 0.043699275 5.0117027e-21)
(0.85671779 0.043699275 -1.0211762e-20)
(0.85671779 0.043699275 -1.3627729e-33)
(0.85671779 0.043699275 -1.3627729e-33)
(0.85671779 0.043699275 2.0019836e-21)
(0.85671779 0.043699275 2.8581737e-34)
(0.85671779 0.043699275 2.8581737e-34)
(0.85671779 0.043699275 5.7883513e-22)
(0.85671779 0.043699275 5.7883513e-22)
(0.85671779 0.043699275 -6.0302662e-22)
(0.85671779 0.043699275 -6.3208202e-22)
(0.85671779 0.043699275 -6.3208202e-22)
(0.85664858 0.043578197 -3.6181147e-22)
(0.85660632 0.043504888 -3.6742712e-22)
(0.85655769 0.043418434 -4.6657868e-23)
(0.85649515 0.043303459 -3.5549059e-22)
(0.85649515 0.043303459 -3.5549059e-22)
(0.85248498 0.036533488 0)
(0.85671777 0.043699249 1.7017009e-22)
(0.85671776 0.043699222 -1.7265619e-22)
(0.85671773 0.043699171 0)
(0.85671766 0.043699066 0)
(0.85671754 0.043698874 -9.0285157e-23)
(0.85671754 0.043698874 -9.0285157e-23)
(0.85671779 0.043699275 6.5137233e-22)
(0.85671779 0.043699275 -3.3023658e-22)
(0.85671779 0.043699275 -1.6745795e-22)
(0.85671779 0.043699275 1.1002595e-33)
(0.85671779 0.043699275 1.1002595e-33)
(0.8523015 0.037487844 0)
(0.84383177 0.025550253 -5.386298e-22)
(0.82972179 0.0083939066 0)
(0.8081876 -0.015022492 -6.4331203e-23)
(0.78005964 -0.040578781 1.8855464e-22)
(0.78005964 -0.040578781 1.8855464e-22)
(0.71129382 -0.10468293 0)
(0.66996641 -0.1185568 -4.7115841e-22)
(0.63298843 -0.10626145 -1.1500377e-22)
(0.63298843 -0.10626145 -1.1500377e-22)
(0.56581568 -0.072916249 -1.1426165e-22)
(0.60308486 0.085245582 -6.5231521e-22)
(0.69448377 0.2130048 0)
(0.69448377 0.2130048 0)
(0.7902847 0.29391768 -4.3986099e-22)
(0.86460638 0.25004272 -8.7283812e-22)
(0.91572607 0.19374281 2.1881178e-22)
(0.91572607 0.19374281 2.1881178e-22)
(0.95228365 0.19885818 1.5781675e-21)
(0.95521288 0.19272244 0)
(0.95813458 0.18635054 0)
(0.94374808 0.1424509 -2.9158167e-21)
(0.94374808 0.1424509 -2.9158167e-21)
(0.94653486 0.13674216 -3.1550249e-24)
(0.94899502 0.1310555 2.9224809e-21)
(0.95111725 0.12537015 0)
(0.95288355 0.11968136 0)
(0.95428854 0.11402063 0)
(0.95533638 0.10844876 -2.943167e-21)
(0.95600604 0.10295299 2.9418872e-21)
(0.95620703 0.097353015 -2.8731412e-24)
(0.95584324 0.091593342 0)
(0.95503772 0.086614611 0)
(0.95503772 0.086614611 0)
(0.85671779 0.043699275 0)
(0.85671779 0.043699275 -2.9888098e-23)
(0.85671779 0.043699275 1.4446954e-35)
(0.85671779 0.043699275 2.7863133e-23)
(0.85671779 0.043699275 2.1560143e-22)
(0.85671779 0.043699275 -2.0876121e-22)
(0.85671779 0.043699275 -2.0876121e-22)
(0.85671413 0.043673102 2.1147962e-22)
(0.85671801 0.043699654 3.379829e-22)
(0.85671778 0.043699191 -3.246428e-23)
(0.85671779 0.043699275 -4.6847363e-22)
(0.85671779 0.043699275 -4.6847363e-22)
(0.86575811 0.050476305 -3.2731342e-22)
(0.85607371 0.04154943 0)
(0.85679286 0.043810055 -8.9114126e-22)
(0.85679286 0.043810055 -8.9114126e-22)
(0.95495011 0.076968068 7.5391444e-22)
(0.83400528 0.011015946 0)
(0.83400528 0.011015946 0)
(0.85671779 0.043699275 0)
(0.85671779 0.043699275 0)
(0.85671779 0.043699275 2.495406e-22)
(0.85671779 0.043699275 0)
(0.85671779 0.043699275 -2.5721319e-22)
(0.85671779 0.043699275 1.7632481e-21)
(0.85671779 0.043699275 1.7632481e-21)
(0.85671779 0.043699275 0)
(0.85671779 0.043699275 0)
(0.85671779 0.043699275 0)
(0.85671779 0.043699275 2.561211e-21)
(0.85671779 0.043699275 2.561211e-21)
(0.85671779 0.043699275 -1.4012968e-35)
(0.85671779 0.043699275 5.94104e-24)
(0.85671779 0.043699275 5.9390719e-24)
(0.85671779 0.043699275 1.2153257e-20)
(0.85671779 0.043699275 -1.215517e-20)
(0.85671779 0.043699275 -1.2157083e-20)
(0.85671779 0.043699275 1.2147132e-20)
(0.85671779 0.043699275 -1.185851e-23)
(0.85671779 0.043699275 0)
(0.85671779 0.043699275 5.925338e-24)
(0.85671779 0.043699275 -1.2137008e-20)
(0.85671779 0.043699275 1.2121157e-20)
(0.85671779 0.043699275 1.2121157e-20)
(0.85671779 0.043699275 1.2417659e-20)
(0.85671779 0.043699275 1.2417659e-20)
(0.85671779 0.043699275 -9.2283048e-25)
(0.85671779 0.043699275 -2.5089598e-22)
(0.85671779 0.043699275 -2.5089598e-22)
(0.85671779 0.043699275 -2.1087896e-24)
(0.85671779 0.043699275 2.9075538e-22)
(0.85671779 0.043699275 2.4594194e-24)
(0.85671779 0.043699275 2.4594194e-24)
(0.85671779 0.043699275 -3.4350707e-22)
(0.85671779 0.043699275 0)
(0.85671779 0.043699275 0)
(0.85671779 0.043699275 -1.6785711e-21)
(0.85671779 0.043699275 0)
(0.85671779 0.043699275 0)
(0.85671779 0.043699275 8.4119795e-24)
(0.85671779 0.043699275 8.4119795e-24)
(0.85671779 0.043699275 1.2639402e-21)
(0.85671779 0.043699275 1.2639402e-21)
(0.85671779 0.043699275 2.9972255e-21)
(0.85671779 0.043699275 -2.9971056e-21)
(0.85671779 0.043699275 -2.9971056e-21)
(0.85671779 0.043699275 0)
(0.85671779 0.043699275 3.72257e-21)
(0.85671779 0.043699275 -3.7133774e-21)
(0.85671779 0.043699275 0)
(0.85671779 0.043699275 -5.654757e-22)
(0.85671779 0.043699275 -2.8129269e-22)
(0.85671779 0.043699275 -2.742994e-22)
(0.85671779 0.043699275 -2.742994e-22)
(0.85671779 0.043699275 5.3974988e-22)
(0.85671779 0.043699275 0)
(0.85671779 0.043699275 5.2288151e-22)
(0.85671779 0.043699275 -2.5721319e-22)
)
;
    }
    procBoundary5to6
    {
        type            processor;
        value           nonuniform List<vector> 
188
(
(0.85671779 0.043699275 0)
(0.85671779 0.043699275 0)
(0.85671779 0.043699275 1.3760633e-21)
(0.85671779 0.043699275 -1.3761122e-21)
(0.85671779 0.043699275 0)
(0.85671779 0.043699275 -6.8810497e-22)
(0.85671779 0.043699275 6.881294e-22)
(0.85671779 0.043699275 0)
(0.85671779 0.043699275 6.8817828e-22)
(0.85671779 0.043699275 -6.8820272e-22)
(0.85671779 0.043699275 0)
(0.85671779 0.043699275 -6.8825161e-22)
(0.85671779 0.043699275 1.3765521e-21)
(0.85671779 0.043699275 -1.3766019e-21)
(0.85671779 0.043699275 -6.0742674e-35)
(0.85671779 0.043699275 0)
(0.85671779 0.043699275 -3.0149824e-22)
(0.85671779 0.043699275 1.5801223e-22)
(0.85671779 0.043699275 1.6525103e-22)
(0.85671779 0.043699275 1.6525103e-22)
(0.85671779 0.043699275 8.7009699e-23)
(0.85671779 0.043699275 -9.1885208e-23)
(0.85671779 0.043699275 -3.8935816e-22)
(0.85671779 0.043699275 -1.0289264e-22)
(0.85671779 0.043699275 -1.0289264e-22)
(0.85671779 0.043699275 -4.3912417e-22)
(0.85671779 0.043699275 -3.5297385e-22)
(0.85671779 0.043699275 -8.8108336e-22)
(0.85671779 0.043699275 -8.8108336e-22)
(0.85671779 0.043699275 0)
(0.85671779 0.043699275 -5.8992803e-22)
(0.85671779 0.043699275 7.6128465e-21)
(0.85671779 0.043699275 -1.5223289e-20)
(0.85671779 0.043699275 7.6178755e-21)
(0.85671779 0.043699275 -5.8992803e-22)
(0.85671779 0.043699275 7.6092423e-21)
(0.85671779 0.043699275 1.0633176e-22)
(0.85671779 0.043699275 1.0062014e-35)
(0.85671779 0.043699275 2.7575365e-23)
(0.85671779 0.043699275 8.4299663e-23)
(0.85671779 0.043699275 7.3067795e-22)
(0.85671779 0.043699275 -5.1022765e-22)
(0.85671779 0.043699275 1.8849662e-22)
(0.85671779 0.043699275 2.394398e-22)
(0.85671779 0.043699275 9.7353866e-23)
(0.85671779 0.043699275 -1.9796936e-22)
(0.85671779 0.043699275 -5.0335528e-23)
(0.85671779 0.043699275 1.9329762e-37)
(0.85671779 0.043699275 5.2111139e-23)
(0.85671779 0.043699275 1.0633176e-22)
(0.85671779 0.043699275 -5.4535604e-36)
(0.85671779 0.043699275 -6.7035112e-23)
(0.85671779 0.043699275 1.6125692e-22)
(0.85671779 0.043699275 -1.2122355e-22)
(0.85671779 0.043699275 -2.2951081e-22)
(0.85671779 0.043699275 9.4228567e-36)
(0.85671779 0.043699275 2.0345671e-22)
(0.85671779 0.043699275 0)
(0.85671779 0.043699275 -1.3627518e-23)
(0.85671779 0.043699275 4.2344798e-22)
(0.85671779 0.043699275 -4.244476e-22)
(0.85671779 0.043699275 4.2545195e-22)
(0.85671779 0.043699275 2.227677e-34)
(0.85671779 0.043699275 -4.4126448e-22)
(0.85671779 0.043699275 -4.2849356e-22)
(0.85671779 0.043699275 -3.0742177e-22)
(0.85671779 0.043699275 3.0745008e-22)
(0.85671779 0.043699275 -1.5373968e-22)
(0.85671779 0.043699275 -7.6877159e-23)
(0.85671779 0.043699275 -1.1532671e-22)
(0.85671779 0.043699275 -1.153377e-22)
(0.85671779 0.043699275 3.0759648e-22)
(0.85671779 0.043699275 -1.5381289e-22)
(0.85671779 0.043699275 0)
(0.85671779 0.043699275 6.1536878e-22)
(0.85671779 0.043699275 -1.2308548e-21)
(0.85671779 0.043699275 1.2309721e-21)
(0.85671779 0.043699275 -1.2310894e-21)
(0.85671779 0.043699275 1.2312076e-21)
(0.85671779 0.043699275 0)
(0.85671779 0.043699275 3.3189143e-23)
(0.85671779 0.043699275 -6.6751007e-23)
(0.85671779 0.043699275 6.7127939e-23)
(0.85671779 0.043699275 -3.3754575e-23)
(0.85671779 0.043699275 3.3947357e-23)
(0.85671779 0.043699275 0)
(0.85671779 0.043699275 0)
(0.85671779 0.043699275 0)
(0.85671779 0.043699275 -3.4741021e-23)
(0.85671779 0.043699275 3.4945271e-23)
(0.85671779 0.043699275 2.8121549e-22)
(0.85671779 0.043699275 -3.1824953e-22)
(0.85671779 0.043699275 0)
(0.85671779 0.043699275 0)
(0.85671779 0.043699275 4.3291467e-21)
(0.85671779 0.043699275 -1.2995732e-21)
(0.85671779 0.043699275 -1.2995732e-21)
(0.85671779 0.043699275 0)
(0.85671779 0.043699275 0)
(0.85671779 0.043699275 1.4681361e-21)
(0.85671779 0.043699275 1.4681361e-21)
(0.85671779 0.043699275 0)
(0.85671779 0.043699275 0)
(0.85671779 0.043699275 0)
(0.85671779 0.043699275 -6.3065492e-24)
(0.85671779 0.043699275 9.2739603e-37)
(0.85671779 0.043699275 0)
(0.85671779 0.043699275 6.299904e-24)
(0.85671779 0.043699275 -1.2595383e-23)
(0.85671779 0.043699275 -1.288685e-20)
(0.85671779 0.043699275 3.6437156e-33)
(0.85671779 0.043699275 5.2521094e-33)
(0.85671779 0.043699275 -2.6448418e-20)
(0.85671779 0.043699275 1.3212995e-20)
(0.85671779 0.043699275 1.3214693e-20)
(0.85671779 0.043699275 -1.3222842e-20)
(0.85671779 0.043699275 1.3205193e-20)
(0.85671779 0.043699275 -6.3065492e-24)
(0.85671779 0.043699275 -1.3200446e-20)
(0.85671779 0.043699275 1.0976945e-20)
(0.85671779 0.043699275 0)
(0.85671779 0.043699275 2.6780458e-24)
(0.85671779 0.043699275 -2.6774369e-24)
(0.85671779 0.043699275 -1.0961612e-20)
(0.85671779 0.043699275 1.0713389e-20)
(0.85671779 0.043699275 1.0713389e-20)
(0.85671779 0.043699275 -1.0705781e-20)
(0.85671779 0.043699275 -5.2288244e-24)
(0.85671779 0.043699275 1.0455328e-23)
(0.85671779 0.043699275 -1.0698654e-20)
(0.85671779 0.043699275 1.0701505e-20)
(0.85671779 0.043699275 5.2241853e-24)
(0.85671779 0.043699275 -1.0701982e-20)
(0.85671779 0.043699275 1.0443738e-23)
(0.85671779 0.043699275 -4.7130451e-22)
(0.85671779 0.043699275 -1.9638642e-24)
(0.85671779 0.043699275 -1.9638642e-24)
(0.85671779 0.043699275 2.1027505e-24)
(0.85671779 0.043699275 -5.8198184e-22)
(0.85671779 0.043699275 -5.8198184e-22)
(0.85671779 0.043699275 1.2525678e-21)
(0.85671779 0.043699275 -6.845123e-22)
(0.85671779 0.043699275 -6.845123e-22)
(0.85671779 0.043699275 1.5101821e-21)
(0.85671779 0.043699275 1.5101821e-21)
(0.85671779 0.043699275 0)
(0.85671779 0.043699275 0)
(0.85671779 0.043699275 -1.673917e-21)
(0.85671779 0.043699275 0)
(0.85671779 0.043699275 0)
(0.85671779 0.043699275 8.3403166e-24)
(0.85671779 0.043699275 8.3403166e-24)
(0.85671779 0.043699275 0)
(0.85671779 0.043699275 -1.4020092e-23)
(0.85671779 0.043699275 1.7912571e-21)
(0.85671779 0.043699275 1.7912571e-21)
(0.85671779 0.043699275 -1.5347194e-21)
(0.85671779 0.043699275 -1.5347194e-21)
(0.85671779 0.043699275 -1.0487948e-23)
(0.85671779 0.043699275 -1.0487948e-23)
(0.85671779 0.043699275 0)
(0.85671779 0.043699275 0)
(0.85671779 0.043699275 -1.0734934e-21)
(0.85671779 0.043699275 -1.0734934e-21)
(0.85671779 0.043699275 -9.6050093e-22)
(0.85671779 0.043699275 -9.6050093e-22)
(0.85671779 0.043699275 -1.0489934e-23)
(0.85671779 0.043699275 3.2298299e-24)
(0.85671779 0.043699275 0)
(0.85671779 0.043699275 4.2614145e-20)
(0.85671779 0.043699275 -2.1297759e-20)
(0.85671779 0.043699275 2.5996394e-24)
(0.85671779 0.043699275 -2.1289533e-20)
(0.85671779 0.043699275 2.129062e-20)
(0.85671779 0.043699275 2.5981343e-24)
(0.85671779 0.043699275 -2.1279806e-20)
(0.85671779 0.043699275 4.2554005e-20)
(0.85671779 0.043699275 -2.1266404e-20)
(0.85671779 0.043699275 2.5961298e-24)
(0.85671779 0.043699275 2.59563e-24)
(0.85671779 0.043699275 2.0833474e-20)
(0.85671779 0.043699275 2.5423577e-24)
(0.85671779 0.043699275 4.2614145e-20)
(0.85671779 0.043699275 2.5418774e-24)
(0.85671779 0.043699275 -3.8536548e-24)
(0.85671779 0.043699275 -3.8530241e-24)
(0.85671779 0.043699275 -3.8523936e-24)
(0.85671779 0.043699275 7.6128465e-21)
)
;
    }
}


// ************************************************************************* //
