/*--------------------------------*- C++ -*----------------------------------*\
| =========                 |                                                 |
| \\      /  F ield         | OpenFOAM: The Open Source CFD Toolbox           |
|  \\    /   O peration     | Version:  2206                                  |
|   \\  /    A nd           | Website:  www.openfoam.com                      |
|    \\/     M anipulation  |                                                 |
\*---------------------------------------------------------------------------*/
FoamFile
{
    version     2.0;
    format      ascii;
    arch        "LSB;label=32;scalar=64";
    class       volVectorField;
    location    "0.02";
    object      U;
}
// * * * * * * * * * * * * * * * * * * * * * * * * * * * * * * * * * * * * * //

dimensions      [0 1 -1 0 0 0 0];

internalField   nonuniform List<vector> 
1396
(
(0.85671779 0.043699275 0)
(0.85671779 0.043699275 0)
(0.85671779 0.043699275 0)
(0.85671779 0.043699275 0)
(0.85671779 0.043699275 0)
(0.85671779 0.043699275 0)
(0.85671779 0.043699275 0)
(0.85671779 0.043699275 0)
(0.85671779 0.043699275 0)
(0.85671779 0.043699275 0)
(0.85671779 0.043699275 -2.6640061e-24)
(0.85671779 0.043699275 2.6640047e-24)
(0.85671779 0.043699275 -5.3280064e-24)
(0.85671779 0.043699275 5.3280035e-24)
(0.85671779 0.043699275 0)
(0.85671779 0.043699275 5.3279976e-24)
(0.85671779 0.043699275 -5.3279947e-24)
(0.85671779 0.043699275 0)
(0.85671779 0.043699275 0)
(0.85671779 0.043699275 0)
(0.85671779 0.043699275 1.0655966e-23)
(0.85671779 0.043699275 6.6559037e-25)
(0.85671779 0.043699275 -6.6559001e-25)
(0.85671779 0.043699275 0)
(0.85671779 0.043699275 0)
(0.85671779 0.043699275 5.3247113e-24)
(0.85671779 0.043699275 -5.3247084e-24)
(0.85671779 0.043699275 0)
(0.85671779 0.043699275 0)
(0.85671779 0.043699275 0)
(0.85671779 0.043699275 -1.0649393e-23)
(0.85671779 0.043699275 1.0649387e-23)
(0.85671779 0.043699275 0)
(0.85671779 0.043699275 0)
(0.85671779 0.043699275 -1.064937e-23)
(0.85671779 0.043699275 0)
(0.85671779 0.043699275 0)
(0.85671779 0.043699275 0)
(0.85671779 0.043699275 0)
(0.85671779 0.043699275 0)
(0.85671779 0.043699275 0)
(0.85671779 0.043699275 0)
(0.85671779 0.043699275 5.3214086e-24)
(0.85671779 0.043699275 -5.3214056e-24)
(0.85671779 0.043699275 0)
(0.85671779 0.043699275 0)
(0.85671779 0.043699275 0)
(0.85671779 0.043699275 -1.0642788e-23)
(0.85671779 0.043699275 2.1285564e-23)
(0.85671779 0.043699275 0)
(0.85671779 0.043699275 0)
(0.85671779 0.043699275 0)
(0.85671779 0.043699275 -2.6590652e-24)
(0.85671779 0.043699275 2.6590637e-24)
(0.85671779 0.043699275 0)
(0.85671779 0.043699275 0)
(0.85671779 0.043699275 0)
(0.85671779 0.043699275 5.3181158e-24)
(0.85671779 0.043699275 -5.3181129e-24)
(0.85671779 0.043699275 0)
(0.85671779 0.043699275 0)
(0.85671779 0.043699275 0)
(0.85671779 0.043699275 1.0636202e-23)
(0.85671779 0.043699275 6.6435666e-25)
(0.85671779 0.043699275 -1.9930689e-24)
(0.85671779 0.043699275 1.3287119e-24)
(0.85671779 0.043699275 0)
(0.85671779 0.043699275 5.3148416e-24)
(0.85671779 0.043699275 -5.3148387e-24)
(0.85671779 0.043699275 0)
(0.85671779 0.043699275 0)
(0.85671779 0.043699275 0)
(0.85671779 0.043699275 -1.0629654e-23)
(0.85671779 0.043699275 1.0629648e-23)
(0.85671779 0.043699275 0)
(0.85671779 0.043699275 0)
(0.85671779 0.043699275 -1.0629631e-23)
(0.85671779 0.043699275 0)
(0.85671779 0.043699275 0)
(0.85671779 0.043699275 0)
(0.85671779 0.043699275 0)
(0.85671779 0.043699275 0)
(0.85671779 0.043699275 0)
(0.85671779 0.043699275 0)
(0.85671779 0.043699275 5.3115511e-24)
(0.85671779 0.043699275 -1.5373487e-36)
(0.85671779 0.043699275 -5.3115453e-24)
(0.85671779 0.043699275 0)
(0.85671779 0.043699275 0)
(0.85671779 0.043699275 0)
(0.85671779 0.043699275 1.0623067e-23)
(0.85671779 0.043699275 0)
(0.85671779 0.043699275 0)
(0.85671779 0.043699275 0)
(0.85671779 0.043699275 -2.6541425e-24)
(0.85671779 0.043699275 7.9624233e-24)
(0.85671779 0.043699275 -5.3082793e-24)
(0.85671779 0.043699275 0)
(0.85671779 0.043699275 0)
(0.85671779 0.043699275 5.3082705e-24)
(0.85671779 0.043699275 -5.3082676e-24)
(0.85671779 0.043699275 0)
(0.85671779 0.043699275 0)
(0.85671779 0.043699275 -1.0616518e-23)
(0.85671779 0.043699275 1.0616512e-23)
(0.85671779 0.043699275 0)
(0.85671779 0.043699275 0)
(0.85671779 0.043699275 0)
(0.85671779 0.043699275 0)
(0.85671779 0.043699275 0)
(0.85671779 0.043699275 0)
(0.85671779 0.043699275 0)
(0.85671779 0.043699275 5.3049998e-24)
(0.85671779 0.043699275 -5.3049969e-24)
(0.85671779 0.043699275 0)
(0.85671779 0.043699275 0)
(0.85671779 0.043699275 0)
(0.85671779 0.043699275 0)
(0.85671779 0.043699275 1.0609965e-23)
(0.85671779 0.043699275 6.6271881e-25)
(0.85671779 0.043699275 -6.6271845e-25)
(0.85671779 0.043699275 0)
(0.85671779 0.043699275 0)
(0.85671779 0.043699275 5.3017389e-24)
(0.85671779 0.043699275 -5.301736e-24)
(0.85671779 0.043699275 0)
(0.85671779 0.043699275 0)
(0.85671779 0.043699275 0)
(0.85671779 0.043699275 0)
(0.85671779 0.043699275 0)
(0.85671779 0.043699275 0)
(0.85671779 0.043699275 0)
(0.85671779 0.043699275 -1.0603426e-23)
(0.85671779 0.043699275 -6.6231061e-25)
(0.85671779 0.043699275 1.9869307e-24)
(0.85671779 0.043699275 -1.3246198e-24)
(0.85671779 0.043699275 0)
(0.85671779 0.043699275 5.2984733e-24)
(0.85671779 0.043699275 -5.2984704e-24)
(0.85671779 0.043699275 -5.2984675e-24)
(0.85671779 0.043699275 1.0596929e-23)
(0.85671779 0.043699275 -5.2984617e-24)
(0.85671779 0.043699275 0)
(0.85671779 0.043699275 0)
(0.85671779 0.043699275 0)
(0.85671779 0.043699275 1.05969e-23)
(0.85671779 0.043699275 -1.0596894e-23)
(0.85671779 0.043699275 0)
(0.85671779 0.043699275 1.3226297e-24)
(0.85671779 0.043699275 -1.3226283e-24)
(0.85671779 0.043699275 0)
(0.85671779 0.043699275 5.2905017e-24)
(0.85671779 0.043699275 -5.2904959e-24)
(0.85671779 0.043699275 0)
(0.85671779 0.043699275 0)
(0.85671779 0.043699275 -5.2904785e-24)
(0.85671779 0.043699275 5.2904728e-24)
(0.85671779 0.043699275 0)
(0.85671779 0.043699275 0)
(0.85671779 0.043699275 0)
(0.85671779 0.043699275 1.0580899e-23)
(0.85671779 0.043699275 0)
(0.85671779 0.043699275 -1.3218161e-24)
(0.85671779 0.043699275 1.3218146e-24)
(0.85671779 0.043699275 -2.6436264e-24)
(0.85671779 0.043699275 -2.6436235e-24)
(0.85671779 0.043699275 5.2872412e-24)
(0.85671779 0.043699275 5.2872354e-24)
(0.85671779 0.043699275 -1.0574459e-23)
(0.85671779 0.043699275 5.2872239e-24)
(0.85671779 0.043699275 0)
(0.85671779 0.043699275 0)
(0.85671779 0.043699275 0)
(0.85671779 0.043699275 0)
(0.85671779 0.043699275 0)
(0.85671779 0.043699275 -6.6050242e-25)
(0.85671779 0.043699275 1.9815051e-24)
(0.85671779 0.043699275 -1.321002e-24)
(0.85671779 0.043699275 0)
(0.85671779 0.043699275 0)
(0.85671779 0.043699275 0)
(0.85671779 0.043699275 0)
(0.85671779 0.043699275 0)
(0.85671779 0.043699275 0)
(0.85671779 0.043699275 1.0567935e-23)
(0.85671779 0.043699275 -1.0567923e-23)
(0.85671779 0.043699275 0)
(0.85671779 0.043699275 -1.05679e-23)
(0.85671779 0.043699275 1.0567889e-23)
(0.85671779 0.043699275 -6.6009658e-25)
(0.85671779 0.043699275 -6.6009586e-25)
(0.85671779 0.043699275 -1.3201903e-24)
(0.85671779 0.043699275 5.2807554e-24)
(0.85671779 0.043699275 -2.6403748e-24)
(0.85671779 0.043699275 0)
(0.85671779 0.043699275 0)
(0.85671779 0.043699275 0)
(0.85671779 0.043699275 -5.2807266e-24)
(0.85671779 0.043699275 -5.2807208e-24)
(0.85671779 0.043699275 1.056143e-23)
(0.85671779 0.043699275 0)
(0.85671779 0.043699275 -1.0561407e-23)
(0.85671779 0.043699275 1.0561396e-23)
(0.85671779 0.043699275 -6.5969124e-25)
(0.85671779 0.043699275 1.9790716e-24)
(0.85671779 0.043699275 -1.3193796e-24)
(0.85671779 0.043699275 -2.6387564e-24)
(0.85671779 0.043699275 7.9162604e-24)
(0.85671779 0.043699275 -5.2775012e-24)
(0.85671779 0.043699275 -5.2774955e-24)
(0.85671779 0.043699275 1.0554979e-23)
(0.85671779 0.043699275 -5.277484e-24)
(0.85671779 0.043699275 0)
(0.85671779 0.043699275 0)
(0.85671779 0.043699275 0)
(0.85671779 0.043699275 -1.0554922e-23)
(0.85671779 0.043699275 1.055491e-23)
(0.85671779 0.043699275 0)
(0.85671779 0.043699275 -1.3185714e-24)
(0.85671779 0.043699275 1.3185699e-24)
(0.85671779 0.043699275 0)
(0.85671779 0.043699275 5.2742683e-24)
(0.85671779 0.043699275 -5.2742625e-24)
(0.85671779 0.043699275 0)
(0.85671779 0.043699275 0)
(0.85671779 0.043699275 0)
(0.85671779 0.043699275 1.0548479e-23)
(0.85671779 0.043699275 -1.0548468e-23)
(0.85671779 0.043699275 0)
(0.85671779 0.043699275 0)
(0.85671779 0.043699275 0)
(0.85671779 0.043699275 -6.5888206e-25)
(0.85671779 0.043699275 1.976644e-24)
(0.85671779 0.043699275 -1.3177613e-24)
(0.85671779 0.043699275 -2.6355196e-24)
(0.85671779 0.043699275 7.9065503e-24)
(0.85671779 0.043699275 -5.2710278e-24)
(0.85671779 0.043699275 -5.2710221e-24)
(0.85671779 0.043699275 5.2710163e-24)
(0.85671779 0.043699275 0)
(0.85671779 0.043699275 1.054201e-23)
(0.85671779 0.043699275 -1.0541998e-23)
(0.85671779 0.043699275 0)
(0.85671779 0.043699275 -1.0541975e-23)
(0.85671779 0.043699275 1.0541964e-23)
(0.85671779 0.043699275 2.1019035e-23)
(0.85671779 0.043699275 -2.1044746e-23)
(0.85671779 0.043699275 2.107052e-23)
(0.85671779 0.043699275 -2.1096358e-23)
(0.85671779 0.043699275 0)
(0.85671779 0.043699275 0)
(0.85671779 0.043699275 0)
(0.85671779 0.043699275 0)
(0.85671779 0.043699275 2.12265e-23)
(0.85671779 0.043699275 0)
(0.85671779 0.043699275 -2.1019058e-23)
(0.85671779 0.043699275 2.1044769e-23)
(0.85671779 0.043699275 2.1070543e-23)
(0.85671779 0.043699275 0)
(0.85671779 0.043699275 0)
(0.85671779 0.043699275 2.1148246e-23)
(0.85671779 0.043699275 0)
(0.85671779 0.043699275 0)
(0.85671779 0.043699275 0)
(0.85671779 0.043699275 0)
(0.85671779 0.043699275 0)
(0.85671779 0.043699275 0)
(0.85671779 0.043699275 -2.1070566e-23)
(0.85671779 0.043699275 -2.1096404e-23)
(0.85671779 0.043699275 0)
(0.85671779 0.043699275 -2.1148269e-23)
(0.85671779 0.043699275 -2.1174297e-23)
(0.85671779 0.043699275 0)
(0.85671779 0.043699275 -2.1226547e-23)
(0.85671779 0.043699275 0)
(0.85671779 0.043699275 0)
(0.85671779 0.043699275 0)
(0.85671779 0.043699275 2.1070589e-23)
(0.85671779 0.043699275 4.2192853e-23)
(0.85671779 0.043699275 -2.1122327e-23)
(0.85671779 0.043699275 0)
(0.85671779 0.043699275 4.2348641e-23)
(0.85671779 0.043699275 -2.1200413e-23)
(0.85671779 0.043699275 4.245314e-23)
(0.85671779 0.043699275 2.1252792e-23)
(0.85671779 0.043699275 1.0509563e-23)
(0.85671779 0.043699275 0)
(0.85671779 0.043699275 -2.1070612e-23)
(0.85671779 0.043699275 -2.109645e-23)
(0.85671779 0.043699275 3.1683526e-23)
(0.85671779 0.043699275 0)
(0.85671779 0.043699275 -1.0587172e-23)
(0.85671779 0.043699275 2.1200436e-23)
(0.85671779 0.043699275 -2.1226593e-23)
(0.85671779 0.043699275 -2.1252815e-23)
(0.85671779 0.043699275 -1.0509575e-23)
(0.85671779 0.043699275 0)
(0.85671779 0.043699275 0)
(0.85671779 0.043699275 -1.0548236e-23)
(0.85671779 0.043699275 -2.1122374e-23)
(0.85671779 0.043699275 0)
(0.85671779 0.043699275 -1.0587183e-23)
(0.85671779 0.043699275 -1.060023e-23)
(0.85671779 0.043699275 0)
(0.85671779 0.043699275 0)
(0.85671779 0.043699275 0)
(0.85671779 0.043699275 0)
(0.85671779 0.043699275 0)
(0.85671779 0.043699275 1.0548248e-23)
(0.85671779 0.043699275 1.0561198e-23)
(0.85671779 0.043699275 0)
(0.85671779 0.043699275 0)
(0.85671779 0.043699275 1.0600241e-23)
(0.85671779 0.043699275 0)
(0.85671779 0.043699275 0)
(0.85671779 0.043699275 0)
(0.85671779 0.043699275 0)
(0.85671779 0.043699275 0)
(0.85671779 0.043699275 0)
(0.85671779 0.043699275 0)
(0.85671779 0.043699275 -1.0574192e-23)
(0.85671779 0.043699275 0)
(0.85671779 0.043699275 0)
(0.85671779 0.043699275 1.0613332e-23)
(0.85671779 0.043699275 0)
(0.85671779 0.043699275 -1.0509609e-23)
(0.85671779 0.043699275 1.0522465e-23)
(0.85671779 0.043699275 0)
(0.85671779 0.043699275 0)
(0.85671779 0.043699275 0)
(0.85671779 0.043699275 1.0574204e-23)
(0.85671779 0.043699275 0)
(0.85671779 0.043699275 0)
(0.85671779 0.043699275 -1.0613343e-23)
(0.85671779 0.043699275 0)
(0.85671779 0.043699275 5.2548101e-24)
(0.85671779 0.043699275 -1.0522476e-23)
(0.85671779 0.043699275 -5.2676817e-24)
(0.85671779 0.043699275 0)
(0.85671779 0.043699275 -5.2806164e-24)
(0.85671779 0.043699275 0)
(0.85671779 0.043699275 0)
(0.85671779 0.043699275 -5.3001381e-24)
(0.85671779 0.043699275 0)
(0.85671779 0.043699275 0)
(0.85671779 0.043699275 5.2548105e-24)
(0.85671779 0.043699275 0)
(0.85671779 0.043699275 5.2676821e-24)
(0.85671779 0.043699275 0)
(0.85671779 0.043699275 5.2806168e-24)
(0.85671779 0.043699275 5.287108e-24)
(0.85671779 0.043699275 0)
(0.85671779 0.043699275 5.3001385e-24)
(0.85671779 0.043699275 0)
(0.85671779 0.043699275 -5.3132333e-24)
(0.85671779 0.043699275 2.6274026e-24)
(0.85671779 0.043699275 0)
(0.85671779 0.043699275 0)
(0.85671779 0.043699275 0)
(0.85671779 0.043699275 0)
(0.85671779 0.043699275 -2.6435513e-24)
(0.85671779 0.043699275 0)
(0.85671779 0.043699275 0)
(0.85671779 0.043699275 0)
(0.85671779 0.043699275 5.3132279e-24)
(0.85671779 0.043699275 -3.9410996e-24)
(0.85671779 0.043699275 0)
(0.85671779 0.043699275 0)
(0.85671779 0.043699275 0)
(0.85671779 0.043699275 0)
(0.85671779 0.043699275 -2.6435485e-24)
(0.85671779 0.043699275 0)
(0.85671779 0.043699275 0)
(0.85671779 0.043699275 0)
(0.85671779 0.043699275 0)
(0.85671779 0.043699275 1.3136985e-24)
(0.85671779 0.043699275 0)
(0.85671779 0.043699275 0)
(0.85671779 0.043699275 0)
(0.85671779 0.043699275 0)
(0.85671779 0.043699275 0)
(0.85671779 0.043699275 0)
(0.85671779 0.043699275 0)
(0.85671779 0.043699275 0)
(0.85671779 0.043699275 0)
(0.85671779 0.043699275 4.6215567e-24)
(0.85671779 0.043699275 0)
(0.85671779 0.043699275 0)
(0.85671779 0.043699275 -6.1338018e-23)
(0.85671779 0.043699275 0)
(0.85671779 0.043699275 -5.5077857e-23)
(0.85671779 0.043699275 0)
(0.85671779 0.043699275 -4.9977184e-23)
(0.85671779 0.043699275 0)
(0.85671779 0.043699275 0)
(0.85671779 0.043699275 0)
(0.85671779 0.043699275 -4.2166993e-23)
(0.85671779 0.043699275 0)
(0.85671779 0.043699275 -3.9110832e-23)
(0.85671779 0.043699275 4.6188409e-24)
(0.85671779 0.043699275 1.3833133e-22)
(0.85671779 0.043699275 0)
(0.85671779 0.043699275 6.1308117e-23)
(0.85671779 0.043699275 0)
(0.85671779 0.043699275 5.5053748e-23)
(0.85671779 0.043699275 0)
(0.85671779 0.043699275 4.9957333e-23)
(0.85671779 0.043699275 0)
(0.85671779 0.043699275 0)
(0.85671779 0.043699275 -1.3708171e-24)
(0.85671779 0.043699275 4.4128778e-23)
(0.85671779 0.043699275 -6.3388073e-25)
(0.85671779 0.043699275 3.9098675e-23)
(0.85671779 0.043699275 4.6161292e-24)
(0.85671779 0.043699275 -4.1476597e-22)
(0.85671779 0.043699275 2.5986689e-22)
(0.85671779 0.043699275 -3.829891e-24)
(0.85671779 0.043699275 3.6241319e-24)
(0.85671779 0.043699275 0)
(0.85671779 0.043699275 2.0616778e-22)
(0.85671779 0.043699275 3.121094e-24)
(0.85671779 0.043699275 1.9091678e-22)
(0.85671779 0.043699275 -1.4283727e-24)
(0.85671779 0.043699275 1.3703392e-24)
(0.85671779 0.043699275 0)
(0.85671779 0.043699275 0)
(0.85671779 0.043699275 0)
(0.85671779 0.043699275 0)
(0.85671779 0.043699275 1.6623502e-34)
(0.85671779 0.043699275 -2.5567444e-22)
(0.85671779 0.043699275 -1.9719828e-37)
(0.85671779 0.043699275 -7.2449244e-24)
(0.85671779 0.043699275 2.2346027e-22)
(0.85671779 0.043699275 -2.1262429e-22)
(0.85671779 0.043699275 3.1198555e-24)
(0.85671779 0.043699275 -1.9233535e-22)
(0.85671779 0.043699275 1.4278539e-24)
(0.85671779 0.043699275 -1.3698617e-24)
(0.85671779 0.043699275 1.3163948e-24)
(0.85671779 0.043699275 3.1673608e-25)
(0.85671779 0.043699275 -3.0526865e-25)
(0.85671779 0.043699275 -5.8556086e-22)
(0.85671779 0.043699275 -2.7189137e-22)
(0.85671779 0.043699275 -4.0562308e-24)
(0.85671779 0.043699275 0)
(0.85671779 0.043699275 0)
(0.85671779 0.043699275 -2.1992626e-22)
(0.85671779 0.043699275 0)
(0.85671779 0.043699275 0)
(0.85671779 0.043699275 3.8154405e-22)
(0.85671779 0.043699275 0)
(0.85671779 0.043699275 0)
(0.85671779 0.043699275 0)
(0.85671779 0.043699275 0)
(0.85671779 0.043699275 0)
(0.85671779 0.043699275 5.898257e-22)
(0.85671779 0.043699275 5.5211117e-22)
(0.85671779 0.043699275 0)
(0.85671779 0.043699275 0)
(0.85671779 0.043699275 0)
(0.85671779 0.043699275 -4.3966038e-22)
(0.85671779 0.043699275 4.1835819e-22)
(0.85671779 0.043699275 0)
(0.85671779 0.043699275 -3.8139946e-22)
(0.85671779 0.043699275 0)
(0.85671779 0.043699275 0)
(0.85671779 0.043699275 -3.3677154e-22)
(0.85671779 0.043699275 0)
(0.85671779 0.043699275 0)
(0.85671779 0.043699275 4.6053143e-24)
(0.85671779 0.043699275 0)
(0.85671779 0.043699275 0)
(0.85671779 0.043699275 0)
(0.85671779 0.043699275 4.6303518e-22)
(0.85671779 0.043699275 8.789368e-22)
(0.85671779 0.043699275 -4.2145142e-22)
(0.85671779 0.043699275 -3.9263442e-22)
(0.85671779 0.043699275 -3.8572281e-22)
(0.85671779 0.043699275 2.8525997e-24)
(0.85671779 0.043699275 -3.5168684e-22)
(0.85671779 0.043699275 -2.3248273e-34)
(0.85671779 0.043699275 -3.2402448e-22)
(0.85671779 0.043699275 -3.1230409e-22)
(0.85671779 0.043699275 4.6026185e-24)
(0.85671779 0.043699275 -5.5150607e-22)
(0.85671779 0.043699275 0)
(0.85671779 0.043699275 0)
(0.85671779 0.043699275 -4.6643805e-22)
(0.85671779 0.043699275 -4.3584474e-22)
(0.85671779 0.043699275 -3.2657084e-24)
(0.85671779 0.043699275 4.0182361e-22)
(0.85671779 0.043699275 3.796219e-22)
(0.85671779 0.043699275 1.4257825e-24)
(0.85671779 0.043699275 3.5019651e-22)
(0.85671779 0.043699275 3.365463e-22)
(0.85671779 0.043699275 3.239202e-22)
(0.85671779 0.043699275 3.1220721e-22)
(0.85671779 0.043699275 4.5999259e-24)
(0.85671779 0.043699275 5.5120402e-22)
(0.85671779 0.043699275 0)
(0.85671779 0.043699275 4.8879751e-22)
(0.85671779 0.043699275 -4.5899538e-22)
(0.85671779 0.043699275 -3.4303511e-24)
(0.85671779 0.043699275 -3.2643525e-24)
(0.85671779 0.043699275 3.1136781e-24)
(0.85671779 0.043699275 -1.4881498e-24)
(0.85671779 0.043699275 1.4252656e-24)
(0.85671779 0.043699275 -1.3674793e-24)
(0.85671779 0.043699275 6.5709727e-25)
(0.85671779 0.043699275 6.3245308e-25)
(0.85671779 0.043699275 3.1211039e-22)
(0.85671779 0.043699275 4.5972364e-24)
(0.85671779 0.043699275 1.0975007e-21)
(0.85671779 0.043699275 -1.0316778e-21)
(0.85671779 0.043699275 -4.8856022e-22)
(0.85671779 0.043699275 -4.5878449e-22)
(0.85671779 0.043699275 -8.8121577e-22)
(0.85671779 0.043699275 -3.2629979e-24)
(0.85671779 0.043699275 3.1124456e-24)
(0.85671779 0.043699275 1.4875867e-24)
(0.85671779 0.043699275 -1.4247491e-24)
(0.85671779 0.043699275 0)
(0.85671779 0.043699275 0)
(0.85671779 0.043699275 0)
(0.85671779 0.043699275 3.1201363e-22)
(0.85671779 0.043699275 1.1762048e-21)
(0.85671779 0.043699275 2.2935594e-34)
(0.85671779 0.043699275 2.7146295e-34)
(0.85671779 0.043699275 3.8150247e-24)
(0.85671779 0.043699275 9.2075843e-22)
(0.85671779 0.043699275 1.7548086e-21)
(0.85671779 0.043699275 8.3171929e-22)
(0.85671779 0.043699275 3.1112141e-24)
(0.85671779 0.043699275 -7.6284332e-22)
(0.85671779 0.043699275 2.848466e-24)
(0.85671779 0.043699275 -1.3665286e-24)
(0.85671779 0.043699275 -6.7241804e-22)
(0.85671779 0.043699275 -6.4721547e-22)
(0.85671779 0.043699275 -1.6602188e-33)
(0.85671779 0.043699275 -1.1755179e-21)
(0.85671779 0.043699275 -1.1005997e-21)
(0.85671779 0.043699275 1.0346588e-21)
(0.85671779 0.043699275 -9.761727e-22)
(0.85671779 0.043699275 3.6091599e-24)
(0.85671779 0.043699275 -8.8044786e-22)
(0.85671779 0.043699275 -1.6725297e-21)
(0.85671779 0.043699275 3.1099835e-24)
(0.85671779 0.043699275 1.5221369e-21)
(0.85671779 0.043699275 0)
(0.85671779 0.043699275 6.9941955e-22)
(0.85671779 0.043699275 1.3437306e-21)
(0.85671779 0.043699275 6.4763928e-22)
(0.85671779 0.043699275 -6.2364058e-22)
(0.85671779 0.043699275 4.5891866e-24)
(0.85671779 0.043699275 -1.0999982e-21)
(0.85671779 0.043699275 -1.0341272e-21)
(0.85671779 0.043699275 9.7569952e-22)
(0.85671779 0.043699275 0)
(0.85671779 0.043699275 0)
(0.85671779 0.043699275 8.3428878e-22)
(0.85671779 0.043699275 -7.9584098e-22)
(0.85671779 0.043699275 -1.5230474e-21)
(0.85671779 0.043699275 1.4232018e-24)
(0.85671779 0.043699275 -1.3983532e-21)
(0.85671779 0.043699275 -6.7196909e-22)
(0.85671779 0.043699275 0)
(0.85671779 0.043699275 -6.2344743e-22)
(0.85671779 0.043699275 4.5865098e-24)
(0.85671779 0.043699275 1.0993975e-21)
(0.85671779 0.043699275 1.0335962e-21)
(0.85671779 0.043699275 -3.8094797e-24)
(0.85671779 0.043699275 3.6058497e-24)
(0.85671779 0.043699275 -8.7625841e-22)
(0.85671779 0.043699275 -3.2575903e-24)
(0.85671779 0.043699275 7.9863397e-22)
(0.85671779 0.043699275 1.5209867e-21)
(0.85671779 0.043699275 0)
(0.85671779 0.043699275 6.9893382e-22)
(0.85671779 0.043699275 0)
(0.85671779 0.043699275 -6.4659176e-22)
(0.85671779 0.043699275 6.2325438e-22)
(0.85671779 0.043699275 7.7253479e-22)
(0.85671779 0.043699275 0)
(0.85671779 0.043699275 8.0634699e-22)
(0.85671779 0.043699275 -8.2438783e-22)
(0.85671779 0.043699275 0)
(0.85671779 0.043699275 8.6300478e-22)
(0.85671779 0.043699275 8.8370249e-22)
(0.85671779 0.043699275 0)
(0.85671779 0.043699275 0)
(0.85671779 0.043699275 0)
(0.85671779 0.043699275 0)
(0.85671779 0.043699275 1.0041122e-21)
(0.85671779 0.043699275 -8.063469e-22)
(0.85671779 0.043699275 0)
(0.85671779 0.043699275 0)
(0.85671779 0.043699275 -8.6300468e-22)
(0.85671779 0.043699275 0)
(0.85671779 0.043699275 0)
(0.85671779 0.043699275 0)
(0.85671779 0.043699275 9.5221417e-22)
(0.85671779 0.043699275 9.7747475e-22)
(0.85671779 0.043699275 -1.0041121e-21)
(0.85671779 0.043699275 -8.2438767e-22)
(0.85671779 0.043699275 0)
(0.85671779 0.043699275 0)
(0.85671779 0.043699275 0)
(0.85671779 0.043699275 0)
(0.85671779 0.043699275 0)
(0.85671779 0.043699275 6.4381651e-34)
(0.85671779 0.043699275 -1.9549493e-21)
(0.85671779 0.043699275 0)
(0.85671779 0.043699275 0)
(0.85671779 0.043699275 0)
(0.85671779 0.043699275 -9.0541712e-22)
(0.85671779 0.043699275 0)
(0.85671779 0.043699275 -9.8781953e-34)
(0.85671779 0.043699275 4.4982151e-34)
(0.85671779 0.043699275 0)
(0.85671779 0.043699275 0)
(0.85671779 0.043699275 9.0541704e-22)
(0.85671779 0.043699275 0)
(0.85671779 0.043699275 -1.9044277e-21)
(0.85671779 0.043699275 1.9549488e-21)
(0.85671779 0.043699275 0)
(0.85671779 0.043699275 0)
(0.85671779 0.043699275 9.5221375e-22)
(0.85671779 0.043699275 -2.6566051e-34)
(0.85671779 0.043699275 0)
(0.85671779 0.043699275 9.5221364e-22)
(0.85671779 0.043699275 -9.774742e-22)
(0.85671779 0.043699275 0)
(0.85671779 0.043699275 0)
(0.85671779 0.043699275 1.0041114e-21)
(0.85671779 0.043699275 -2.0082226e-21)
(0.83303053 0.095533968 -1.0563189e-22)
(0.83485177 0.096565045 -5.3128862e-23)
(0.83703221 0.097288358 8.2633301e-26)
(0.83900346 0.097703515 -5.3850785e-23)
(0.84050355 0.097866094 1.0837823e-22)
(0.84161859 0.097844545 1.0897203e-22)
(0.84264495 0.097670478 0)
(0.84387 0.09730323 0)
(0.84538608 0.096657476 2.3026827e-22)
(0.84717314 0.095651015 3.432038e-22)
(0.83988622 0.095131552 -2.7818887e-23)
(0.83983236 0.096014637 0)
(0.83996193 0.096626791 0)
(0.84015531 0.096972758 0)
(0.84037094 0.097110949 0)
(0.84059069 0.097111104 1.1549734e-22)
(0.84082266 0.097004429 0)
(0.84107624 0.096771119 0)
(0.84136455 0.096376501 7.7797665e-24)
(0.84174038 0.095771418 -3.4394458e-22)
(0.85471347 0.051068972 0)
(0.85461325 0.051295232 0)
(0.85449626 0.051425627 0)
(0.85441612 0.051483407 -1.7323191e-22)
(0.85440057 0.051492312 5.8046758e-23)
(0.8544323 0.051477053 6.746092e-25)
(0.85446655 0.051461656 -1.173398e-22)
(0.85450472 0.05146195 -1.179553e-22)
(0.85454133 0.051500775 1.1856659e-22)
(0.85456256 0.051586673 -1.1917316e-22)
(0.85657573 0.04419355 -2.8525635e-23)
(0.85657284 0.044209784 5.7463979e-23)
(0.85657201 0.044221454 -1.7359249e-22)
(0.85657249 0.044228908 2.3284055e-22)
(0.85657343 0.0442334 0)
(0.85657392 0.044236733 1.1780915e-22)
(0.85657368 0.044239288 0)
(0.85657315 0.04423968 1.7861351e-22)
(0.85657316 0.044235488 -2.3940448e-22)
(0.85657485 0.044224171 1.8048938e-22)
(0.85670883 0.043734692 0)
(0.85670842 0.043736309 5.7932389e-23)
(0.85670818 0.043737474 1.1665292e-22)
(0.85670805 0.043738248 -1.1740604e-22)
(0.85670801 0.043738753 0)
(0.85670797 0.043739157 -1.7815616e-22)
(0.85670787 0.043739608 1.1943337e-22)
(0.85670766 0.043740165 -1.8012408e-22)
(0.85670723 0.043740761 0)
(0.85670656 0.043740981 6.0692492e-23)
(0.85671754 0.043700352 0)
(0.85671753 0.043700404 0)
(0.85671752 0.043700442 -1.1760495e-22)
(0.85671752 0.043700468 6.0549466e-30)
(0.85671751 0.043700487 1.1908092e-22)
(0.85671751 0.043700507 5.9879162e-23)
(0.8567175 0.04370053 0)
(0.85671749 0.043700557 -1.2110513e-22)
(0.85671748 0.043700585 1.2177365e-22)
(0.85671746 0.043700594 -6.1217515e-23)
(0.85671778 0.043699313 -8.770872e-23)
(0.85671778 0.043699315 1.177636e-22)
(0.85671778 0.043699316 5.9281902e-23)
(0.85671778 0.043699317 -5.966609e-23)
(0.85671778 0.043699318 -6.0030331e-23)
(0.85671778 0.043699319 1.207565e-22)
(0.85671778 0.04369932 -6.0725197e-23)
(0.85671778 0.043699322 -6.1070748e-23)
(0.85671778 0.043699324 6.1415127e-23)
(0.85671778 0.043699323 6.1756399e-23)
(0.85671779 0.043699276 5.8960384e-23)
(0.85671779 0.043699276 -5.9368159e-23)
(0.85671779 0.043699276 5.9769143e-23)
(0.85671779 0.043699276 -6.0157158e-23)
(0.85671779 0.043699276 -6.0528337e-23)
(0.85671779 0.043699276 1.826567e-22)
(0.85671779 0.043699276 -6.1242214e-23)
(0.85671779 0.043699276 -1.8479359e-22)
(0.85671779 0.043699276 1.85858e-22)
(0.85671779 0.043699276 1.869146e-22)
(0.85671779 0.043699275 5.9456499e-23)
(0.85671779 0.043699275 -1.7958786e-22)
(0.85671779 0.043699275 3.0132227e-23)
(0.85671779 0.043699275 0)
(0.85671779 0.043699275 0)
(0.85671779 0.043699275 -1.2280295e-22)
(0.85671779 0.043699275 1.2353622e-22)
(0.85671779 0.043699275 0)
(0.85671779 0.043699275 9.3749551e-23)
(0.85671779 0.043699275 -1.8858947e-22)
(0.85671779 0.043699275 -2.9980517e-23)
(0.85671779 0.043699275 0)
(0.85671779 0.043699275 9.1152064e-23)
(0.85671779 0.043699275 -3.0581968e-23)
(0.85671779 0.043699275 0)
(0.85671779 0.043699275 1.2385241e-22)
(0.85671779 0.043699275 -1.4913129e-35)
(0.85671779 0.043699275 -1.2535975e-22)
(0.85671779 0.043699275 3.152824e-23)
(0.85671779 0.043699275 3.171577e-23)
(0.85671779 0.043699275 9.8024188e-37)
(0.85671779 0.043699275 9.1315006e-23)
(0.85671779 0.043699275 -6.1280118e-23)
(0.85671779 0.043699275 -6.168007e-23)
(0.85671779 0.043699275 0)
(0.85671779 0.043699275 -3.122999e-23)
(0.85671779 0.043699275 3.1423736e-23)
(0.85671779 0.043699275 0)
(0.85671779 0.043699275 0)
(0.85671779 0.043699275 -1.6002574e-22)
(0.85671779 0.043699275 -1.5249059e-23)
(0.85671779 0.043699275 -7.6745862e-23)
(0.85671779 0.043699275 1.5450224e-23)
(0.85671779 0.043699275 9.3307482e-23)
(0.85671779 0.043699275 -7.8257252e-23)
(0.85671779 0.043699275 9.4504553e-23)
(0.85671779 0.043699275 -3.1700712e-23)
(0.85671779 0.043699275 0)
(0.85671779 0.043699275 -1.2840068e-22)
(0.85671779 0.043699275 2.4224874e-22)
(0.85671779 0.043699275 7.6906687e-24)
(0.85671779 0.043699275 -8.5145053e-23)
(0.85671779 0.043699275 5.4537534e-23)
(0.85671779 0.043699275 -6.2736908e-23)
(0.85671779 0.043699275 7.8932004e-23)
(0.85671779 0.043699275 0)
(0.85671779 0.043699275 1.279262e-22)
(0.85671779 0.043699275 -1.2874784e-22)
(0.85671779 0.043699275 0)
(0.85671779 0.043699275 8.1497193e-24)
(0.85671779 0.043699275 -5.4303969e-23)
(0.85671779 0.043699275 1.3272256e-22)
(0.85671779 0.043699275 -7.0721153e-23)
(0.85671779 0.043699275 6.3275799e-23)
(0.85671779 0.043699275 -6.3692564e-23)
(0.85671779 0.043699275 0)
(0.85671779 0.043699275 -1.2906513e-22)
(0.85671779 0.043699275 1.2991079e-22)
(0.85671779 0.043699275 0)
(0.85671779 0.043699275 8.2256e-24)
(0.84913494 0.094243542 -7.4387584e-23)
(0.85161957 0.092010707 -1.2991991e-22)
(0.85232166 0.089811056 0)
(0.85297134 0.087789143 -1.3104713e-22)
(0.85412339 0.085819347 2.6745752e-22)
(0.85534332 0.083725842 -1.3764378e-22)
(0.85579508 0.081498461 -1.3018299e-22)
(0.85524902 0.079353668 0)
(0.85438561 0.077551725 3.8531902e-22)
(0.85390591 0.076130476 1.3799723e-22)
(0.85392176 0.074969751 -5.191448e-22)
(0.85432574 0.073926027 1.3540092e-22)
(0.8550825 0.072875635 6.5061278e-22)
(0.85582159 0.071541683 -3.8883839e-22)
(0.84250345 0.094848728 2.036672e-22)
(0.8442348 0.092544515 -1.4154388e-22)
(0.84520119 0.090239699 1.410644e-22)
(0.84623029 0.08808634 -4.2324131e-22)
(0.84725846 0.085941219 5.7041131e-22)
(0.84825408 0.083669306 -2.8822113e-22)
(0.84910954 0.081354757 0)
(0.84974542 0.079263339 5.5956209e-22)
(0.85017688 0.07756859 -4.2472749e-22)
(0.85048594 0.076196132 -2.7354077e-22)
(0.85082421 0.074992265 0)
(0.85121939 0.073816203 -2.7305508e-22)
(0.85166116 0.072523459 1.3912824e-22)
(0.8521008 0.070943251 -1.1088036e-21)
(0.85457344 0.051664184 7.4618402e-23)
(0.85488904 0.050894387 2.0488277e-26)
(0.85508324 0.050318813 -2.9728173e-22)
(0.85527317 0.049803433 -7.6921013e-25)
(0.85544542 0.049299188 -5.9096322e-22)
(0.85561088 0.048783095 2.9440009e-22)
(0.85576217 0.048291922 0)
(0.8558839 0.047884849 1.469622e-22)
(0.85596871 0.047581346 0)
(0.85602678 0.047343505 7.3122868e-22)
(0.85608571 0.047135045 -5.8420383e-22)
(0.85614917 0.046930246 1.4541247e-22)
(0.85621536 0.046705802 -1.4516058e-22)
(0.85627964 0.04643348 -1.1620592e-21)
(0.85657634 0.044205832 3.1345773e-22)
(0.85659795 0.044164014 -1.563334e-22)
(0.8566087 0.044131541 1.5574805e-22)
(0.85662033 0.044101237 -9.8850894e-26)
(0.85663168 0.044071707 3.1008629e-22)
(0.85664238 0.044042003 4.6410143e-22)
(0.85665117 0.04401397 0)
(0.85665746 0.043990477 8.347693e-26)
(0.856662 0.043972296 1.5370562e-22)
(0.85666602 0.043957515 0)
(0.85667009 0.04394414 0)
(0.85667474 0.043930383 -1.5278823e-22)
(0.85668045 0.043913661 0)
(0.8566866 0.04389199 -1.5217776e-22)
(0.85670571 0.043740015 -8.2341199e-23)
(0.85670772 0.043735309 1.6421489e-22)
(0.85670891 0.043731899 -1.6372993e-22)
(0.85671004 0.043728833 -1.6329654e-22)
(0.85671108 0.043725864 -1.6291618e-22)
(0.85671206 0.043722929 0)
(0.8567129 0.043720273 6.4862413e-22)
(0.85671353 0.043718168 -8.0889422e-22)
(0.85671397 0.043716624 -3.2285385e-22)
(0.85671433 0.043715396 0)
(0.85671466 0.043714269 -6.4299078e-22)
(0.85671501 0.043713076 8.0203448e-22)
(0.85671545 0.043711583 0)
(0.85671595 0.043709592 2.3957774e-22)
(0.85671742 0.043700555 1.7338847e-22)
(0.85671749 0.043700379 4.0249975e-28)
(0.85671752 0.043700261 6.8968029e-22)
(0.85671756 0.043700154 -3.4396276e-22)
(0.8567176 0.043700053 0)
(0.85671763 0.043699957 0)
(0.85671765 0.043699873 -8.5381472e-22)
(0.85671767 0.043699808 7.6660082e-22)
(0.85671768 0.04369976 8.4984732e-23)
(0.85671769 0.043699722 0)
(0.8567177 0.043699686 0)
(0.85671772 0.043699646 -8.4413221e-23)
(0.85671773 0.043699594 0)
(0.85671775 0.043699523 -1.3444018e-21)
(0.85671778 0.04369932 -2.7459837e-22)
(0.85671778 0.043699313 -1.8258849e-22)
(0.85671778 0.043699309 -1.8208438e-22)
(0.85671778 0.043699305 -3.632599e-22)
(0.85671778 0.043699301 3.6241702e-22)
(0.85671778 0.043699297 3.6156006e-22)
(0.85671779 0.043699294 -1.8033442e-22)
(0.85671779 0.043699292 3.6770522e-30)
(0.85671779 0.043699291 8.9731957e-23)
(0.85671779 0.043699289 7.1615826e-22)
(0.85671779 0.043699288 -7.144395e-22)
(0.85671779 0.043699286 8.9088749e-23)
(0.85671779 0.043699284 -7.1094468e-22)
(0.85671779 0.043699281 2.0389049e-21)
(0.85671779 0.043699276 9.6943371e-23)
(0.85671779 0.043699276 -1.9340837e-22)
(0.85671779 0.043699276 -9.6448159e-23)
(0.85671779 0.043699276 3.8485092e-22)
(0.85671779 0.043699276 -3.8396122e-22)
(0.85671779 0.043699276 -9.5761563e-23)
(0.85671779 0.043699275 0)
(0.85671779 0.043699275 -1.9055737e-22)
(0.85671779 0.043699275 9.5040701e-23)
(0.85671779 0.043699275 -6.6361229e-22)
(0.85671779 0.043699275 7.5646812e-22)
(0.85671779 0.043699275 0)
(0.85671779 0.043699275 7.5248919e-22)
(0.85671779 0.043699275 -6.5666488e-22)
(0.85671779 0.043699275 -2.0606756e-22)
(0.85671779 0.043699275 5.1397834e-22)
(0.85671779 0.043699275 -2.0507329e-22)
(0.85671779 0.043699275 -4.0917073e-22)
(0.85671779 0.043699275 5.1028593e-22)
(0.85671779 0.043699275 1.0181187e-22)
(0.85671779 0.043699275 -8.1241078e-22)
(0.85671779 0.043699275 1.6205451e-21)
(0.85671779 0.043699275 -8.0813675e-22)
(0.85671779 0.043699275 1.8322705e-33)
(0.85671779 0.043699275 -8.0375068e-22)
(0.85671779 0.043699275 8.0149765e-22)
(0.85671779 0.043699275 -9.9898798e-23)
(0.85671779 0.043699275 -1.6933469e-21)
(0.85671779 0.043699275 0)
(0.85671779 0.043699275 2.1941231e-22)
(0.85671779 0.043699275 4.3778248e-22)
(0.85671779 0.043699275 -4.3677155e-22)
(0.85671779 0.043699275 -1.089427e-22)
(0.85671779 0.043699275 -1.0867826e-22)
(0.85671779 0.043699275 1.0839404e-22)
(0.85671779 0.043699275 1.0809741e-22)
(0.85671779 0.043699275 3.5639839e-35)
(0.85671779 0.043699275 -1.0748582e-22)
(0.85671779 0.043699275 7.501708e-22)
(0.85671779 0.043699275 2.6456728e-34)
(0.85671779 0.043699275 -7.4556292e-22)
(0.85671779 0.043699275 0)
(0.85671779 0.043699275 1.1784027e-22)
(0.85671779 0.043699275 -3.528382e-22)
(0.85671779 0.043699275 1.1735293e-22)
(0.85671779 0.043699275 4.6836538e-22)
(0.85671779 0.043699275 -4.6729808e-22)
(0.85671779 0.043699275 1.1653781e-22)
(0.85671779 0.043699275 -9.2980399e-22)
(0.85671779 0.043699275 9.2714821e-22)
(0.85671779 0.043699275 3.7035964e-35)
(0.85671779 0.043699275 0)
(0.85671779 0.043699275 1.1482267e-22)
(0.85671779 0.043699275 -8.0111085e-22)
(0.85671779 0.043699275 9.1244754e-22)
(0.85671779 0.043699275 -1.8185922e-21)
(0.85671779 0.043699275 -3.8088865e-22)
(0.85671779 0.043699275 2.5349497e-22)
(0.85671779 0.043699275 3.7947538e-22)
(0.85671779 0.043699275 -1.0097726e-21)
(0.85671779 0.043699275 6.296788e-22)
(0.85671779 0.043699275 -6.2811382e-22)
(0.85671779 0.043699275 -6.2638366e-22)
(0.85671779 0.043699275 9.992126e-22)
(0.85671779 0.043699275 -1.2450455e-22)
(0.85671779 0.043699275 0)
(0.85671779 0.043699275 0)
(0.85671779 0.043699275 -1.1089011e-21)
(0.85671779 0.043699275 9.8203179e-22)
(0.85671779 0.043699275 0)
(0.85671779 0.043699275 -6.8808235e-23)
(0.85671779 0.043699275 -6.8710338e-23)
(0.85671779 0.043699275 1.3717425e-22)
(0.85671779 0.043699275 0)
(0.85671779 0.043699275 -6.82942e-23)
(0.85671779 0.043699275 6.8121978e-23)
(0.85671779 0.043699275 -1.1547826e-21)
(0.85671779 0.043699275 1.0834238e-21)
(0.85671779 0.043699275 0)
(0.85671779 0.043699275 -1.0085538e-21)
(0.85671779 0.043699275 4.6807428e-34)
(0.85671779 0.043699275 6.6716306e-23)
(0.85671779 0.043699275 1.0631054e-21)
(0.85671779 0.043699275 0)
(0.85671779 0.043699275 -3.0044347e-22)
(0.85671779 0.043699275 -2.8987775e-36)
(0.85671779 0.043699275 2.9965488e-22)
(0.85671779 0.043699275 5.9817141e-22)
(0.85671779 0.043699275 -7.460487e-22)
(0.85671779 0.043699275 -1.7241875e-35)
(0.85671779 0.043699275 -1.1871097e-21)
(0.85671779 0.043699275 1.1091897e-21)
(0.85671779 0.043699275 0)
(0.85671779 0.043699275 -1.4675661e-22)
(0.85671779 0.043699275 1.169129e-21)
(0.85671779 0.043699275 -1.4550331e-22)
(0.85671779 0.043699275 -1.231193e-21)
(0.85671779 0.043699275 -2.378858e-21)
(0.85671779 0.043699275 0)
(0.85671779 0.043699275 0)
(0.85671779 0.043699275 -8.3933081e-23)
(0.85671779 0.043699275 0)
(0.85671779 0.043699275 -1.7302956e-22)
(0.85671779 0.043699275 8.7866121e-23)
(0.85671779 0.043699275 1.7852069e-22)
(0.85671779 0.043699275 -1.8139906e-22)
(0.85671779 0.043699261 0)
(0.85671783 0.043698582 0)
(0.85672042 0.0436448 -3.0854333e-29)
(0.85671779 0.043699275 -4.7716529e-35)
(0.85671779 0.043699275 -1.6775334e-22)
(0.85671779 0.043699275 0)
(0.85671779 0.043699275 1.7287484e-22)
(0.85671779 0.043699275 0)
(0.85671779 0.043699275 8.9159452e-23)
(0.85671779 0.043699275 1.8117157e-22)
(0.85671779 0.043699275 -2.761755e-22)
(0.85671779 0.043699257 -3.7431957e-22)
(0.85671785 0.043698333 -6.9586713e-30)
(0.85672157 0.043642401 9.6778882e-23)
(0.85675068 0.043546272 -9.8456889e-23)
(0.85705793 0.037310246 -2.0043019e-22)
(0.8604895 0.03796482 0)
(0.85671779 0.043699275 -5.0231859e-22)
(0.85671779 0.043699275 -2.2035837e-34)
(0.85671779 0.043699275 0)
(0.85671779 0.043699275 -1.7514803e-22)
(0.85671779 0.043699275 7.9803258e-35)
(0.85671779 0.043699275 1.8069383e-22)
(0.85671779 0.043699275 -3.672011e-22)
(0.85671779 0.043699275 5.5980693e-22)
(0.85671779 0.04369926 1.8970386e-22)
(0.85671783 0.043698891 1.9291027e-22)
(0.8567201 0.043675314 9.8116912e-23)
(0.85676487 0.043609351 9.9852375e-23)
(0.85703469 0.040306498 6.9099438e-26)
(0.86116901 0.041139549 2.0650412e-22)
(0.85671779 0.043699275 -1.6935755e-22)
(0.85671779 0.043699275 1.7188481e-22)
(0.85671779 0.043699275 3.4897728e-22)
(0.85671779 0.043699275 1.7717258e-22)
(0.85671779 0.043699275 1.7994037e-22)
(0.85671779 0.043699275 -3.6559202e-22)
(0.85671779 0.043699275 1.8574375e-22)
(0.85671779 0.043699275 -1.8878812e-22)
(0.85671779 0.043699275 -1.9193394e-22)
(0.85671781 0.043699023 1.9518638e-22)
(0.85671869 0.04369576 0)
(0.85674657 0.043730438 0)
(0.85695799 0.043958669 2.0567425e-22)
(0.86188544 0.04495212 -2.1044342e-22)
(0.85671779 0.043699275 3.4199782e-22)
(0.85671779 0.043699275 -6.9419063e-22)
(0.85671779 0.043699275 3.5234706e-22)
(0.85671779 0.043699275 -5.3664026e-22)
(0.85671779 0.043699275 3.633422e-22)
(0.85671779 0.043699275 0)
(0.85671779 0.043699275 5.0455372e-34)
(0.85671779 0.043699275 -3.8118476e-22)
(0.85671779 0.043699279 1.9376409e-22)
(0.85671774 0.043699734 0)
(0.85671732 0.043719125 0)
(0.85672593 0.043987604 2.039237e-22)
(0.8567065 0.048364485 0)
(0.86239085 0.049497157 0)
(0.85671779 0.043699275 0)
(0.85671779 0.043699275 0)
(0.85671779 0.043699275 1.7750067e-22)
(0.85671779 0.043699275 -1.8021598e-22)
(0.85671779 0.043699275 1.8301566e-22)
(0.85671779 0.043699275 5.5771109e-22)
(0.85671779 0.043699275 -2.5548207e-34)
(0.85671779 0.043699275 1.9196213e-22)
(0.85671779 0.0436993 0)
(0.85671763 0.043700754 -3.9685676e-22)
(0.85671365 0.043747491 2.0182811e-22)
(0.85667873 0.044322168 -2.6035657e-26)
(0.85620867 0.053345026 2.0871e-22)
(0.86219203 0.054544004 2.0944234e-22)
(0.85671779 0.043699275 1.7326289e-22)
(0.85671779 0.043699275 0)
(0.85671779 0.043699275 -1.7845271e-22)
(0.85671779 0.043699275 -1.8116598e-22)
(0.85671779 0.043699275 1.8396304e-22)
(0.85671779 0.043699275 -1.8684782e-22)
(0.85671779 0.043699275 -1.8444625e-34)
(0.85671779 0.043699276 -1.9289759e-22)
(0.85671778 0.043699329 0)
(0.85671741 0.043702183 5.9805531e-22)
(0.85670847 0.043781607 -2.0274403e-22)
(0.85660223 0.044748743 -2.0622781e-22)
(0.85545894 0.058386654 -6.2460263e-22)
(0.86088273 0.059495583 -2.0791747e-22)
(0.85671779 0.043699275 -1.738946e-22)
(0.85671779 0.043699275 -3.5289137e-22)
(0.85671779 0.043699275 3.5814547e-22)
(0.85671779 0.043699275 0)
(0.85671779 0.043699275 -3.6913744e-22)
(0.85671779 0.043699275 3.7489038e-22)
(0.85671779 0.043699275 -3.8082548e-22)
(0.85671779 0.043699277 0)
(0.85671778 0.043699367 0)
(0.8567171 0.043703962 -3.9981246e-22)
(0.85670237 0.043814394 4.7590666e-26)
(0.85651593 0.045222865 2.064679e-22)
(0.85451393 0.062831127 -2.2795269e-25)
(0.8587636 0.063611885 0)
(0.85671779 0.043699275 0)
(0.85671779 0.043699275 -3.5361646e-22)
(0.85671779 0.043699275 3.5885154e-22)
(0.85671779 0.043699275 0)
(0.85671779 0.043699275 0)
(0.85671779 0.043699275 3.7553005e-22)
(0.85671779 0.043699275 -5.7215924e-22)
(0.85671779 0.043699278 2.4648201e-30)
(0.85671777 0.043699405 3.9383447e-22)
(0.85671677 0.043705608 4.0033364e-22)
(0.85669645 0.043840662 -6.1058812e-22)
(0.85643189 0.045645061 2.0694971e-22)
(0.85361948 0.066053693 2.0399437e-22)
(0.85687719 0.066781954 -2.162749e-22)
(0.85671779 0.043699275 -5.8090493e-36)
(0.85671779 0.043699275 8.7376488e-35)
(0.85671779 0.043699275 3.5907628e-22)
(0.85671779 0.043699275 7.28866e-22)
(0.85671779 0.043699275 -3.6995197e-22)
(0.85671779 0.043699275 3.7564066e-22)
(0.85671779 0.043699275 0)
(0.85671779 0.043699278 -3.8755956e-22)
(0.85671777 0.043699441 3.938072e-22)
(0.85671653 0.04370712 4.0025298e-22)
(0.85669301 0.043863754 -2.0346534e-22)
(0.8563598 0.046046467 8.2640584e-22)
(0.85282673 0.068765794 -1.0482954e-24)
(0.85615179 0.06982866 -2.0908047e-22)
(0.85671779 0.043699275 -2.4620251e-22)
(0.85671779 0.043699275 1.6614981e-22)
(0.85671779 0.043699275 -3.3642938e-22)
(0.85671779 0.043699275 2.5549731e-22)
(0.85671779 0.043699275 -8.6251175e-23)
(0.85671779 0.043699275 8.7364604e-23)
(0.85671779 0.043699275 0)
(0.85671779 0.043699275 8.9679985e-23)
(0.85671779 0.043699263 0)
(0.85671778 0.043698478 0)
(0.85671791 0.043670686 0)
(0.85673176 0.043307306 -9.4690582e-23)
(0.85690044 0.036532449 9.6004652e-23)
(0.85883679 0.036332368 1.209184e-23)
(0.85671779 0.043699275 2.4825169e-22)
(0.85671779 0.043699275 0)
(0.85671779 0.043699275 0)
(0.85671779 0.043699275 -8.5885947e-23)
(0.85671779 0.043699275 1.739691e-22)
(0.85671779 0.043699275 0)
(0.85671779 0.043699275 0)
(0.85671779 0.043699275 9.0455719e-23)
(0.85671779 0.043699255 4.5837587e-23)
(0.85671776 0.04369806 1.3939191e-22)
(0.85671757 0.043659462 9.4215034e-23)
(0.85672853 0.0431605 4.5002404e-27)
(0.85683481 0.034513823 -8.4864562e-23)
(0.8587293 0.034301521 -1.0947544e-22)
(0.85671779 0.043699275 -3.3348726e-22)
(0.85671779 0.043699275 1.6880238e-22)
(0.85671779 0.043699275 2.5636893e-22)
(0.85671779 0.043699275 -8.6538139e-23)
(0.85671779 0.043699275 -8.7647711e-23)
(0.85671779 0.043699275 -8.8786106e-23)
(0.85671779 0.043699275 -8.9954462e-23)
(0.85671779 0.043699275 9.1153978e-23)
(0.85671779 0.043699246 -9.2385916e-23)
(0.85671772 0.043697552 -4.6825981e-23)
(0.85671715 0.043647376 -1.4242834e-22)
(0.85672148 0.042991675 1.9255557e-22)
(0.8567393 0.032490194 1.9514167e-22)
(0.85863896 0.032233685 1.9598698e-22)
(0.85671779 0.043699275 -7.6405774e-36)
(0.85671779 0.043699275 -2.5714168e-35)
(0.85671779 0.043699275 -4.3013724e-22)
(0.85671779 0.043699275 0)
(0.85671779 0.043699275 -2.6470694e-22)
(0.85671779 0.043699275 1.7876562e-22)
(0.85671779 0.043699275 9.0560195e-23)
(0.85671779 0.043699274 -1.8353802e-22)
(0.85671779 0.043699234 1.8602106e-22)
(0.85671771 0.043696947 -9.428611e-23)
(0.85671637 0.043634247 -1.911929e-22)
(0.8567095 0.042801656 -4.8513661e-23)
(0.8566086 0.03043663 -1.4738624e-22)
(0.8585607 0.030103278 -9.8758833e-23)
(0.85671779 0.043699275 3.3764432e-22)
(0.85671779 0.043699275 1.7090724e-22)
(0.85671779 0.043699275 -8.8335836e-35)
(0.85671779 0.043699275 0)
(0.85671779 0.043699275 1.774834e-22)
(0.85671779 0.043699275 -1.7978938e-22)
(0.85671779 0.043699275 1.8215606e-22)
(0.85671779 0.043699274 9.2292945e-23)
(0.85671779 0.04369922 9.3540708e-23)
(0.85671766 0.043696234 0)
(0.85671532 0.043619909 1.9227932e-22)
(0.85669413 0.042586832 9.7365864e-23)
(0.85643831 0.028303442 -2.4795782e-22)
(0.85849192 0.027879849 -2.4751256e-22)
(0.85671779 0.043699275 -3.3926825e-22)
(0.85671779 0.043699275 -1.7172419e-22)
(0.85671779 0.043699275 5.2159919e-22)
(0.85671779 0.043699275 -7.654562e-35)
(0.85671779 0.043699275 -1.7831526e-22)
(0.85671779 0.043699275 3.6125235e-22)
(0.85671779 0.043699275 -3.6599555e-22)
(0.85671779 0.043699274 0)
(0.85671779 0.043699203 -1.8793285e-22)
(0.85671759 0.043695391 -9.5249976e-23)
(0.85671402 0.043604216 2.8970975e-22)
(0.85667235 0.04234196 9.7774496e-23)
(0.85621989 0.02606427 2.2712333e-24)
(0.85840027 0.025537755 3.002303e-22)
(0.85671779 0.043699275 0)
(0.85671779 0.043699275 0)
(0.85671779 0.043699275 -9.2278269e-35)
(0.85671779 0.043699275 0)
(0.85671779 0.043699275 0)
(0.85671779 0.043699275 -3.625187e-22)
(0.85671779 0.043699275 4.0769617e-34)
(0.85671779 0.043699273 0)
(0.85671778 0.043699182 0)
(0.8567175 0.043694407 -9.556013e-23)
(0.85671232 0.043587232 -1.9373385e-22)
(0.85664305 0.0420642 1.7529434e-25)
(0.85594305 0.023726215 -2.4459447e-24)
(0.85823528 0.023086951 -3.9856057e-22)
(0.85671779 0.043699275 -1.7073263e-22)
(0.85671779 0.043699275 0)
(0.85671779 0.043699275 -1.7494713e-22)
(0.85671779 0.043699275 -3.1071894e-35)
(0.85671779 0.043699275 -3.5874992e-22)
(0.85671779 0.043699275 -3.6334801e-22)
(0.85671779 0.043699275 3.6806549e-22)
(0.85671779 0.043699273 0)
(0.85671778 0.043699158 9.4469412e-23)
(0.85671739 0.043693306 -9.5745669e-23)
(0.85671023 0.043569202 -1.9411033e-22)
(0.85660703 0.041758988 9.8195797e-23)
(0.8556041 0.021327831 9.9417354e-23)
(0.8580991 0.020536691 1.9876614e-22)
(0.85671779 0.043699275 1.7098339e-22)
(0.85671779 0.043699275 1.7304893e-22)
(0.85671779 0.043699275 -3.5032996e-22)
(0.85671779 0.043699275 3.5466684e-22)
(0.85671779 0.043699275 -1.2875852e-34)
(0.85671779 0.043699275 1.8183546e-22)
(0.85671779 0.043699275 -1.8417331e-22)
(0.85671779 0.043699272 1.8657205e-22)
(0.85671778 0.043699129 -3.7806819e-22)
(0.85671724 0.043692017 -1.9156189e-22)
(0.85670766 0.0435493 1.183785e-27)
(0.85655861 0.041404709 0)
(0.85517717 0.01874337 -1.9890874e-22)
(0.8580151 0.017745942 2.9542389e-22)
(0.85671779 0.043699275 0)
(0.85671779 0.043699275 -1.7303816e-22)
(0.85671779 0.043699275 3.5025549e-22)
(0.85671779 0.043699275 -3.5453683e-22)
(0.85671779 0.043699275 6.6387741e-35)
(0.85671779 0.043699275 -1.8171069e-22)
(0.85671779 0.043699275 1.8401638e-22)
(0.85671779 0.043699271 0)
(0.85671778 0.043699091 2.1342952e-30)
(0.85671706 0.043690365 6.3286829e-29)
(0.85670537 0.043527376 -1.9378609e-22)
(0.85649993 0.040954557 7.4854101e-26)
(0.85464105 0.015923136 3.9698437e-22)
(0.85776483 0.014703106 -1.9737737e-22)
(0.85671779 0.043699275 -6.7741073e-22)
(0.85671779 0.043699275 -8.4593903e-22)
(0.85671779 0.043699275 8.448122e-22)
(0.85671779 0.043699275 -1.6867538e-22)
(0.85671779 0.043699275 3.3664876e-22)
(0.85671779 0.043699275 -3.358158e-22)
(0.85671779 0.043699275 -1.6742967e-22)
(0.85671779 0.043699275 1.7203834e-22)
(0.85671779 0.043699275 0)
(0.85671779 0.043699275 1.7178302e-22)
(0.85671779 0.043699275 -1.0293867e-21)
(0.85671779 0.043699275 1.1989775e-21)
(0.85671779 0.043699275 -3.4187017e-22)
(0.85671779 0.043699275 -3.4103986e-22)
(0.85671779 0.043699275 8.5019554e-22)
(0.85671779 0.043699275 2.687379e-34)
(0.85671779 0.043699275 1.3968472e-21)
(0.85671779 0.043699275 -6.9783639e-22)
(0.85671779 0.043699275 1.3742971e-34)
(0.85671779 0.043699275 3.4794294e-22)
(0.85671779 0.043699275 -6.945122e-22)
(0.85671779 0.043699275 3.4642902e-22)
(0.85671779 0.043699275 -5.1819352e-22)
(0.85671779 0.043699275 7.0979326e-22)
(0.85671779 0.043699275 -7.0974114e-22)
(0.85671779 0.043699275 7.0942657e-22)
(0.85671779 0.043699275 1.7721987e-22)
(0.85671779 0.043699275 1.0797239e-34)
(0.85671779 0.043699275 -5.3023867e-22)
(0.85671779 0.043699275 3.5281446e-22)
(0.85671779 0.043699275 0)
(0.85671779 0.043699275 3.510197e-22)
(0.85671779 0.043699275 1.8026105e-22)
(0.85671779 0.043699275 5.4078828e-22)
(0.85671779 0.043699275 7.3541002e-34)
(0.85671779 0.043699275 -1.4405554e-21)
(0.85671779 0.043699275 8.9937313e-22)
(0.85671779 0.043699275 5.3883276e-22)
(0.85671779 0.043699275 -5.3783047e-22)
(0.85671779 0.043699275 0)
(0.85671779 0.043699275 1.7837939e-22)
(0.85671779 0.043699275 5.4929168e-22)
(0.85671779 0.043699275 -3.6632878e-22)
(0.85671779 0.043699275 1.8318181e-22)
(0.85671779 0.043699275 -1.831266e-22)
(0.85671779 0.043699275 -9.1506055e-22)
(0.85671779 0.043699275 9.141326e-22)
(0.85671779 0.043699275 0)
(0.85671779 0.043699275 1.8224132e-22)
(0.85671779 0.043699275 3.6366928e-22)
(0.85671779 0.043699275 -1.8134432e-22)
(0.85671779 0.043699275 7.443182e-22)
(0.85671779 0.043699275 -3.7232557e-22)
(0.85671779 0.043699275 1.8619695e-22)
(0.85671779 0.043699275 1.861547e-22)
(0.85671779 0.043699275 7.442103e-22)
(0.85671779 0.043699275 -1.6728923e-21)
(0.85671779 0.043699275 3.7125646e-22)
(0.85671779 0.043699275 3.7061101e-22)
(0.85671779 0.043699275 0)
(0.85671779 0.043699275 3.6881895e-22)
(0.85671779 0.043699256 1.8900261e-22)
(0.85671779 0.043699257 -7.5664255e-22)
(0.85671779 0.043699258 7.5704392e-22)
(0.85671779 0.043699259 -1.8931301e-22)
(0.85671779 0.04369926 7.5713848e-22)
(0.85671779 0.043699262 -1.7027619e-21)
(0.85671779 0.043699263 1.5122467e-21)
(0.85671779 0.043699264 -7.5516261e-22)
(0.85671779 0.043699266 0)
(0.85671779 0.043699267 3.7614881e-22)
(0.85671779 0.043699269 -3.7516007e-22)
(0.85671767 0.043698596 -1.9216748e-22)
(0.85671768 0.04369863 0)
(0.85671769 0.043698667 5.7739211e-22)
(0.8567177 0.043698707 -7.7014052e-22)
(0.8567177 0.043698748 0)
(0.85671771 0.04369879 1.9244699e-22)
(0.85671772 0.043698833 0)
(0.85671773 0.043698876 0)
(0.85671774 0.04369892 -3.8350751e-22)
(0.85671775 0.043698965 3.8271535e-22)
(0.85671776 0.043699021 3.8172304e-22)
(0.85671287 0.043672944 7.8076169e-22)
(0.85671317 0.043673947 -7.8175887e-22)
(0.85671349 0.043675064 7.8255582e-22)
(0.85671383 0.043676301 0)
(0.85671418 0.043677631 -1.9586009e-22)
(0.85671452 0.043678993 0)
(0.85671487 0.043680441 7.8324647e-22)
(0.85671521 0.043681907 9.7832104e-23)
(0.85671553 0.043683396 -7.8179954e-22)
(0.85671585 0.043684887 3.9029789e-22)
(0.85671617 0.043686425 -7.7902971e-22)
(0.85671655 0.043688194 7.770388e-22)
(0.85665101 0.043334083 1.9854776e-22)
(0.85665493 0.043344384 5.9656718e-22)
(0.85665909 0.043356075 -5.9722733e-22)
(0.85666349 0.043369242 0)
(0.85666803 0.043383749 -5.9792137e-22)
(0.85667247 0.043398957 1.5946347e-21)
(0.85667706 0.043415341 -7.971466e-22)
(0.85668149 0.043432387 -8.9622818e-22)
(0.85668585 0.043450123 6.963726e-22)
(0.85669011 0.043468321 3.9732071e-22)
(0.85669453 0.043487046 2.3664853e-27)
(0.85669942 0.043506801 2.580536e-27)
(0.85545458 0.037046667 2.0163396e-22)
(0.85553696 0.03724483 0)
(0.8556216 0.037467934 -6.063567e-22)
(0.85570956 0.037712632 1.618201e-21)
(0.85580055 0.037979715 -8.1036409e-22)
(0.855893 0.038269417 8.1098299e-22)
(0.85597845 0.038563272 -7.101402e-22)
(0.8560598 0.038877145 8.1110261e-22)
(0.8561351 0.039196768 5.0610338e-26)
(0.85620821 0.039523454 -1.0126668e-21)
(0.85627934 0.03985149 4.0439237e-22)
(0.85634862 0.040179655 -1.0062078e-22)
(0.85641524 0.040521707 3.0229312e-22)
(0.84759748 -0.0031739525 1.625437e-21)
(0.84798068 -0.0025397597 -1.4376365e-21)
(0.84842527 -0.0017630109 8.1598935e-22)
(0.84889767 -0.00085309501 0)
(0.84939346 0.00017717446 -1.091464e-22)
(0.84991226 0.0013376394 0)
(0.85045478 0.0026319102 0)
(0.85100522 0.0039978821 -1.022163e-21)
(0.85157713 0.0054914628 9.1915892e-22)
(0.85212715 0.007075116 9.7766812e-23)
(0.85266285 0.0087545632 -4.1584233e-22)
(0.8531628 0.010501164 4.1015948e-22)
(0.85361442 0.012261898 1.0272012e-22)
(0.85402404 0.013999871 -2.0829467e-22)
(0.84840609 -0.0051701815 0)
(0.84914011 -0.0046097997 -2.1302507e-22)
(0.84996545 -0.0038968158 0)
(0.85076906 -0.0030169105 -1.0025694e-22)
(0.85159674 -0.0020112529 -6.4070633e-24)
(0.85248034 -0.00086582677 0)
(0.85328933 0.0004607578 -1.0099712e-22)
(0.85408072 0.0018668929 -7.0436624e-22)
(0.85493084 0.0033990189 7.0198592e-22)
(0.85570838 0.0050444415 -1.0685721e-22)
(0.85644031 0.0067992551 -1.0670031e-22)
(0.85698917 0.0086644575 0)
(0.85729793 0.010594467 1.0162817e-22)
(0.8574491 0.012535498 -1.0594244e-22)
)
;

boundaryField
{
    Side
    {
        type            empty;
    }
    Inlet
    {
        type            inletOutlet;
        inletValue      uniform (0.85671779 0.043699275 0);
        value           nonuniform List<vector> 
42
(
(0.85671779 0.043699275 0)
(0.85671779 0.043699275 0)
(0.85671779 0.043699275 6.6559037e-25)
(0.85671779 0.043699275 0)
(0.85671779 0.043699275 0)
(0.85671779 0.043699275 6.6435666e-25)
(0.85671779 0.043699275 0)
(0.85671779 0.043699275 0)
(0.85671779 0.043699275 0)
(0.85671779 0.043699275 6.6271881e-25)
(0.85671779 0.043699275 -6.6231061e-25)
(0.85671779 0.043699275 0)
(0.85671779 0.043699275 0)
(0.85671779 0.043699275 -6.6050242e-25)
(0.85671779 0.043699275 -6.6009658e-25)
(0.85671779 0.043699275 -6.5969124e-25)
(0.85671779 0.043699275 0)
(0.85671779 0.043699275 -6.5888206e-25)
(0.85671779 0.043699275 0)
(0.85671779 0.043699275 0)
(0.85671779 0.043699275 0)
(0.85671779 0.043699275 0)
(0.85671779 0.043699275 0)
(0.85671779 0.043699275 0)
(0.85671779 0.043699275 0)
(0.85671779 0.043699275 0)
(0.85671779 0.043699275 0)
(0.85671779 0.043699275 0)
(0.85671779 0.043699275 0)
(0.85671779 0.043699275 0)
(0.85671779 0.043699275 0)
(0.85671779 0.043699275 0)
(0.85671779 0.043699275 0)
(0.85671779 0.043699275 0)
(0.85671779 0.043699275 0)
(0.85671779 0.043699275 0)
(0.85671779 0.043699275 0)
(0.85671779 0.043699275 0)
(0.85671779 0.043699275 0)
(0.85671779 0.043699275 0)
(0.85671779 0.043699275 0)
(0.85671779 0.043699275 0)
)
;
    }
    Airfoil
    {
        type            noSlip;
    }
    Outlet
    {
        type            zeroGradient;
    }
    Flap
    {
        type            noSlip;
    }
    procBoundary1to0
    {
        type            processor;
        value           nonuniform List<vector> 
58
(
(0.85671779 0.043699275 -6.6682868e-25)
(0.85671779 0.043699275 6.6682831e-25)
(0.85671779 0.043699275 0)
(0.85671779 0.043699275 0)
(0.85671779 0.043699275 0)
(0.85671779 0.043699275 0)
(0.85671779 0.043699275 0)
(0.85671779 0.043699275 5.3313026e-24)
(0.85671779 0.043699275 5.3313026e-24)
(0.85671779 0.043699275 5.0589109e-36)
(0.85671779 0.043699275 -5.3312968e-24)
(0.85671779 0.043699275 0)
(0.85671779 0.043699275 0)
(0.85671779 0.043699275 0)
(0.85671779 0.043699275 0)
(0.85671779 0.043699275 0)
(0.85671779 0.043699275 0)
(0.85671779 0.043699275 -2.1279055e-23)
(0.85671779 0.043699275 2.1279078e-23)
(0.85671779 0.043699275 0)
(0.85671779 0.043699275 -1.0639563e-23)
(0.85671779 0.043699275 1.0639574e-23)
(0.85671779 0.043699275 0)
(0.85671779 0.043699275 0)
(0.85671779 0.043699275 0)
(0.85671779 0.043699275 0)
(0.85671779 0.043699275 0)
(0.85671779 0.043699275 0)
(0.85671779 0.043699275 0)
(0.85671779 0.043699275 8.0285295e-23)
(0.85671779 0.043699275 0)
(0.85671779 0.043699275 5.0381096e-36)
(0.85671779 0.043699275 1.6779555e-22)
(0.85671779 0.043699275 -2.5552584e-22)
(0.85671779 0.043699275 4.3246144e-22)
(0.85671779 0.043699275 -2.4520005e-35)
(0.85671779 0.043699275 -1.7850478e-22)
(0.85671779 0.04369926 2.7209872e-22)
(0.85671783 0.043698623 0)
(0.85672018 0.043640494 -1.159685e-26)
(0.85673118 0.043465739 9.6962749e-23)
(0.85673118 0.043465739 9.6962749e-23)
(0.85701823 0.03478882 -4.9925783e-23)
(0.85993875 0.035378549 3.7409621e-23)
(0.85671779 0.043699275 -4.0662692e-23)
(0.85671779 0.043699275 0)
(0.85671779 0.043699275 -4.1668724e-23)
(0.85671779 0.043699275 -4.2190641e-23)
(0.85671779 0.043699275 1.281774e-22)
(0.85671779 0.043699275 -8.6549414e-23)
(0.85671779 0.043699275 0)
(0.85671779 0.043699275 1.3324785e-22)
(0.85671779 0.043699268 -4.2101116e-33)
(0.85671779 0.0436988 -2.2809483e-23)
(0.85671808 0.043680874 5.7807128e-23)
(0.8567328 0.043434583 5.8609984e-23)
(0.8569318 0.038531543 9.5050654e-23)
(0.85895063 0.038358388 -9.5694541e-23)
)
;
    }
    procBoundary1to2
    {
        type            processor;
        value           nonuniform List<vector> 
73
(
(0.85671779 0.043699275 -6.5847821e-25)
(0.85671779 0.043699275 1.9754325e-24)
(0.85671779 0.043699275 -1.3169536e-24)
(0.85671779 0.043699275 -2.6339043e-24)
(0.85671779 0.043699275 7.9017042e-24)
(0.85671779 0.043699275 -5.267797e-24)
(0.85671779 0.043699275 -5.2677913e-24)
(0.85671779 0.043699275 1.0535571e-23)
(0.85671779 0.043699275 -5.2677799e-24)
(0.85671779 0.043699275 1.0535548e-23)
(0.85671779 0.043699275 -1.0535537e-23)
(0.85671779 0.043699275 0)
(0.85671779 0.043699275 1.0535514e-23)
(0.85671779 0.043699275 -1.0535502e-23)
(0.84721946 -0.0036702918 9.1819847e-22)
(0.84778327 -0.0055916157 -1.0082135e-21)
(0.85671779 0.043699275 -7.5667024e-22)
(0.85671779 0.043699275 7.4144415e-22)
(0.85671779 0.043699275 -7.5667024e-22)
(0.85671779 0.043699275 7.7253473e-22)
(0.85671779 0.043699275 0)
(0.85671779 0.043699275 0)
(0.85671779 0.043699275 0)
(0.85671779 0.043699275 0)
(0.85671779 0.043699275 -8.8331171e-34)
(0.85671779 0.043699275 8.4325416e-22)
(0.85671779 0.043699275 8.4325416e-22)
(0.85671779 0.043699275 0)
(0.85671779 0.043699275 0)
(0.85671779 0.043699275 0)
(0.85671779 0.043699275 0)
(0.85671779 0.043699275 0)
(0.85671779 0.043699275 0)
(0.85671779 0.043699275 0)
(0.85671779 0.043699275 1.9044271e-21)
(0.85671779 0.043699275 1.9044271e-21)
(0.85671779 0.043699275 0)
(0.85671779 0.043699275 0)
(0.85671779 0.043699275 -2.0082224e-21)
(0.85671779 0.043699275 -2.0082224e-21)
(0.83201676 0.094288815 -2.6283673e-23)
(0.84025285 0.094017497 8.3484746e-23)
(0.85481967 0.050772138 -2.2404352e-22)
(0.85658136 0.044173209 1.1322197e-22)
(0.85670936 0.043732716 -5.7121298e-23)
(0.85671755 0.043700287 0)
(0.85671778 0.04369931 -2.9039478e-23)
(0.85671779 0.043699276 -5.8567919e-23)
(0.85671779 0.043699275 5.9065185e-23)
(0.85671779 0.043699275 0)
(0.85671779 0.043699275 0)
(0.85671779 0.043699275 -1.5152226e-23)
(0.85671779 0.043699275 -1.5284894e-23)
(0.85671779 0.043699275 0)
(0.85671779 0.043699275 -5.0838342e-22)
(0.85671779 0.043699275 -5.0838342e-22)
(0.85671779 0.043699275 0)
(0.85671779 0.043699275 6.9888803e-22)
(0.85671779 0.043699275 6.9888803e-22)
(0.85671779 0.043699275 8.8705231e-22)
(0.85671779 0.043699275 -9.0104496e-22)
(0.85671779 0.043699275 -9.0104496e-22)
(0.85671779 0.043699275 7.319026e-22)
(0.85671779 0.043699275 0)
(0.85671779 0.043699275 0)
(0.85671779 0.043699255 -3.7758799e-22)
(0.85671766 0.043698565 3.8387551e-22)
(0.85671766 0.043698565 3.8387551e-22)
(0.85671259 0.043672068 1.5591598e-21)
(0.85664736 0.04332532 0)
(0.85664736 0.04332532 0)
(0.85539119 0.036882169 0)
(0.85539119 0.036882169 0)
)
;
    }
}


// ************************************************************************* //
