/*--------------------------------*- C++ -*----------------------------------*\
| =========                 |                                                 |
| \\      /  F ield         | OpenFOAM: The Open Source CFD Toolbox           |
|  \\    /   O peration     | Version:  2206                                  |
|   \\  /    A nd           | Website:  www.openfoam.com                      |
|    \\/     M anipulation  |                                                 |
\*---------------------------------------------------------------------------*/
FoamFile
{
    version     2.0;
    format      ascii;
    arch        "LSB;label=32;scalar=64";
    class       volVectorField;
    location    "0.01";
    object      U;
}
// * * * * * * * * * * * * * * * * * * * * * * * * * * * * * * * * * * * * * //

dimensions      [0 1 -1 0 0 0 0];

internalField   nonuniform List<vector> 
1396
(
(0.85671779 0.043699275 0)
(0.85671779 0.043699275 0)
(0.85671779 0.043699275 0)
(0.85671779 0.043699275 0)
(0.85671779 0.043699275 0)
(0.85671779 0.043699275 0)
(0.85671779 0.043699275 0)
(0.85671779 0.043699275 0)
(0.85671779 0.043699275 0)
(0.85671779 0.043699275 0)
(0.85671779 0.043699275 -4.7324578e-24)
(0.85671779 0.043699275 4.7324531e-24)
(0.85671779 0.043699275 -9.464897e-24)
(0.85671779 0.043699275 9.4648878e-24)
(0.85671779 0.043699275 0)
(0.85671779 0.043699275 9.4648693e-24)
(0.85671779 0.043699275 -9.4648601e-24)
(0.85671779 0.043699275 0)
(0.85671779 0.043699275 0)
(0.85671779 0.043699275 0)
(0.85671779 0.043699275 1.8929646e-23)
(0.85671779 0.043699275 1.1823856e-24)
(0.85671779 0.043699275 -1.1823844e-24)
(0.85671779 0.043699275 0)
(0.85671779 0.043699275 0)
(0.85671779 0.043699275 9.4590475e-24)
(0.85671779 0.043699275 -9.4590383e-24)
(0.85671779 0.043699275 0)
(0.85671779 0.043699275 0)
(0.85671779 0.043699275 0)
(0.85671779 0.043699275 -1.8918003e-23)
(0.85671779 0.043699275 1.8917984e-23)
(0.85671779 0.043699275 0)
(0.85671779 0.043699275 0)
(0.85671779 0.043699275 -1.8917929e-23)
(0.85671779 0.043699275 0)
(0.85671779 0.043699275 0)
(0.85671779 0.043699275 0)
(0.85671779 0.043699275 0)
(0.85671779 0.043699275 0)
(0.85671779 0.043699275 0)
(0.85671779 0.043699275 0)
(0.85671779 0.043699275 9.4531684e-24)
(0.85671779 0.043699275 -9.4531592e-24)
(0.85671779 0.043699275 0)
(0.85671779 0.043699275 0)
(0.85671779 0.043699275 0)
(0.85671779 0.043699275 -1.8906245e-23)
(0.85671779 0.043699275 3.7812452e-23)
(0.85671779 0.043699275 0)
(0.85671779 0.043699275 0)
(0.85671779 0.043699275 0)
(0.85671779 0.043699275 -4.7236805e-24)
(0.85671779 0.043699275 4.7236759e-24)
(0.85671779 0.043699275 0)
(0.85671779 0.043699275 0)
(0.85671779 0.043699275 0)
(0.85671779 0.043699275 9.4473149e-24)
(0.85671779 0.043699275 -9.4473057e-24)
(0.85671779 0.043699275 0)
(0.85671779 0.043699275 0)
(0.85671779 0.043699275 0)
(0.85671779 0.043699275 1.8894538e-23)
(0.85671779 0.043699275 1.1801939e-24)
(0.85671779 0.043699275 -3.5405784e-24)
(0.85671779 0.043699275 2.3603833e-24)
(0.85671779 0.043699275 0)
(0.85671779 0.043699275 9.4415147e-24)
(0.85671779 0.043699275 -9.4415055e-24)
(0.85671779 0.043699275 0)
(0.85671779 0.043699275 0)
(0.85671779 0.043699275 0)
(0.85671779 0.043699275 -1.8882937e-23)
(0.85671779 0.043699275 1.8882919e-23)
(0.85671779 0.043699275 0)
(0.85671779 0.043699275 0)
(0.85671779 0.043699275 -1.8882864e-23)
(0.85671779 0.043699275 0)
(0.85671779 0.043699275 0)
(0.85671779 0.043699275 0)
(0.85671779 0.043699275 0)
(0.85671779 0.043699275 0)
(0.85671779 0.043699275 0)
(0.85671779 0.043699275 0)
(0.85671779 0.043699275 9.4356574e-24)
(0.85671779 0.043699275 -1.8238148e-36)
(0.85671779 0.043699275 -9.435639e-24)
(0.85671779 0.043699275 0)
(0.85671779 0.043699275 0)
(0.85671779 0.043699275 0)
(0.85671779 0.043699275 1.8871204e-23)
(0.85671779 0.043699275 0)
(0.85671779 0.043699275 0)
(0.85671779 0.043699275 0)
(0.85671779 0.043699275 -4.7149357e-24)
(0.85671779 0.043699275 1.4144793e-23)
(0.85671779 0.043699275 -9.4298531e-24)
(0.85671779 0.043699275 0)
(0.85671779 0.043699275 0)
(0.85671779 0.043699275 9.4298256e-24)
(0.85671779 0.043699275 -9.4298164e-24)
(0.85671779 0.043699275 0)
(0.85671779 0.043699275 0)
(0.85671779 0.043699275 -1.8859578e-23)
(0.85671779 0.043699275 1.8859559e-23)
(0.85671779 0.043699275 0)
(0.85671779 0.043699275 0)
(0.85671779 0.043699275 0)
(0.85671779 0.043699275 0)
(0.85671779 0.043699275 0)
(0.85671779 0.043699275 0)
(0.85671779 0.043699275 0)
(0.85671779 0.043699275 9.4240194e-24)
(0.85671779 0.043699275 -9.4240102e-24)
(0.85671779 0.043699275 0)
(0.85671779 0.043699275 0)
(0.85671779 0.043699275 0)
(0.85671779 0.043699275 0)
(0.85671779 0.043699275 1.8847929e-23)
(0.85671779 0.043699275 1.1772844e-24)
(0.85671779 0.043699275 -1.1772833e-24)
(0.85671779 0.043699275 0)
(0.85671779 0.043699275 0)
(0.85671779 0.043699275 9.4182385e-24)
(0.85671779 0.043699275 -9.4182294e-24)
(0.85671779 0.043699275 0)
(0.85671779 0.043699275 0)
(0.85671779 0.043699275 0)
(0.85671779 0.043699275 0)
(0.85671779 0.043699275 0)
(0.85671779 0.043699275 0)
(0.85671779 0.043699275 0)
(0.85671779 0.043699275 -1.8836312e-23)
(0.85671779 0.043699275 -1.1765592e-24)
(0.85671779 0.043699275 3.5296743e-24)
(0.85671779 0.043699275 -2.3531139e-24)
(0.85671779 0.043699275 0)
(0.85671779 0.043699275 9.4124374e-24)
(0.85671779 0.043699275 -9.4124283e-24)
(0.85671779 0.043699275 -9.4124191e-24)
(0.85671779 0.043699275 1.882482e-23)
(0.85671779 0.043699275 -9.4124008e-24)
(0.85671779 0.043699275 0)
(0.85671779 0.043699275 0)
(0.85671779 0.043699275 0)
(0.85671779 0.043699275 1.8824729e-23)
(0.85671779 0.043699275 -1.882471e-23)
(0.85671779 0.043699275 0)
(0.85671779 0.043699275 2.3479612e-24)
(0.85671779 0.043699275 -2.3479566e-24)
(0.85671779 0.043699275 0)
(0.85671779 0.043699275 9.39179e-24)
(0.85671779 0.043699275 -9.3917718e-24)
(0.85671779 0.043699275 0)
(0.85671779 0.043699275 0)
(0.85671779 0.043699275 -9.3917172e-24)
(0.85671779 0.043699275 9.391699e-24)
(0.85671779 0.043699275 0)
(0.85671779 0.043699275 0)
(0.85671779 0.043699275 0)
(0.85671779 0.043699275 1.8783252e-23)
(0.85671779 0.043699275 0)
(0.85671779 0.043699275 -2.3465167e-24)
(0.85671779 0.043699275 2.3465121e-24)
(0.85671779 0.043699275 -4.6930152e-24)
(0.85671779 0.043699275 -4.6930061e-24)
(0.85671779 0.043699275 9.385994e-24)
(0.85671779 0.043699275 9.3859758e-24)
(0.85671779 0.043699275 -1.8771915e-23)
(0.85671779 0.043699275 9.3859395e-24)
(0.85671779 0.043699275 0)
(0.85671779 0.043699275 0)
(0.85671779 0.043699275 0)
(0.85671779 0.043699275 0)
(0.85671779 0.043699275 0)
(0.85671779 0.043699275 -1.1725393e-24)
(0.85671779 0.043699275 3.517611e-24)
(0.85671779 0.043699275 -2.3450695e-24)
(0.85671779 0.043699275 0)
(0.85671779 0.043699275 0)
(0.85671779 0.043699275 0)
(0.85671779 0.043699275 0)
(0.85671779 0.043699275 0)
(0.85671779 0.043699275 0)
(0.85671779 0.043699275 1.8760302e-23)
(0.85671779 0.043699275 -1.8760265e-23)
(0.85671779 0.043699275 0)
(0.85671779 0.043699275 -1.8760193e-23)
(0.85671779 0.043699275 1.8760156e-23)
(0.85671779 0.043699275 -1.1718188e-24)
(0.85671779 0.043699275 -1.1718166e-24)
(0.85671779 0.043699275 -2.3436286e-24)
(0.85671779 0.043699275 9.3744962e-24)
(0.85671779 0.043699275 -4.687239e-24)
(0.85671779 0.043699275 0)
(0.85671779 0.043699275 0)
(0.85671779 0.043699275 0)
(0.85671779 0.043699275 -9.3744055e-24)
(0.85671779 0.043699275 -9.3743874e-24)
(0.85671779 0.043699275 1.8748738e-23)
(0.85671779 0.043699275 0)
(0.85671779 0.043699275 -1.8748666e-23)
(0.85671779 0.043699275 1.874863e-23)
(0.85671779 0.043699275 -1.1710993e-24)
(0.85671779 0.043699275 3.513291e-24)
(0.85671779 0.043699275 -2.3421895e-24)
(0.85671779 0.043699275 -4.6843699e-24)
(0.85671779 0.043699275 1.4053083e-23)
(0.85671779 0.043699275 -9.3687036e-24)
(0.85671779 0.043699275 -9.3686855e-24)
(0.85671779 0.043699275 1.8737335e-23)
(0.85671779 0.043699275 -9.3686493e-24)
(0.85671779 0.043699275 0)
(0.85671779 0.043699275 0)
(0.85671779 0.043699275 0)
(0.85671779 0.043699275 -1.8737154e-23)
(0.85671779 0.043699275 1.8737117e-23)
(0.85671779 0.043699275 0)
(0.85671779 0.043699275 -2.3407567e-24)
(0.85671779 0.043699275 2.3407521e-24)
(0.85671779 0.043699275 0)
(0.85671779 0.043699275 9.3629724e-24)
(0.85671779 0.043699275 -9.3629543e-24)
(0.85671779 0.043699275 0)
(0.85671779 0.043699275 0)
(0.85671779 0.043699275 0)
(0.85671779 0.043699275 1.8725764e-23)
(0.85671779 0.043699275 -1.8725728e-23)
(0.85671779 0.043699275 0)
(0.85671779 0.043699275 0)
(0.85671779 0.043699275 0)
(0.85671779 0.043699275 -1.1696628e-24)
(0.85671779 0.043699275 3.5089816e-24)
(0.85671779 0.043699275 -2.3393165e-24)
(0.85671779 0.043699275 -4.6786241e-24)
(0.85671779 0.043699275 1.4035845e-23)
(0.85671779 0.043699275 -9.357212e-24)
(0.85671779 0.043699275 -9.3571939e-24)
(0.85671779 0.043699275 9.3571758e-24)
(0.85671779 0.043699275 0)
(0.85671779 0.043699275 1.8714279e-23)
(0.85671779 0.043699275 -1.8714243e-23)
(0.85671779 0.043699275 0)
(0.85671779 0.043699275 -1.8714171e-23)
(0.85671779 0.043699275 1.8714135e-23)
(0.85671779 0.043699275 3.7339019e-23)
(0.85671779 0.043699275 -3.7384693e-23)
(0.85671779 0.043699275 3.7430479e-23)
(0.85671779 0.043699275 -3.7476377e-23)
(0.85671779 0.043699275 0)
(0.85671779 0.043699275 0)
(0.85671779 0.043699275 0)
(0.85671779 0.043699275 0)
(0.85671779 0.043699275 3.7707566e-23)
(0.85671779 0.043699275 0)
(0.85671779 0.043699275 -3.7339091e-23)
(0.85671779 0.043699275 3.7384765e-23)
(0.85671779 0.043699275 3.7430551e-23)
(0.85671779 0.043699275 0)
(0.85671779 0.043699275 0)
(0.85671779 0.043699275 3.7568584e-23)
(0.85671779 0.043699275 0)
(0.85671779 0.043699275 0)
(0.85671779 0.043699275 0)
(0.85671779 0.043699275 0)
(0.85671779 0.043699275 0)
(0.85671779 0.043699275 0)
(0.85671779 0.043699275 -3.7430624e-23)
(0.85671779 0.043699275 -3.7476522e-23)
(0.85671779 0.043699275 0)
(0.85671779 0.043699275 -3.7568657e-23)
(0.85671779 0.043699275 -3.7614895e-23)
(0.85671779 0.043699275 0)
(0.85671779 0.043699275 -3.7707712e-23)
(0.85671779 0.043699275 0)
(0.85671779 0.043699275 0)
(0.85671779 0.043699275 0)
(0.85671779 0.043699275 3.7430696e-23)
(0.85671779 0.043699275 7.4953189e-23)
(0.85671779 0.043699275 -3.7522606e-23)
(0.85671779 0.043699275 0)
(0.85671779 0.043699275 7.5229935e-23)
(0.85671779 0.043699275 -3.766132e-23)
(0.85671779 0.043699275 7.5415571e-23)
(0.85671779 0.043699275 3.7754367e-23)
(0.85671779 0.043699275 1.8669654e-23)
(0.85671779 0.043699275 0)
(0.85671779 0.043699275 -3.7430768e-23)
(0.85671779 0.043699275 -3.7476667e-23)
(0.85671779 0.043699275 5.6284017e-23)
(0.85671779 0.043699275 0)
(0.85671779 0.043699275 -1.880752e-23)
(0.85671779 0.043699275 3.7661393e-23)
(0.85671779 0.043699275 -3.7707859e-23)
(0.85671779 0.043699275 -3.775444e-23)
(0.85671779 0.043699275 -1.866969e-23)
(0.85671779 0.043699275 0)
(0.85671779 0.043699275 0)
(0.85671779 0.043699275 -1.873837e-23)
(0.85671779 0.043699275 -3.7522751e-23)
(0.85671779 0.043699275 0)
(0.85671779 0.043699275 -1.8807557e-23)
(0.85671779 0.043699275 -1.8830733e-23)
(0.85671779 0.043699275 0)
(0.85671779 0.043699275 0)
(0.85671779 0.043699275 0)
(0.85671779 0.043699275 0)
(0.85671779 0.043699275 0)
(0.85671779 0.043699275 1.8738406e-23)
(0.85671779 0.043699275 1.8761412e-23)
(0.85671779 0.043699275 0)
(0.85671779 0.043699275 0)
(0.85671779 0.043699275 1.883077e-23)
(0.85671779 0.043699275 0)
(0.85671779 0.043699275 0)
(0.85671779 0.043699275 0)
(0.85671779 0.043699275 0)
(0.85671779 0.043699275 0)
(0.85671779 0.043699275 0)
(0.85671779 0.043699275 0)
(0.85671779 0.043699275 -1.8784511e-23)
(0.85671779 0.043699275 0)
(0.85671779 0.043699275 0)
(0.85671779 0.043699275 1.885404e-23)
(0.85671779 0.043699275 0)
(0.85671779 0.043699275 -1.8669797e-23)
(0.85671779 0.043699275 1.8692635e-23)
(0.85671779 0.043699275 0)
(0.85671779 0.043699275 0)
(0.85671779 0.043699275 0)
(0.85671779 0.043699275 1.8784547e-23)
(0.85671779 0.043699275 0)
(0.85671779 0.043699275 0)
(0.85671779 0.043699275 -1.8854076e-23)
(0.85671779 0.043699275 0)
(0.85671779 0.043699275 9.3349167e-24)
(0.85671779 0.043699275 -1.8692671e-23)
(0.85671779 0.043699275 -9.3577824e-24)
(0.85671779 0.043699275 0)
(0.85671779 0.043699275 -9.3807604e-24)
(0.85671779 0.043699275 0)
(0.85671779 0.043699275 0)
(0.85671779 0.043699275 -9.4154397e-24)
(0.85671779 0.043699275 0)
(0.85671779 0.043699275 0)
(0.85671779 0.043699275 9.334918e-24)
(0.85671779 0.043699275 0)
(0.85671779 0.043699275 9.3577837e-24)
(0.85671779 0.043699275 0)
(0.85671779 0.043699275 9.3807617e-24)
(0.85671779 0.043699275 9.392293e-24)
(0.85671779 0.043699275 0)
(0.85671779 0.043699275 9.415441e-24)
(0.85671779 0.043699275 0)
(0.85671779 0.043699275 -9.4387033e-24)
(0.85671779 0.043699275 4.6674507e-24)
(0.85671779 0.043699275 0)
(0.85671779 0.043699275 0)
(0.85671779 0.043699275 0)
(0.85671779 0.043699275 0)
(0.85671779 0.043699275 -4.6961381e-24)
(0.85671779 0.043699275 0)
(0.85671779 0.043699275 0)
(0.85671779 0.043699275 0)
(0.85671779 0.043699275 9.4386863e-24)
(0.85671779 0.043699275 -7.0011625e-24)
(0.85671779 0.043699275 0)
(0.85671779 0.043699275 0)
(0.85671779 0.043699275 0)
(0.85671779 0.043699275 0)
(0.85671779 0.043699275 -4.696129e-24)
(0.85671779 0.043699275 0)
(0.85671779 0.043699275 0)
(0.85671779 0.043699275 0)
(0.85671779 0.043699275 0)
(0.85671779 0.043699275 2.3337163e-24)
(0.85671779 0.043699275 0)
(0.85671779 0.043699275 0)
(0.85671779 0.043699275 0)
(0.85671779 0.043699275 0)
(0.85671779 0.043699275 0)
(0.85671779 0.043699275 0)
(0.85671779 0.043699275 0)
(0.85671779 0.043699275 0)
(0.85671779 0.043699275 0)
(0.85671779 0.043699275 8.1757587e-24)
(0.85671779 0.043699275 0)
(0.85671779 0.043699275 0)
(0.85671779 0.043699275 -1.0860029e-22)
(0.85671779 0.043699275 0)
(0.85671779 0.043699275 -9.7556879e-23)
(0.85671779 0.043699275 0)
(0.85671779 0.043699275 -8.8552135e-23)
(0.85671779 0.043699275 0)
(0.85671779 0.043699275 0)
(0.85671779 0.043699275 0)
(0.85671779 0.043699275 -7.4752053e-23)
(0.85671779 0.043699275 0)
(0.85671779 0.043699275 -6.9347982e-23)
(0.85671779 0.043699275 8.1709625e-24)
(0.85671779 0.043699275 2.4479165e-22)
(0.85671779 0.043699275 0)
(0.85671779 0.043699275 1.085474e-22)
(0.85671779 0.043699275 0)
(0.85671779 0.043699275 9.75142e-23)
(0.85671779 0.043699275 0)
(0.85671779 0.043699275 8.8516971e-23)
(0.85671779 0.043699275 0)
(0.85671779 0.043699275 0)
(0.85671779 0.043699275 -2.429861e-24)
(0.85671779 0.043699275 7.8229824e-23)
(0.85671779 0.043699275 -1.1238355e-24)
(0.85671779 0.043699275 6.9326417e-23)
(0.85671779 0.043699275 8.1661749e-24)
(0.85671779 0.043699275 -7.3397208e-22)
(0.85671779 0.043699275 4.5998829e-22)
(0.85671779 0.043699275 -6.7809119e-24)
(0.85671779 0.043699275 6.4180073e-24)
(0.85671779 0.043699275 0)
(0.85671779 0.043699275 3.6524019e-22)
(0.85671779 0.043699275 5.5301156e-24)
(0.85671779 0.043699275 3.3832564e-22)
(0.85671779 0.043699275 -2.5315728e-24)
(0.85671779 0.043699275 2.4290141e-24)
(0.85671779 0.043699275 0)
(0.85671779 0.043699275 0)
(0.85671779 0.043699275 0)
(0.85671779 0.043699275 0)
(0.85671779 0.043699275 2.0246629e-34)
(0.85671779 0.043699275 -4.5256758e-22)
(0.85671779 0.043699275 -2.9428959e-36)
(0.85671779 0.043699275 -1.2830106e-23)
(0.85671779 0.043699275 3.9580527e-22)
(0.85671779 0.043699275 -3.7667842e-22)
(0.85671779 0.043699275 5.5279221e-24)
(0.85671779 0.043699275 -3.4083953e-22)
(0.85671779 0.043699275 2.5306534e-24)
(0.85671779 0.043699275 -2.4281677e-24)
(0.85671779 0.043699275 2.3336545e-24)
(0.85671779 0.043699275 5.6155549e-25)
(0.85671779 0.043699275 -5.4127607e-25)
(0.85671779 0.043699275 -1.0358903e-21)
(0.85671779 0.043699275 -4.8114128e-22)
(0.85671779 0.043699275 -7.1799115e-24)
(0.85671779 0.043699275 0)
(0.85671779 0.043699275 0)
(0.85671779 0.043699275 -3.8954575e-22)
(0.85671779 0.043699275 0)
(0.85671779 0.043699275 0)
(0.85671779 0.043699275 6.7613835e-22)
(0.85671779 0.043699275 0)
(0.85671779 0.043699275 0)
(0.85671779 0.043699275 0)
(0.85671779 0.043699275 0)
(0.85671779 0.043699275 0)
(0.85671779 0.043699275 1.0434362e-21)
(0.85671779 0.043699275 9.7702151e-22)
(0.85671779 0.043699275 0)
(0.85671779 0.043699275 0)
(0.85671779 0.043699275 0)
(0.85671779 0.043699275 -7.787514e-22)
(0.85671779 0.043699275 7.4115039e-22)
(0.85671779 0.043699275 0)
(0.85671779 0.043699275 -6.7588218e-22)
(0.85671779 0.043699275 0)
(0.85671779 0.043699275 0)
(0.85671779 0.043699275 -5.9701569e-22)
(0.85671779 0.043699275 0)
(0.85671779 0.043699275 0)
(0.85671779 0.043699275 8.1470801e-24)
(0.85671779 0.043699275 0)
(0.85671779 0.043699275 0)
(0.85671779 0.043699275 0)
(0.85671779 0.043699275 8.1999448e-22)
(0.85671779 0.043699275 1.5568232e-21)
(0.85671779 0.043699275 -7.4663043e-22)
(0.85671779 0.043699275 -6.9569037e-22)
(0.85671779 0.043699275 -6.835437e-22)
(0.85671779 0.043699275 5.0557987e-24)
(0.85671779 0.043699275 -6.2338743e-22)
(0.85671779 0.043699275 -1.9188862e-34)
(0.85671779 0.043699275 -5.7447728e-22)
(0.85671779 0.043699275 -5.5375054e-22)
(0.85671779 0.043699275 8.1423202e-24)
(0.85671779 0.043699275 -9.7595248e-22)
(0.85671779 0.043699275 0)
(0.85671779 0.043699275 0)
(0.85671779 0.043699275 -8.26021e-22)
(0.85671779 0.043699275 -7.7199341e-22)
(0.85671779 0.043699275 -5.7854302e-24)
(0.85671779 0.043699275 7.1197236e-22)
(0.85671779 0.043699275 6.7273225e-22)
(0.85671779 0.043699275 2.5269826e-24)
(0.85671779 0.043699275 6.2074572e-22)
(0.85671779 0.043699275 5.9661636e-22)
(0.85671779 0.043699275 5.7429235e-22)
(0.85671779 0.043699275 5.5357871e-22)
(0.85671779 0.043699275 8.1375661e-24)
(0.85671779 0.043699275 9.7541885e-22)
(0.85671779 0.043699275 0)
(0.85671779 0.043699275 8.6543031e-22)
(0.85671779 0.043699275 -8.1284101e-22)
(0.85671779 0.043699275 -6.076038e-24)
(0.85671779 0.043699275 -5.7830295e-24)
(0.85671779 0.043699275 5.5169808e-24)
(0.85671779 0.043699275 -2.6371673e-24)
(0.85671779 0.043699275 2.5260666e-24)
(0.85671779 0.043699275 -2.4239445e-24)
(0.85671779 0.043699275 1.1648767e-24)
(0.85671779 0.043699275 1.1213038e-24)
(0.85671779 0.043699275 5.5340698e-22)
(0.85671779 0.043699275 8.1328175e-24)
(0.85671779 0.043699275 1.9421553e-21)
(0.85671779 0.043699275 -1.8261735e-21)
(0.85671779 0.043699275 -8.6501066e-22)
(0.85671779 0.043699275 -8.124679e-22)
(0.85671779 0.043699275 -1.5608613e-21)
(0.85671779 0.043699275 -5.7806309e-24)
(0.85671779 0.043699275 5.5147978e-24)
(0.85671779 0.043699275 2.6361696e-24)
(0.85671779 0.043699275 -2.5251512e-24)
(0.85671779 0.043699275 0)
(0.85671779 0.043699275 0)
(0.85671779 0.043699275 0)
(0.85671779 0.043699275 5.5323535e-22)
(0.85671779 0.043699275 2.080787e-21)
(0.85671779 0.043699275 -1.7307992e-36)
(0.85671779 0.043699275 1.0346782e-33)
(0.85671779 0.043699275 6.7546204e-24)
(0.85671779 0.043699275 1.6305847e-21)
(0.85671779 0.043699275 3.1082213e-21)
(0.85671779 0.043699275 1.4734497e-21)
(0.85671779 0.043699275 5.5126164e-24)
(0.85671779 0.043699275 -1.3518436e-21)
(0.85671779 0.043699275 5.0484731e-24)
(0.85671779 0.043699275 -2.4222594e-24)
(0.85671779 0.043699275 -1.1920367e-21)
(0.85671779 0.043699275 -1.1474765e-21)
(0.85671779 0.043699275 -2.6893032e-33)
(0.85671779 0.043699275 -2.0795742e-21)
(0.85671779 0.043699275 -1.9476429e-21)
(0.85671779 0.043699275 1.8314527e-21)
(0.85671779 0.043699275 -1.7283452e-21)
(0.85671779 0.043699275 6.3915172e-24)
(0.85671779 0.043699275 -1.5595021e-21)
(0.85671779 0.043699275 -2.9630057e-21)
(0.85671779 0.043699275 5.5104369e-24)
(0.85671779 0.043699275 2.6973969e-21)
(0.85671779 0.043699275 0)
(0.85671779 0.043699275 1.2397659e-21)
(0.85671779 0.043699275 2.3821135e-21)
(0.85671779 0.043699275 1.1482278e-21)
(0.85671779 0.043699275 -1.1057848e-21)
(0.85671779 0.043699275 8.1186046e-24)
(0.85671779 0.043699275 -1.9465803e-21)
(0.85671779 0.043699275 -1.8305131e-21)
(0.85671779 0.043699275 1.7275084e-21)
(0.85671779 0.043699275 0)
(0.85671779 0.043699275 0)
(0.85671779 0.043699275 1.4780024e-21)
(0.85671779 0.043699275 -1.4101143e-21)
(0.85671779 0.043699275 -2.6990108e-21)
(0.85671779 0.043699275 2.5224091e-24)
(0.85671779 0.043699275 -2.4786704e-21)
(0.85671779 0.043699275 -1.1912407e-21)
(0.85671779 0.043699275 0)
(0.85671779 0.043699275 -1.1054422e-21)
(0.85671779 0.043699275 8.1138785e-24)
(0.85671779 0.043699275 1.9455189e-21)
(0.85671779 0.043699275 1.8295744e-21)
(0.85671779 0.043699275 -6.7448138e-24)
(0.85671779 0.043699275 6.3856604e-24)
(0.85671779 0.043699275 -1.5520825e-21)
(0.85671779 0.043699275 -5.7710562e-24)
(0.85671779 0.043699275 1.4150633e-21)
(0.85671779 0.043699275 2.6953591e-21)
(0.85671779 0.043699275 0)
(0.85671779 0.043699275 1.2389048e-21)
(0.85671779 0.043699275 0)
(0.85671779 0.043699275 -1.1463704e-21)
(0.85671779 0.043699275 1.1050998e-21)
(0.85671779 0.043699275 1.3689479e-21)
(0.85671779 0.043699275 0)
(0.85671779 0.043699275 1.428665e-21)
(0.85671779 0.043699275 -1.4605209e-21)
(0.85671779 0.043699275 0)
(0.85671779 0.043699275 1.5286934e-21)
(0.85671779 0.043699275 1.5652232e-21)
(0.85671779 0.043699275 0)
(0.85671779 0.043699275 0)
(0.85671779 0.043699275 0)
(0.85671779 0.043699275 0)
(0.85671779 0.043699275 1.7776135e-21)
(0.85671779 0.043699275 -1.4286647e-21)
(0.85671779 0.043699275 0)
(0.85671779 0.043699275 0)
(0.85671779 0.043699275 -1.5286931e-21)
(0.85671779 0.043699275 0)
(0.85671779 0.043699275 0)
(0.85671779 0.043699275 0)
(0.85671779 0.043699275 1.6860964e-21)
(0.85671779 0.043699275 1.7306458e-21)
(0.85671779 0.043699275 -1.7776132e-21)
(0.85671779 0.043699275 -1.4605204e-21)
(0.85671779 0.043699275 0)
(0.85671779 0.043699275 0)
(0.85671779 0.043699275 0)
(0.85671779 0.043699275 0)
(0.85671779 0.043699275 0)
(0.85671779 0.043699275 1.1463777e-33)
(0.85671779 0.043699275 -3.4612909e-21)
(0.85671779 0.043699275 0)
(0.85671779 0.043699275 0)
(0.85671779 0.043699275 0)
(0.85671779 0.043699275 -1.6035407e-21)
(0.85671779 0.043699275 0)
(0.85671779 0.043699275 -8.6483736e-34)
(0.85671779 0.043699275 1.1053826e-33)
(0.85671779 0.043699275 0)
(0.85671779 0.043699275 0)
(0.85671779 0.043699275 1.6035405e-21)
(0.85671779 0.043699275 0)
(0.85671779 0.043699275 -3.3721908e-21)
(0.85671779 0.043699275 3.4612895e-21)
(0.85671779 0.043699275 0)
(0.85671779 0.043699275 0)
(0.85671779 0.043699275 1.6860951e-21)
(0.85671779 0.043699275 5.5336357e-34)
(0.85671779 0.043699275 0)
(0.85671779 0.043699275 1.6860948e-21)
(0.85671779 0.043699275 -1.7306441e-21)
(0.85671779 0.043699275 0)
(0.85671779 0.043699275 0)
(0.85671779 0.043699275 1.777611e-21)
(0.85671779 0.043699275 -3.5552213e-21)
(0.84778597 0.061312082 -1.8911651e-22)
(0.84831415 0.061770087 -9.5114285e-23)
(0.84916233 0.062111969 1.446272e-25)
(0.85000984 0.062324831 -9.6399326e-23)
(0.85066116 0.062425482 1.9400101e-22)
(0.85104965 0.062455078 1.9504596e-22)
(0.85131208 0.062450073 0)
(0.85161313 0.062407988 0)
(0.85201827 0.062302868 4.1125356e-22)
(0.8525983 0.062072545 6.1302353e-22)
(0.85108803 0.061132797 -4.9424021e-23)
(0.85095278 0.061550667 0)
(0.85090239 0.061853137 0)
(0.85092378 0.062038595 0)
(0.85097718 0.062125308 0)
(0.85104115 0.062153173 2.0509778e-22)
(0.85110326 0.062153442 0)
(0.85116444 0.062126187 0)
(0.85121562 0.062061923 1.3344735e-23)
(0.85127068 0.061944956 -6.1141985e-22)
(0.85632667 0.045160447 0)
(0.85630565 0.04522297 0)
(0.85628778 0.045264814 0)
(0.85626578 0.045285848 -3.0686863e-22)
(0.85625229 0.045292874 1.028424e-22)
(0.85624961 0.045292434 1.1035702e-24)
(0.85625304 0.045290021 -2.0789451e-22)
(0.85625807 0.045287528 -2.0898579e-22)
(0.85626382 0.045292161 2.100694e-22)
(0.85626552 0.04531914 -2.111431e-22)
(0.85669628 0.043774123 -5.0507828e-23)
(0.85669548 0.043777312 1.0174582e-22)
(0.85669512 0.043779695 -3.0735597e-22)
(0.85669507 0.043781303 4.1230772e-22)
(0.85669522 0.04378222 0)
(0.85669538 0.043782816 2.0858737e-22)
(0.8566954 0.043783388 0)
(0.85669528 0.043783897 3.1625401e-22)
(0.85669507 0.043784095 -4.2389737e-22)
(0.85669519 0.043782924 3.1957955e-22)
(0.85671666 0.043703787 0)
(0.85671658 0.04370406 1.0256854e-22)
(0.85671653 0.043704266 2.0653644e-22)
(0.8567165 0.043704406 -2.0786955e-22)
(0.85671649 0.043704489 0)
(0.85671649 0.043704541 -3.1542777e-22)
(0.85671649 0.043704589 2.1145564e-22)
(0.85671648 0.043704649 -3.1891247e-22)
(0.85671644 0.04370475 0)
(0.85671634 0.043704899 1.074543e-22)
(0.85671777 0.043699378 0)
(0.85671776 0.043699385 0)
(0.85671776 0.04369939 -2.0821473e-22)
(0.85671776 0.043699394 4.3640732e-30)
(0.85671776 0.043699396 2.1082755e-22)
(0.85671776 0.043699397 1.0601397e-22)
(0.85671776 0.043699399 0)
(0.85671776 0.043699401 -2.1441408e-22)
(0.85671776 0.043699405 2.1559874e-22)
(0.85671776 0.043699412 -1.0838544e-22)
(0.85671779 0.043699278 -1.5528526e-22)
(0.85671779 0.043699278 2.0849485e-22)
(0.85671779 0.043699278 1.0495528e-22)
(0.85671779 0.043699278 -1.0563525e-22)
(0.85671779 0.043699278 -1.0628023e-22)
(0.85671779 0.043699278 2.1379314e-22)
(0.85671779 0.043699278 -1.0751122e-22)
(0.85671779 0.043699278 -1.0812345e-22)
(0.85671779 0.043699279 1.0873364e-22)
(0.85671779 0.043699279 1.0933839e-22)
(0.85671779 0.043699275 1.0438632e-22)
(0.85671779 0.043699275 -1.0510759e-22)
(0.85671779 0.043699275 1.0581705e-22)
(0.85671779 0.043699275 -1.0650381e-22)
(0.85671779 0.043699275 -1.0716106e-22)
(0.85671779 0.043699275 3.2338149e-22)
(0.85671779 0.043699275 -1.0842561e-22)
(0.85671779 0.043699275 -3.2716698e-22)
(0.85671779 0.043699275 3.2905271e-22)
(0.85671779 0.043699275 3.3092478e-22)
(0.85671779 0.043699275 1.0526364e-22)
(0.85671779 0.043699275 -3.1794619e-22)
(0.85671779 0.043699275 5.3346541e-23)
(0.85671779 0.043699275 0)
(0.85671779 0.043699275 0)
(0.85671779 0.043699275 -2.1741257e-22)
(0.85671779 0.043699275 2.1871137e-22)
(0.85671779 0.043699275 0)
(0.85671779 0.043699275 1.6597741e-22)
(0.85671779 0.043699275 -3.3388645e-22)
(0.85671779 0.043699275 -5.3077916e-23)
(0.85671779 0.043699275 0)
(0.85671779 0.043699275 1.6137561e-22)
(0.85671779 0.043699275 -5.4142248e-23)
(0.85671779 0.043699275 0)
(0.85671779 0.043699275 2.1926863e-22)
(0.85671779 0.043699275 -1.6115691e-35)
(0.85671779 0.043699275 -2.2193829e-22)
(0.85671779 0.043699275 5.5818095e-23)
(0.85671779 0.043699275 5.6150268e-23)
(0.85671779 0.043699275 -2.4248279e-36)
(0.85671779 0.043699275 1.6166311e-22)
(0.85671779 0.043699275 -1.084894e-22)
(0.85671779 0.043699275 -1.0919736e-22)
(0.85671779 0.043699275 0)
(0.85671779 0.043699275 -5.5289164e-23)
(0.85671779 0.043699275 5.5632269e-23)
(0.85671779 0.043699275 0)
(0.85671779 0.043699275 0)
(0.85671779 0.043699275 -2.8330977e-22)
(0.85671779 0.043699275 -2.6996591e-23)
(0.85671779 0.043699275 -1.3586879e-22)
(0.85671779 0.043699275 2.7352608e-23)
(0.85671779 0.043699275 1.6518861e-22)
(0.85671779 0.043699275 -1.385442e-22)
(0.85671779 0.043699275 1.6730811e-22)
(0.85671779 0.043699275 -5.6122088e-23)
(0.85671779 0.043699275 0)
(0.85671779 0.043699275 -2.2731775e-22)
(0.85671779 0.043699275 4.2887231e-22)
(0.85671779 0.043699275 1.3614903e-23)
(0.85671779 0.043699275 -1.5073333e-22)
(0.85671779 0.043699275 9.6548366e-23)
(0.85671779 0.043699275 -1.1106375e-22)
(0.85671779 0.043699275 1.3973407e-22)
(0.85671779 0.043699275 0)
(0.85671779 0.043699275 2.264691e-22)
(0.85671779 0.043699275 -2.2792373e-22)
(0.85671779 0.043699275 0)
(0.85671779 0.043699275 1.4427543e-23)
(0.85671779 0.043699275 -9.6129186e-23)
(0.85671779 0.043699275 2.3494606e-22)
(0.85671779 0.043699275 -1.2519082e-22)
(0.85671779 0.043699275 1.1201096e-22)
(0.85671779 0.043699275 -1.1274865e-22)
(0.85671779 0.043699275 0)
(0.85671779 0.043699275 -2.2847098e-22)
(0.85671779 0.043699275 2.2996783e-22)
(0.85671779 0.043699275 0)
(0.85671779 0.043699275 1.4560924e-23)
(0.85349128 0.061599853 -1.3253913e-22)
(0.85468752 0.060818709 -2.3254908e-22)
(0.85491975 0.060011213 0)
(0.85503307 0.059290682 -2.3426562e-22)
(0.85541136 0.058627657 4.7755908e-22)
(0.85597463 0.057929249 -2.4539862e-22)
(0.8563245 0.057143811 -2.3250995e-22)
(0.85620065 0.056332683 0)
(0.85582805 0.055632806 6.8818346e-22)
(0.85556977 0.055089507 2.4570507e-22)
(0.855508 0.05466236 -9.2634722e-22)
(0.85557455 0.054292625 2.4114459e-22)
(0.85581983 0.053974998 1.1600182e-21)
(0.8561771 0.053581307 -6.9315625e-22)
(0.85136917 0.061731036 3.6282081e-22)
(0.85202338 0.060904735 -2.5171142e-22)
(0.85240984 0.060064619 2.5083048e-22)
(0.85276102 0.059308722 -7.5231468e-22)
(0.85311214 0.058582957 1.013326e-21)
(0.85348183 0.057801556 -5.1171151e-22)
(0.85383495 0.056960604 0)
(0.85412197 0.056165612 9.9411228e-22)
(0.85432069 0.055524773 -7.5415199e-22)
(0.85445604 0.05502364 -4.8620508e-22)
(0.85458066 0.054601823 0)
(0.85470787 0.054209357 -4.8525037e-22)
(0.85483787 0.053813559 2.470337e-22)
(0.85499355 0.053300595 -1.9689533e-21)
(0.85623529 0.0453802 1.3244173e-22)
(0.85630994 0.045216501 2.7879368e-26)
(0.85635475 0.045091338 -5.2735598e-22)
(0.85639544 0.044985417 -1.2308714e-24)
(0.85643225 0.044885323 -1.0484197e-21)
(0.85646797 0.044779644 5.2239479e-22)
(0.85650245 0.044672174 0)
(0.85653233 0.044578639 2.6067037e-22)
(0.85655369 0.044509663 0)
(0.8565668 0.044457956 1.2972297e-21)
(0.85657866 0.044414727 -1.036365e-21)
(0.85659065 0.04437473 2.5800664e-22)
(0.85660391 0.044335391 -2.575552e-22)
(0.85661959 0.044283388 -2.0613897e-21)
(0.85669459 0.043778836 5.55789e-22)
(0.85669873 0.043771527 -2.7717008e-22)
(0.85670044 0.043766188 2.7619352e-22)
(0.85670225 0.043761374 -1.2793313e-25)
(0.85670404 0.043756815 5.4984647e-22)
(0.85670582 0.043752134 8.2294081e-22)
(0.85670738 0.043747481 0)
(0.85670851 0.043743441 1.0461833e-25)
(0.85670927 0.043740369 2.7254645e-22)
(0.85670989 0.043737987 0)
(0.85671047 0.043735948 0)
(0.85671108 0.043734031 -2.7093066e-22)
(0.85671187 0.043731881 0)
(0.85671289 0.043728546 -2.698536e-22)
(0.85671604 0.043704949 -1.4595533e-22)
(0.85671637 0.043704239 2.9109055e-22)
(0.85671654 0.043703753 -2.9023986e-22)
(0.8567167 0.043703341 -2.8948549e-22)
(0.85671684 0.04370295 -2.8881767e-22)
(0.85671698 0.043702545 0)
(0.8567171 0.043702154 1.1499146e-21)
(0.8567172 0.043701833 -1.4340873e-21)
(0.85671727 0.043701606 -5.7240023e-22)
(0.85671732 0.043701436 0)
(0.85671736 0.043701289 -1.140012e-21)
(0.8567174 0.043701147 1.4220159e-21)
(0.85671745 0.043700987 0)
(0.85671751 0.043700737 4.2478561e-22)
(0.85671775 0.04369942 3.0729939e-22)
(0.85671776 0.043699397 4.0472314e-28)
(0.85671776 0.043699383 1.2224087e-21)
(0.85671776 0.043699371 -6.0966593e-22)
(0.85671777 0.04369936 0)
(0.85671777 0.043699349 0)
(0.85671777 0.043699339 -1.513478e-21)
(0.85671778 0.043699331 1.3589143e-21)
(0.85671778 0.043699325 1.5065131e-22)
(0.85671778 0.043699321 0)
(0.85671778 0.043699317 0)
(0.85671778 0.043699313 -1.4964496e-22)
(0.85671778 0.043699309 0)
(0.85671778 0.043699302 -2.3833721e-21)
(0.85671779 0.043699279 -4.8660066e-22)
(0.85671779 0.043699278 -3.2356513e-22)
(0.85671779 0.043699278 -3.2268187e-22)
(0.85671779 0.043699277 -6.4377094e-22)
(0.85671779 0.043699277 6.4229327e-22)
(0.85671779 0.043699277 6.4079025e-22)
(0.85671779 0.043699277 -3.1961335e-22)
(0.85671779 0.043699276 2.7218201e-30)
(0.85671779 0.043699276 1.5904236e-22)
(0.85671779 0.043699276 1.2693527e-21)
(0.85671779 0.043699276 -1.2663262e-21)
(0.85671779 0.043699276 1.5790992e-22)
(0.85671779 0.043699276 -1.2601676e-21)
(0.85671779 0.043699276 3.6140593e-21)
(0.85671779 0.043699275 1.717585e-22)
(0.85671779 0.043699275 -3.4268017e-22)
(0.85671779 0.043699275 -1.7089181e-22)
(0.85671779 0.043699275 6.8191773e-22)
(0.85671779 0.043699275 -6.8035858e-22)
(0.85671779 0.043699275 -1.6968855e-22)
(0.85671779 0.043699275 0)
(0.85671779 0.043699275 -3.3768252e-22)
(0.85671779 0.043699275 1.6842309e-22)
(0.85671779 0.043699275 -1.1760191e-21)
(0.85671779 0.043699275 1.3405954e-21)
(0.85671779 0.043699275 0)
(0.85671779 0.043699275 1.3335843e-21)
(0.85671779 0.043699275 -1.1637781e-21)
(0.85671779 0.043699275 -3.6502766e-22)
(0.85671779 0.043699275 9.1048873e-22)
(0.85671779 0.043699275 -3.6328916e-22)
(0.85671779 0.043699275 -7.2487007e-22)
(0.85671779 0.043699275 9.0402496e-22)
(0.85671779 0.043699275 1.8037496e-22)
(0.85671779 0.043699275 -1.439344e-21)
(0.85671779 0.043699275 2.8711823e-21)
(0.85671779 0.043699275 -1.4318382e-21)
(0.85671779 0.043699275 9.6136257e-34)
(0.85671779 0.043699275 -1.424119e-21)
(0.85671779 0.043699275 1.4201506e-21)
(0.85671779 0.043699275 -1.7701057e-22)
(0.85671779 0.043699275 -3.0004854e-21)
(0.85671779 0.043699275 0)
(0.85671779 0.043699275 3.885935e-22)
(0.85671779 0.043699275 7.7536551e-22)
(0.85671779 0.043699275 -7.7359706e-22)
(0.85671779 0.043699275 -1.9296121e-22)
(0.85671779 0.043699275 -1.9249781e-22)
(0.85671779 0.043699275 1.9199936e-22)
(0.85671779 0.043699275 1.9147874e-22)
(0.85671779 0.043699275 -8.204215e-36)
(0.85671779 0.043699275 -1.904035e-22)
(0.85671779 0.043699275 1.328899e-21)
(0.85671779 0.043699275 3.9303158e-34)
(0.85671779 0.043699275 -1.3207823e-21)
(0.85671779 0.043699275 0)
(0.85671779 0.043699275 2.0864395e-22)
(0.85671779 0.043699275 -6.2474272e-22)
(0.85671779 0.043699275 2.0779401e-22)
(0.85671779 0.043699275 8.2934718e-22)
(0.85671779 0.043699275 -8.2747948e-22)
(0.85671779 0.043699275 2.0636761e-22)
(0.85671779 0.043699275 -1.6465601e-21)
(0.85671779 0.043699275 1.6418992e-21)
(0.85671779 0.043699275 9.6804579e-35)
(0.85671779 0.043699275 0)
(0.85671779 0.043699275 2.0335418e-22)
(0.85671779 0.043699275 -1.4188173e-21)
(0.85671779 0.043699275 1.6160315e-21)
(0.85671779 0.043699275 -3.2209587e-21)
(0.85671779 0.043699275 -6.7419327e-22)
(0.85671779 0.043699275 4.4871349e-22)
(0.85671779 0.043699275 6.7173316e-22)
(0.85671779 0.043699275 -1.7875135e-21)
(0.85671779 0.043699275 1.1146968e-21)
(0.85671779 0.043699275 -1.1119564e-21)
(0.85671779 0.043699275 -1.1089235e-21)
(0.85671779 0.043699275 1.769011e-21)
(0.85671779 0.043699275 -2.2042891e-22)
(0.85671779 0.043699275 0)
(0.85671779 0.043699275 0)
(0.85671779 0.043699275 -1.9633819e-21)
(0.85671779 0.043699275 1.7387874e-21)
(0.85671779 0.043699275 0)
(0.85671779 0.043699275 -1.2175311e-22)
(0.85671779 0.043699275 -1.2158358e-22)
(0.85671779 0.043699275 2.4273847e-22)
(0.85671779 0.043699275 0)
(0.85671779 0.043699275 -1.2085781e-22)
(0.85671779 0.043699275 1.2055639e-22)
(0.85671779 0.043699275 -2.0436915e-21)
(0.85671779 0.043699275 1.9174558e-21)
(0.85671779 0.043699275 0)
(0.85671779 0.043699275 -1.785041e-21)
(0.85671779 0.043699275 1.0070467e-33)
(0.85671779 0.043699275 1.1808695e-22)
(0.85671779 0.043699275 1.8817256e-21)
(0.85671779 0.043699275 0)
(0.85671779 0.043699275 -5.3140894e-22)
(0.85671779 0.043699275 -2.5047447e-35)
(0.85671779 0.043699275 5.300455e-22)
(0.85671779 0.043699275 1.0581084e-21)
(0.85671779 0.043699275 -1.3197275e-21)
(0.85671779 0.043699275 -3.9299086e-35)
(0.85671779 0.043699275 -2.1000662e-21)
(0.85671779 0.043699275 1.9622773e-21)
(0.85671779 0.043699275 0)
(0.85671779 0.043699275 -2.5964288e-22)
(0.85671779 0.043699275 2.0684879e-21)
(0.85671779 0.043699275 -2.5743944e-22)
(0.85671779 0.043699275 -2.1784113e-21)
(0.85671779 0.043699275 -4.2091432e-21)
(0.85671779 0.043699275 0)
(0.85671779 0.043699275 0)
(0.85671779 0.043699275 -1.4908524e-22)
(0.85671779 0.043699275 0)
(0.85671779 0.043699275 -3.0734199e-22)
(0.85671779 0.043699275 1.5607131e-22)
(0.85671779 0.043699275 3.170956e-22)
(0.85671779 0.043699275 -3.2220831e-22)
(0.85671779 0.043699274 0)
(0.85671779 0.043699211 0)
(0.85671816 0.043691616 -6.2476184e-29)
(0.85671779 0.043699275 -7.7453887e-35)
(0.85671779 0.043699275 -2.9796972e-22)
(0.85671779 0.043699275 0)
(0.85671779 0.043699275 3.0706624e-22)
(0.85671779 0.043699275 0)
(0.85671779 0.043699275 1.5836783e-22)
(0.85671779 0.043699275 3.2180239e-22)
(0.85671779 0.043699275 -4.9055078e-22)
(0.85671779 0.043699274 -6.6487644e-22)
(0.8567178 0.043699174 -4.6053271e-30)
(0.85671843 0.043689602 1.7190063e-22)
(0.85672348 0.043668125 -1.7487746e-22)
(0.85681906 0.041709539 -3.5597351e-22)
(0.85788116 0.041914911 0)
(0.85671779 0.043699275 -8.922374e-22)
(0.85671779 0.043699275 -3.4154393e-34)
(0.85671779 0.043699275 0)
(0.85671779 0.043699275 -3.1110298e-22)
(0.85671779 0.043699275 2.0320454e-34)
(0.85671779 0.043699275 3.2095239e-22)
(0.85671779 0.043699275 -6.5222945e-22)
(0.85671779 0.043699275 9.9433754e-22)
(0.85671779 0.043699274 3.3695416e-22)
(0.85671779 0.043699243 3.4264866e-22)
(0.85671806 0.043696638 1.742734e-22)
(0.8567263 0.043682969 1.7734547e-22)
(0.85680113 0.042760775 1.0593186e-25)
(0.85811754 0.043040371 3.6653525e-22)
(0.85671779 0.043699275 -3.008193e-22)
(0.85671779 0.043699275 3.0530746e-22)
(0.85671779 0.043699275 6.1986318e-22)
(0.85671779 0.043699275 3.1469794e-22)
(0.85671779 0.043699275 3.1961318e-22)
(0.85671779 0.043699275 -6.493688e-22)
(0.85671779 0.043699275 3.2991914e-22)
(0.85671779 0.043699275 -3.3532544e-22)
(0.85671779 0.043699275 -3.4091188e-22)
(0.85671779 0.043699264 3.4668761e-22)
(0.85671787 0.043699108 0)
(0.8567206 0.04371372 0)
(0.85675521 0.044039029 3.6530631e-22)
(0.85836322 0.044397738 -3.7361071e-22)
(0.85671779 0.043699275 6.0746953e-22)
(0.85671779 0.043699275 -1.2330427e-21)
(0.85671779 0.043699275 6.2584707e-22)
(0.85671779 0.043699275 -9.5318883e-22)
(0.85671779 0.043699275 6.4537124e-22)
(0.85671779 0.043699275 0)
(0.85671779 0.043699275 -1.2476684e-34)
(0.85671779 0.043699275 -6.770537e-22)
(0.85671779 0.043699276 3.4415864e-22)
(0.85671778 0.043699343 0)
(0.85671764 0.043702105 0)
(0.856715 0.043767793 3.6221668e-22)
(0.85664116 0.045575414 0)
(0.85851757 0.046016402 0)
(0.85671779 0.043699275 0)
(0.85671779 0.043699275 0)
(0.85671779 0.043699275 3.1528001e-22)
(0.85671779 0.043699275 -3.2010115e-22)
(0.85671779 0.043699275 3.2507202e-22)
(0.85671779 0.043699275 9.9059913e-22)
(0.85671779 0.043699275 -4.3102307e-34)
(0.85671779 0.043699275 3.4095621e-22)
(0.85671779 0.043699278 0)
(0.85671777 0.043699471 -7.0487348e-22)
(0.85671715 0.043706215 3.584727e-22)
(0.85670455 0.043843301 -3.1094444e-26)
(0.85643895 0.047289268 3.7082352e-22)
(0.85839743 0.047786518 3.726296e-22)
(0.85671779 0.043699275 3.0775638e-22)
(0.85671779 0.043699275 0)
(0.85671779 0.043699275 -3.1697036e-22)
(0.85671779 0.043699275 -3.2178739e-22)
(0.85671779 0.043699275 3.267531e-22)
(0.85671779 0.043699275 -3.3187446e-22)
(0.85671779 0.043699275 -2.3589747e-34)
(0.85671779 0.043699275 -3.4261439e-22)
(0.85671779 0.043699281 0)
(0.85671774 0.043699659 1.0622166e-21)
(0.85671642 0.04371105 -3.6009456e-22)
(0.85668835 0.043935643 -3.6631416e-22)
(0.85614906 0.048990874 -1.1101586e-21)
(0.85787495 0.049478774 -3.7030516e-22)
(0.85671779 0.043699275 -3.0887876e-22)
(0.85671779 0.043699275 -6.2681524e-22)
(0.85671779 0.043699275 6.3614254e-22)
(0.85671779 0.043699275 0)
(0.85671779 0.043699275 -6.5565546e-22)
(0.85671779 0.043699275 6.6586781e-22)
(0.85671779 0.043699275 -6.7640332e-22)
(0.85671779 0.043699275 0)
(0.85671779 0.043699284 0)
(0.8567177 0.043699894 -7.1010771e-22)
(0.85671556 0.043715566 5.6463878e-26)
(0.8566709 0.044032672 3.6677216e-22)
(0.8558279 0.050422866 -3.7779582e-25)
(0.85710481 0.050835821 0)
(0.85671779 0.043699275 0)
(0.85671779 0.043699275 -6.2810345e-22)
(0.85671779 0.043699275 6.3739643e-22)
(0.85671779 0.043699275 0)
(0.85671779 0.043699275 0)
(0.85671779 0.043699275 6.6700192e-22)
(0.85671779 0.043699275 -1.0162368e-21)
(0.85671779 0.043699275 1.8362016e-30)
(0.85671779 0.043699288 6.9949158e-22)
(0.85671765 0.043700102 7.1103068e-22)
(0.85671474 0.043719143 -1.0844524e-21)
(0.85665402 0.044115283 3.6762063e-22)
(0.85554182 0.051477703 3.6301534e-22)
(0.85648355 0.051875167 -3.8523096e-22)
(0.85671779 0.043699275 1.7417293e-34)
(0.85671779 0.043699275 -1.4724524e-35)
(0.85671779 0.043699275 6.3779556e-22)
(0.85671779 0.043699275 1.2946075e-21)
(0.85671779 0.043699275 -6.5709969e-22)
(0.85671779 0.043699275 6.6719669e-22)
(0.85671779 0.043699275 0)
(0.85671779 0.043699275 -6.8835112e-22)
(0.85671779 0.043699292 6.9943947e-22)
(0.85671762 0.043700293 7.1088388e-22)
(0.85671431 0.043722412 -3.6136571e-22)
(0.85663972 0.044194043 1.468203e-21)
(0.85527907 0.052404429 -1.7119381e-24)
(0.85632786 0.052921522 -3.7308258e-22)
(0.85671779 0.043699275 -4.3730778e-22)
(0.85671779 0.043699275 2.9511654e-22)
(0.85671779 0.043699275 -5.9756694e-22)
(0.85671779 0.043699275 4.5381402e-22)
(0.85671779 0.043699275 -1.5319884e-22)
(0.85671779 0.043699275 1.551761e-22)
(0.85671779 0.043699275 0)
(0.85671779 0.043699275 1.5928779e-22)
(0.85671779 0.043699274 0)
(0.85671779 0.043699174 0)
(0.8567178 0.043695434 0)
(0.85671939 0.043613478 -1.681948e-22)
(0.85675556 0.041135685 1.7055392e-22)
(0.85728167 0.041032525 2.1505424e-23)
(0.85671779 0.043699275 4.4094768e-22)
(0.85671779 0.043699275 0)
(0.85671779 0.043699275 0)
(0.85671779 0.043699275 -1.5255029e-22)
(0.85671779 0.043699275 3.0900226e-22)
(0.85671779 0.043699275 0)
(0.85671779 0.043699275 0)
(0.85671779 0.043699275 1.6066498e-22)
(0.85671779 0.043699273 8.1415182e-23)
(0.85671779 0.04369912 2.4758236e-22)
(0.85671775 0.043693926 1.673408e-22)
(0.85671837 0.043582499 5.2737908e-27)
(0.85673024 0.040452503 -1.5076966e-22)
(0.85724454 0.040334649 -1.9479203e-22)
(0.85671779 0.043699275 -5.9234437e-22)
(0.85671779 0.043699275 2.9982791e-22)
(0.85671779 0.043699275 4.5536254e-22)
(0.85671779 0.043699275 -1.5370849e-22)
(0.85671779 0.043699275 -1.5567872e-22)
(0.85671779 0.043699275 -1.5770011e-22)
(0.85671779 0.043699275 -1.5977468e-22)
(0.85671779 0.043699275 1.6190456e-22)
(0.85671779 0.043699272 -1.64092e-22)
(0.85671778 0.043699055 -8.3169862e-23)
(0.85671768 0.043692291 -2.529736e-22)
(0.85671661 0.043547469 3.4203266e-22)
(0.85669332 0.039764047 3.4672836e-22)
(0.85721427 0.039620466 3.4884097e-22)
(0.85671779 0.043699275 8.0467873e-35)
(0.85671779 0.043699275 3.6458515e-35)
(0.85671779 0.043699275 -7.6400934e-22)
(0.85671779 0.043699275 0)
(0.85671779 0.043699275 -4.701681e-22)
(0.85671779 0.043699275 3.175191e-22)
(0.85671779 0.043699275 1.6085004e-22)
(0.85671779 0.043699275 -3.2599264e-22)
(0.85671779 0.043699271 3.304013e-22)
(0.85671778 0.043698976 -1.6746543e-22)
(0.85671758 0.043690492 -3.3958534e-22)
(0.8567142 0.043508072 -8.6166192e-23)
(0.85664361 0.039056677 -2.6188663e-22)
(0.85718704 0.038882664 -1.7582942e-22)
(0.85671779 0.043699275 5.9972889e-22)
(0.85671779 0.043699275 3.0356656e-22)
(0.85671779 0.043699275 -5.8420206e-35)
(0.85671779 0.043699275 0)
(0.85671779 0.043699275 3.1524249e-22)
(0.85671779 0.043699275 -3.1933665e-22)
(0.85671779 0.043699275 3.2353856e-22)
(0.85671779 0.043699275 1.6392626e-22)
(0.85671779 0.04369927 1.6614154e-22)
(0.85671777 0.043698884 0)
(0.85671744 0.043688508 3.4151285e-22)
(0.85671084 0.043463542 1.7297062e-22)
(0.85657909 0.038320447 -4.4057365e-22)
(0.85716274 0.038110534 -4.4087816e-22)
(0.85671779 0.043699275 -6.0261379e-22)
(0.85671779 0.043699275 -3.0501766e-22)
(0.85671779 0.043699275 9.2646292e-22)
(0.85671779 0.043699275 -5.3779625e-35)
(0.85671779 0.043699275 -3.1671942e-22)
(0.85671779 0.043699275 6.4164423e-22)
(0.85671779 0.043699275 -6.5006498e-22)
(0.85671779 0.043699275 0)
(0.85671779 0.043699268 -3.3379372e-22)
(0.85671776 0.043698774 -1.6917609e-22)
(0.85671726 0.043686319 5.1455926e-22)
(0.85670632 0.043412837 1.7370207e-22)
(0.85649607 0.037546896 3.8937759e-24)
(0.8571285 0.037295846 5.3482065e-22)
(0.85671779 0.043699275 0)
(0.85671779 0.043699275 0)
(0.85671779 0.043699275 -1.6524638e-34)
(0.85671779 0.043699275 0)
(0.85671779 0.043699275 0)
(0.85671779 0.043699275 -6.4389178e-22)
(0.85671779 0.043699275 3.392161e-34)
(0.85671779 0.043699275 0)
(0.85671779 0.043699266 0)
(0.85671775 0.043698644 -1.6972611e-22)
(0.85671702 0.043683933 -3.4410609e-22)
(0.85670045 0.043355602 2.7523239e-25)
(0.85639157 0.036740092 -4.2091752e-24)
(0.85706647 0.036444516 -7.1045116e-22)
(0.85671779 0.043699275 -3.0325867e-22)
(0.85671779 0.043699275 0)
(0.85671779 0.043699275 -3.1074031e-22)
(0.85671779 0.043699275 -4.1357097e-35)
(0.85671779 0.043699275 -6.372009e-22)
(0.85671779 0.043699275 -6.4536309e-22)
(0.85671779 0.043699275 6.537371e-22)
(0.85671779 0.043699275 0)
(0.85671779 0.043699263 1.6778859e-22)
(0.85671774 0.0436985 -1.7005396e-22)
(0.85671672 0.043681383 -3.4476032e-22)
(0.85669287 0.04329287 1.7446333e-22)
(0.85626731 0.035912655 1.7675548e-22)
(0.85702081 0.03555854 3.544908e-22)
(0.85671779 0.043699275 3.0370442e-22)
(0.85671779 0.043699275 3.0737096e-22)
(0.85671779 0.043699275 -6.2225424e-22)
(0.85671779 0.043699275 6.2995243e-22)
(0.85671779 0.043699275 -1.7466483e-34)
(0.85671779 0.043699275 3.2296737e-22)
(0.85671779 0.043699275 -3.2711696e-22)
(0.85671779 0.043699275 3.3137456e-22)
(0.85671779 0.04369926 -6.7148892e-22)
(0.85671772 0.043698329 -3.4023109e-22)
(0.85671636 0.043678524 1.3239065e-27)
(0.85668241 0.043219352 0)
(0.85610882 0.035013086 -3.536784e-22)
(0.85699268 0.034580154 5.2728618e-22)
(0.85671779 0.043699275 0)
(0.85671779 0.043699275 -3.0735197e-22)
(0.85671779 0.043699275 6.221217e-22)
(0.85671779 0.043699275 -6.2972066e-22)
(0.85671779 0.043699275 2.0858146e-34)
(0.85671779 0.043699275 -3.2274472e-22)
(0.85671779 0.043699275 3.2683687e-22)
(0.85671779 0.043699275 0)
(0.85671779 0.043699256 1.6649364e-30)
(0.85671769 0.043698105 6.2967234e-29)
(0.85671605 0.043675364 -3.442178e-22)
(0.85667034 0.043128507 9.242707e-26)
(0.8559083 0.034035972 7.0596881e-22)
(0.85690353 0.033516798 -3.5238616e-22)
(0.85671779 0.043699275 -1.2023843e-21)
(0.85671779 0.043699275 -1.5015123e-21)
(0.85671779 0.043699275 1.4995075e-21)
(0.85671779 0.043699275 -2.9939109e-22)
(0.85671779 0.043699275 5.9753439e-22)
(0.85671779 0.043699275 -5.9605424e-22)
(0.85671779 0.043699275 -2.9717747e-22)
(0.85671779 0.043699275 3.0535831e-22)
(0.85671779 0.043699275 0)
(0.85671779 0.043699275 3.0490334e-22)
(0.85671779 0.043699275 -1.8270872e-21)
(0.85671779 0.043699275 2.128093e-21)
(0.85671779 0.043699275 -6.0679176e-22)
(0.85671779 0.043699275 -6.0531656e-22)
(0.85671779 0.043699275 1.5090207e-21)
(0.85671779 0.043699275 4.789131e-34)
(0.85671779 0.043699275 2.4792698e-21)
(0.85671779 0.043699275 -1.2385895e-21)
(0.85671779 0.043699275 1.3301788e-34)
(0.85671779 0.043699275 6.1756089e-22)
(0.85671779 0.043699275 -1.232681e-21)
(0.85671779 0.043699275 6.148713e-22)
(0.85671779 0.043699275 -9.197315e-22)
(0.85671779 0.043699275 1.2597964e-21)
(0.85671779 0.043699275 -1.2597008e-21)
(0.85671779 0.043699275 1.2591394e-21)
(0.85671779 0.043699275 3.145414e-22)
(0.85671779 0.043699275 2.1427381e-34)
(0.85671779 0.043699275 -9.4109849e-22)
(0.85671779 0.043699275 6.2619459e-22)
(0.85671779 0.043699275 0)
(0.85671779 0.043699275 6.2300717e-22)
(0.85671779 0.043699275 3.1993468e-22)
(0.85671779 0.043699275 9.5981106e-22)
(0.85671779 0.043699275 6.4253112e-34)
(0.85671779 0.043699275 -2.5567408e-21)
(0.85671779 0.043699275 1.5962316e-21)
(0.85671779 0.043699275 9.5633343e-22)
(0.85671779 0.043699275 -9.5455333e-22)
(0.85671779 0.043699275 0)
(0.85671779 0.043699275 3.1659092e-22)
(0.85671779 0.043699275 9.7488651e-22)
(0.85671779 0.043699275 -6.5016126e-22)
(0.85671779 0.043699275 3.2511094e-22)
(0.85671779 0.043699275 -3.2501236e-22)
(0.85671779 0.043699275 -1.6240434e-21)
(0.85671779 0.043699275 1.6223943e-21)
(0.85671779 0.043699275 0)
(0.85671779 0.043699275 3.2343963e-22)
(0.85671779 0.043699275 6.454353e-22)
(0.85671779 0.043699275 -3.2184717e-22)
(0.85671779 0.043699275 1.3209911e-21)
(0.85671779 0.043699275 -6.6078965e-22)
(0.85671779 0.043699275 3.3045495e-22)
(0.85671779 0.043699275 3.3037946e-22)
(0.85671779 0.043699275 1.3207914e-21)
(0.85671779 0.043699275 -2.9689721e-21)
(0.85671779 0.043699275 6.588884e-22)
(0.85671779 0.043699275 6.5774265e-22)
(0.85671779 0.043699275 0)
(0.85671779 0.043699275 6.5456183e-22)
(0.85671779 0.043699273 3.3542839e-22)
(0.85671779 0.043699274 -1.3428327e-21)
(0.85671779 0.043699274 1.3435426e-21)
(0.85671779 0.043699274 -3.3597759e-22)
(0.85671779 0.043699274 1.3437072e-21)
(0.85671779 0.043699274 -3.0219197e-21)
(0.85671779 0.043699274 2.6838076e-21)
(0.85671779 0.043699274 -1.3401985e-21)
(0.85671779 0.043699274 0)
(0.85671779 0.043699274 6.6755724e-22)
(0.85671779 0.043699274 -6.6580256e-22)
(0.85671778 0.043699203 -3.4103689e-22)
(0.85671778 0.043699207 0)
(0.85671778 0.043699211 1.0246862e-21)
(0.85671778 0.043699215 -1.3667518e-21)
(0.85671778 0.04369922 0)
(0.85671778 0.043699224 3.4153108e-22)
(0.85671778 0.043699229 0)
(0.85671778 0.043699233 0)
(0.85671778 0.043699238 -6.8060207e-22)
(0.85671779 0.043699242 6.7919679e-22)
(0.85671779 0.043699248 6.7743611e-22)
(0.85671714 0.043695819 1.38557e-21)
(0.85671718 0.043695947 -1.3873436e-21)
(0.85671722 0.043696089 1.3887557e-21)
(0.85671726 0.043696247 0)
(0.85671731 0.043696421 -3.4758609e-22)
(0.85671735 0.043696595 0)
(0.8567174 0.043696784 1.3899775e-21)
(0.85671744 0.043696974 1.7361854e-22)
(0.85671748 0.043697169 -1.3874109e-21)
(0.85671753 0.043697362 6.9263795e-22)
(0.85671756 0.043697552 -1.3824984e-21)
(0.85671761 0.043697768 1.3789665e-21)
(0.8567079 0.04364579 3.5235092e-22)
(0.85670846 0.043647301 1.0586436e-21)
(0.85670907 0.043649009 -1.0598156e-21)
(0.85670971 0.043650937 0)
(0.85671038 0.043653099 -1.0611069e-21)
(0.85671103 0.043655327 2.8299158e-21)
(0.85671171 0.043657751 -1.4146536e-21)
(0.85671236 0.043660263 -1.5904806e-21)
(0.856713 0.043662881 1.2357881e-21)
(0.85671362 0.043665563 7.0509995e-22)
(0.85671424 0.043668271 2.6680189e-27)
(0.85671493 0.043671313 2.9972512e-27)
(0.8564579 0.042361816 3.5793881e-22)
(0.85647267 0.042399349 0)
(0.85648851 0.042442156 -1.0766194e-21)
(0.85650511 0.04248918 2.8731959e-21)
(0.85652245 0.042540788 -1.4387198e-21)
(0.856541 0.042598155 1.4397676e-21)
(0.85655777 0.04265536 -1.2606684e-21)
(0.8565758 0.042717432 1.4399125e-21)
(0.85659204 0.042780618 6.5442433e-26)
(0.85660725 0.042845705 -1.7976502e-21)
(0.85662186 0.042911604 7.178609e-22)
(0.85663615 0.042976067 -1.786561e-22)
(0.85665021 0.043041229 5.3654373e-22)
(0.85350054 0.027550293 2.8932771e-21)
(0.85361962 0.027752538 -2.5579976e-21)
(0.85376252 0.028006105 1.452225e-21)
(0.8539169 0.028305977 0)
(0.85408017 0.02864498 -1.9369427e-22)
(0.85425252 0.029027126 0)
(0.854438 0.029465667 0)
(0.85461282 0.029919032 -1.8182685e-21)
(0.854803 0.030423622 1.6349655e-21)
(0.85498997 0.03095726 1.7415388e-22)
(0.85517602 0.031526711 -7.3894111e-22)
(0.85535502 0.032126525 7.2912763e-22)
(0.85551898 0.032731988 1.825267e-22)
(0.85566446 0.03333004 -3.6992869e-22)
(0.85360118 0.026768049 0)
(0.85384243 0.02694374 -3.8066423e-22)
(0.85413008 0.027168133 0)
(0.85440292 0.027455215 -1.7953099e-22)
(0.8546784 0.027788209 -1.1012915e-23)
(0.85499377 0.028157932 0)
(0.85527318 0.02860721 -1.8069902e-22)
(0.85553622 0.029075652 -1.2600491e-21)
(0.85583821 0.029589634 1.2556594e-21)
(0.85610923 0.030144079 -1.9061079e-22)
(0.85638453 0.030734716 -1.9028095e-22)
(0.85660276 0.031372343 0)
(0.85672057 0.032039315 1.8144543e-22)
(0.85676673 0.032721418 -1.8876603e-22)
)
;

boundaryField
{
    Side
    {
        type            empty;
    }
    Inlet
    {
        type            inletOutlet;
        inletValue      uniform (0.85671779 0.043699275 0);
        value           nonuniform List<vector> 
42
(
(0.85671779 0.043699275 0)
(0.85671779 0.043699275 0)
(0.85671779 0.043699275 1.1823856e-24)
(0.85671779 0.043699275 0)
(0.85671779 0.043699275 0)
(0.85671779 0.043699275 1.1801939e-24)
(0.85671779 0.043699275 0)
(0.85671779 0.043699275 0)
(0.85671779 0.043699275 0)
(0.85671779 0.043699275 1.1772844e-24)
(0.85671779 0.043699275 -1.1765592e-24)
(0.85671779 0.043699275 0)
(0.85671779 0.043699275 0)
(0.85671779 0.043699275 -1.1725393e-24)
(0.85671779 0.043699275 -1.1718188e-24)
(0.85671779 0.043699275 -1.1710993e-24)
(0.85671779 0.043699275 0)
(0.85671779 0.043699275 -1.1696628e-24)
(0.85671779 0.043699275 0)
(0.85671779 0.043699275 0)
(0.85671779 0.043699275 0)
(0.85671779 0.043699275 0)
(0.85671779 0.043699275 0)
(0.85671779 0.043699275 0)
(0.85671779 0.043699275 0)
(0.85671779 0.043699275 0)
(0.85671779 0.043699275 0)
(0.85671779 0.043699275 0)
(0.85671779 0.043699275 0)
(0.85671779 0.043699275 0)
(0.85671779 0.043699275 0)
(0.85671779 0.043699275 0)
(0.85671779 0.043699275 0)
(0.85671779 0.043699275 0)
(0.85671779 0.043699275 0)
(0.85671779 0.043699275 0)
(0.85671779 0.043699275 0)
(0.85671779 0.043699275 0)
(0.85671779 0.043699275 0)
(0.85671779 0.043699275 0)
(0.85671779 0.043699275 0)
(0.85671779 0.043699275 0)
)
;
    }
    Airfoil
    {
        type            noSlip;
    }
    Outlet
    {
        type            zeroGradient;
    }
    Flap
    {
        type            noSlip;
    }
    procBoundary1to0
    {
        type            processor;
        value           nonuniform List<vector> 
58
(
(0.85671779 0.043699275 -1.1845853e-24)
(0.85671779 0.043699275 1.1845842e-24)
(0.85671779 0.043699275 0)
(0.85671779 0.043699275 0)
(0.85671779 0.043699275 0)
(0.85671779 0.043699275 0)
(0.85671779 0.043699275 0)
(0.85671779 0.043699275 9.4707445e-24)
(0.85671779 0.043699275 9.4707445e-24)
(0.85671779 0.043699275 9.4095409e-36)
(0.85671779 0.043699275 -9.470726e-24)
(0.85671779 0.043699275 0)
(0.85671779 0.043699275 0)
(0.85671779 0.043699275 0)
(0.85671779 0.043699275 0)
(0.85671779 0.043699275 0)
(0.85671779 0.043699275 0)
(0.85671779 0.043699275 -3.7800989e-23)
(0.85671779 0.043699275 3.7801063e-23)
(0.85671779 0.043699275 0)
(0.85671779 0.043699275 -1.8900605e-23)
(0.85671779 0.043699275 1.8900642e-23)
(0.85671779 0.043699275 0)
(0.85671779 0.043699275 0)
(0.85671779 0.043699275 0)
(0.85671779 0.043699275 0)
(0.85671779 0.043699275 0)
(0.85671779 0.043699275 0)
(0.85671779 0.043699275 0)
(0.85671779 0.043699275 1.4260594e-22)
(0.85671779 0.043699275 0)
(0.85671779 0.043699275 2.8949466e-35)
(0.85671779 0.043699275 2.980459e-22)
(0.85671779 0.043699275 -4.5387672e-22)
(0.85671779 0.043699275 7.6815857e-22)
(0.85671779 0.043699275 -5.8556604e-36)
(0.85671779 0.043699275 -3.1706929e-22)
(0.85671779 0.043699274 4.8331609e-22)
(0.85671779 0.043699217 0)
(0.85671812 0.043691282 -1.3885373e-26)
(0.8567188 0.04364801 1.7221508e-22)
(0.8567188 0.04364801 1.7221508e-22)
(0.85681094 0.040833307 -8.8617588e-23)
(0.85768109 0.041002085 6.6357614e-23)
(0.85671779 0.043699275 -7.2225542e-23)
(0.85671779 0.043699275 0)
(0.85671779 0.043699275 -7.4012198e-23)
(0.85671779 0.043699275 -7.493909e-23)
(0.85671779 0.043699275 2.2766847e-22)
(0.85671779 0.043699275 -1.5372862e-22)
(0.85671779 0.043699275 0)
(0.85671779 0.043699275 2.3667317e-22)
(0.85671779 0.043699274 -3.2367842e-33)
(0.85671779 0.043699214 -4.0513765e-23)
(0.85671782 0.043696793 1.0267535e-22)
(0.85671979 0.043640378 1.0410376e-22)
(0.85676987 0.041814672 1.6885513e-22)
(0.85732342 0.041727727 -1.7014692e-22)
)
;
    }
    procBoundary1to2
    {
        type            processor;
        value           nonuniform List<vector> 
73
(
(0.85671779 0.043699275 -1.1689459e-24)
(0.85671779 0.043699275 3.5068309e-24)
(0.85671779 0.043699275 -2.3378827e-24)
(0.85671779 0.043699275 -4.6757564e-24)
(0.85671779 0.043699275 1.4027242e-23)
(0.85671779 0.043699275 -9.3514767e-24)
(0.85671779 0.043699275 -9.3514587e-24)
(0.85671779 0.043699275 1.8702881e-23)
(0.85671779 0.043699275 -9.3514226e-24)
(0.85671779 0.043699275 1.8702809e-23)
(0.85671779 0.043699275 -1.8702773e-23)
(0.85671779 0.043699275 0)
(0.85671779 0.043699275 1.8702701e-23)
(0.85671779 0.043699275 -1.8702665e-23)
(0.8533717 0.027387765 1.634175e-21)
(0.85339334 0.026630001 -1.8066626e-21)
(0.85671779 0.043699275 -1.3409231e-21)
(0.85671779 0.043699275 1.3140228e-21)
(0.85671779 0.043699275 -1.3409231e-21)
(0.85671779 0.043699275 1.3689477e-21)
(0.85671779 0.043699275 0)
(0.85671779 0.043699275 0)
(0.85671779 0.043699275 0)
(0.85671779 0.043699275 0)
(0.85671779 0.043699275 -9.0787956e-34)
(0.85671779 0.043699275 1.4938289e-21)
(0.85671779 0.043699275 1.4938289e-21)
(0.85671779 0.043699275 0)
(0.85671779 0.043699275 0)
(0.85671779 0.043699275 0)
(0.85671779 0.043699275 0)
(0.85671779 0.043699275 0)
(0.85671779 0.043699275 0)
(0.85671779 0.043699275 0)
(0.85671779 0.043699275 3.3721889e-21)
(0.85671779 0.043699275 3.3721889e-21)
(0.85671779 0.043699275 0)
(0.85671779 0.043699275 0)
(0.85671779 0.043699275 -3.5552206e-21)
(0.85671779 0.043699275 -3.5552206e-21)
(0.84781885 0.060804741 -4.7053243e-23)
(0.8513129 0.06064885 1.4822346e-22)
(0.85635093 0.045088447 -3.9697618e-22)
(0.85669759 0.043770313 2.0051474e-22)
(0.85671674 0.043703484 -1.0113657e-22)
(0.85671777 0.04369937 0)
(0.85671779 0.043699277 -5.1413742e-23)
(0.85671779 0.043699275 -1.036921e-22)
(0.85671779 0.043699275 1.0457138e-22)
(0.85671779 0.043699275 0)
(0.85671779 0.043699275 0)
(0.85671779 0.043699275 -2.6825205e-23)
(0.85671779 0.043699275 -2.7059081e-23)
(0.85671779 0.043699275 0)
(0.85671779 0.043699275 -9.0236873e-22)
(0.85671779 0.043699275 -9.0236873e-22)
(0.85671779 0.043699275 0)
(0.85671779 0.043699275 1.2404661e-21)
(0.85671779 0.043699275 1.2404661e-21)
(0.85671779 0.043699275 1.574414e-21)
(0.85671779 0.043699275 -1.5992155e-21)
(0.85671779 0.043699275 -1.5992155e-21)
(0.85671779 0.043699275 1.2989887e-21)
(0.85671779 0.043699275 0)
(0.85671779 0.043699275 0)
(0.85671779 0.043699273 -6.7011784e-22)
(0.85671778 0.0436992 6.8126007e-22)
(0.85671778 0.0436992 6.8126007e-22)
(0.8567171 0.04369571 2.7669656e-21)
(0.85670737 0.043644523 0)
(0.85670737 0.043644523 0)
(0.85644806 0.042331195 0)
(0.85644806 0.042331195 0)
)
;
    }
}


// ************************************************************************* //
